0 0.834473 0.648889 0.110352 0.220000
0 0.569824 0.735556 0.139648 0.331111
0 0.230957 0.714444 0.121094 0.206667
0 0.142334 0.730556 0.050293 0.192222
0 0.714355 0.655556 0.151367 0.351111
0 0.087891 0.638889 0.055664 0.171111
0 0.160645 0.565556 0.070312 0.164444
0 0.279541 0.513889 0.074707 0.207778
0 0.880615 0.402778 0.108887 0.283333
0 0.547363 0.452778 0.103516 0.265556
0 0.199463 0.457222 0.083496 0.176667
0 0.654297 0.422778 0.136719 0.314444
0 0.783447 0.338889 0.120605 0.262222
0 0.088867 0.436111 0.086914 0.218889
0 0.297119 0.316111 0.080566 0.158889
0 0.155518 0.309444 0.089355 0.158889
0 0.229492 0.301667 0.060547 0.181111
0 0.716797 0.157778 0.115234 0.200000
0 0.834961 0.141111 0.107422 0.215556
0 0.588867 0.203333 0.123047 0.255556
