0 0.827393 0.714444 0.103027 0.200000
0 0.560303 0.747778 0.128418 0.306667
0 0.223633 0.660000 0.114258 0.184444
0 0.134521 0.658889 0.043457 0.184444
0 0.707520 0.696667 0.139648 0.324444
0 0.083984 0.556667 0.049805 0.162222
0 0.159424 0.497222 0.064941 0.152222
0 0.279785 0.470000 0.067383 0.195556
0 0.882568 0.477778 0.099121 0.264444
0 0.549072 0.461667 0.094238 0.247778
0 0.201904 0.397778 0.077637 0.162222
0 0.656738 0.453333 0.125977 0.291111
0 0.788330 0.395000 0.111816 0.241111
0 0.092529 0.355000 0.079590 0.203333
0 0.304688 0.276667 0.075195 0.144444
0 0.163818 0.241111 0.084473 0.142222
0 0.238037 0.248889 0.054199 0.171111
0 0.728760 0.201667 0.108887 0.178889
0 0.847412 0.208333 0.100098 0.196667
0 0.599854 0.222222 0.114746 0.233333
