0 0.857727 0.817507 0.144545 0.139466
0 0.140455 0.822700 0.179091 0.197329
0 0.508182 0.615727 0.125455 0.172107
0 0.672727 0.183234 0.158182 0.158754
0 0.333636 0.568249 0.181818 0.207715
0 0.670000 0.363501 0.123636 0.145401
0 0.150000 0.210682 0.114545 0.192878
0 0.150909 0.430267 0.141818 0.181009
0 0.507727 0.417656 0.126364 0.185460
0 0.344091 0.196588 0.137273 0.209199
0 0.839091 0.150593 0.134545 0.129080
0 0.510455 0.817507 0.177273 0.192878
0 0.845909 0.354599 0.160909 0.189911
0 0.334545 0.812315 0.169091 0.221068
0 0.687727 0.795252 0.128182 0.222552
0 0.859091 0.597923 0.134545 0.216617
0 0.150455 0.626113 0.110000 0.175074
0 0.677273 0.583828 0.161818 0.206231
0 0.338182 0.394659 0.134545 0.115727
0 0.518636 0.204006 0.111818 0.235905
