0 0.322273 0.022255 0.122727 0.044510
0 0.428636 0.505935 0.113636 0.216617
0 0.681364 0.803412 0.108182 0.268546
0 0.470000 0.224777 0.140000 0.310089
0 0.571364 0.787092 0.097273 0.212166
0 0.550000 0.518546 0.121818 0.218101
0 0.696818 0.267062 0.137273 0.237389
0 0.693182 0.980712 0.080909 0.038576
0 0.305000 0.495549 0.130000 0.302671
0 0.568636 0.967359 0.119091 0.065282
0 0.320909 0.209199 0.147273 0.290801
0 0.306818 0.785608 0.144545 0.224036
0 0.436818 0.782641 0.137273 0.277448
0 0.575455 0.244065 0.080000 0.227003
0 0.679545 0.551929 0.151818 0.198813
