0 0.727273 0.934718 0.123636 0.080119
0 0.570000 0.475519 0.118182 0.221068
0 0.289545 0.253709 0.113636 0.272997
0 0.559091 0.762611 0.145455 0.317507
0 0.399091 0.238131 0.101818 0.215134
0 0.449545 0.496291 0.126364 0.224036
0 0.331818 0.785608 0.141818 0.244807
0 0.257273 0.067507 0.081818 0.069733
0 0.692727 0.449555 0.136364 0.308605
0 0.381818 0.051929 0.120000 0.086053
0 0.708182 0.736647 0.152727 0.298220
0 0.660909 0.164688 0.149091 0.231454
0 0.533182 0.203264 0.142727 0.284866
0 0.453182 0.773739 0.084545 0.229970
0 0.317727 0.500742 0.155455 0.206231
