0 0.785909 0.932388 0.071818 0.045802
0 0.843636 0.899673 0.058182 0.056707
0 0.706818 0.890949 0.044545 0.067612
0 0.759091 0.882770 0.056364 0.057797
0 0.888636 0.867503 0.073636 0.053435
0 0.799545 0.851690 0.070000 0.043621
0 0.716364 0.821156 0.043636 0.063250
0 0.760000 0.805344 0.038182 0.051254
0 0.841818 0.811341 0.038182 0.067612
0 0.802727 0.787895 0.032727 0.062159
0 0.541818 0.850055 0.085455 0.234460
0 0.144545 0.763359 0.069091 0.080698
0 0.206818 0.757906 0.075455 0.085060
0 0.067727 0.761723 0.071818 0.094875
0 0.426818 0.848964 0.102727 0.273719
0 0.303182 0.841330 0.093636 0.262814
0 0.737273 0.697928 0.149091 0.089422
0 0.147727 0.676663 0.068182 0.070883
0 0.085455 0.679935 0.067273 0.079607
0 0.611364 0.726281 0.064545 0.213740
0 0.406364 0.654308 0.196364 0.098146
0 0.845909 0.599237 0.071818 0.147219
0 0.662273 0.573610 0.055455 0.163577
0 0.751364 0.560523 0.060909 0.170120
0 0.862273 0.484733 0.131818 0.064340
0 0.290455 0.510360 0.515455 0.196292
0 0.277273 0.294984 0.441818 0.182116
0 0.710455 0.290076 0.077273 0.259542
0 0.835000 0.304798 0.088182 0.293348
0 0.949545 0.308615 0.079091 0.316249
0 0.597727 0.260632 0.099091 0.316249
0 0.799091 0.090513 0.218182 0.139586
0 0.288182 0.100327 0.529091 0.170120
