0 0.596970 0.954545 0.083636 0.027879
0 0.687879 0.950909 0.081212 0.027879
0 0.902424 0.922424 0.059394 0.026667
0 0.575152 0.921818 0.081212 0.027879
0 0.662424 0.916970 0.081212 0.027879
0 0.844848 0.913939 0.050909 0.024242
0 0.917576 0.892727 0.050909 0.027879
0 0.603030 0.889091 0.081212 0.025455
0 0.861212 0.889697 0.052121 0.029091
0 0.690303 0.885455 0.083636 0.027879
0 0.906667 0.865455 0.063030 0.021818
0 0.838788 0.863030 0.058182 0.024242
0 0.299394 0.896364 0.341818 0.110303
0 0.575152 0.855758 0.086061 0.036364
0 0.663636 0.852727 0.083636 0.037576
0 0.923030 0.838788 0.056970 0.026667
0 0.859394 0.839394 0.060606 0.027879
0 0.692727 0.821818 0.081212 0.036364
0 0.597576 0.815758 0.082424 0.036364
0 0.907879 0.810303 0.055758 0.030303
0 0.849091 0.810303 0.059394 0.030303
0 0.693939 0.753333 0.098182 0.042424
0 0.795758 0.748485 0.098182 0.042424
0 0.216970 0.769091 0.370909 0.112727
0 0.820000 0.706667 0.100606 0.033939
0 0.708485 0.710909 0.100606 0.042424
0 0.696970 0.670909 0.092121 0.037576
0 0.801818 0.664242 0.103030 0.041212
0 0.703636 0.628485 0.103030 0.042424
0 0.816364 0.623636 0.105455 0.040000
0 0.377576 0.634545 0.369697 0.110303
0 0.686667 0.588485 0.093333 0.035152
0 0.793939 0.586667 0.104242 0.033939
0 0.882424 0.527879 0.118788 0.047273
0 0.210909 0.538788 0.351515 0.088485
0 0.668485 0.512121 0.168485 0.052121
0 0.866667 0.483636 0.113939 0.041212
0 0.616970 0.460606 0.179394 0.053333
0 0.892727 0.439394 0.122424 0.042424
0 0.663030 0.421818 0.167273 0.041212
0 0.870303 0.398182 0.121212 0.049697
0 0.300606 0.414545 0.404848 0.140606
0 0.619394 0.370909 0.184242 0.065455
0 0.889697 0.353333 0.128485 0.037576
0 0.653333 0.320606 0.172121 0.049697
0 0.832121 0.286667 0.219394 0.059394
0 0.763030 0.220000 0.212121 0.061818
0 0.247879 0.250303 0.415758 0.129697
0 0.827879 0.164848 0.237576 0.058182
0 0.767273 0.106667 0.227879 0.060606
0 0.827273 0.046667 0.253333 0.061818
0 0.318182 0.104242 0.590303 0.179394
