0 0.464000 0.832000 0.224000 0.181333
0 0.338667 0.645333 0.202667 0.173333
0 0.614000 0.693333 0.201333 0.192000
0 0.836000 0.642667 0.181333 0.189333
0 0.156667 0.526667 0.209333 0.197333
0 0.775333 0.430667 0.198667 0.202667
0 0.296000 0.348667 0.184000 0.188000
0 0.554667 0.238667 0.192000 0.194667
0 0.348667 0.144667 0.217333 0.196000
0 0.787333 0.197333 0.204000 0.186667
0 0.464000 0.832000 0.224000 0.181333
0 0.338667 0.645333 0.202667 0.173333
0 0.614000 0.693333 0.201333 0.192000
0 0.836000 0.642667 0.181333 0.189333
0 0.156667 0.526667 0.209333 0.197333
0 0.775333 0.430667 0.198667 0.202667
0 0.296000 0.348667 0.184000 0.188000
0 0.554667 0.238667 0.192000 0.194667
0 0.348667 0.144667 0.217333 0.196000
0 0.787333 0.197333 0.204000 0.186667
