0 0.095152 0.705455 0.095758 0.140606
0 0.157576 0.855152 0.060606 0.103030
0 0.177576 0.947273 0.066667 0.088485
0 0.105455 0.593333 0.116364 0.083636
0 0.211515 0.850909 0.069091 0.092121
0 0.233939 0.936970 0.058182 0.082424
0 0.180606 0.671515 0.118788 0.101818
0 0.266667 0.838182 0.060606 0.090909
0 0.286667 0.927879 0.061818 0.086061
0 0.227273 0.584848 0.127273 0.093333
0 0.279394 0.683636 0.093333 0.135758
0 0.321212 0.826667 0.060606 0.099394
0 0.343636 0.916970 0.066667 0.090909
0 0.373939 0.825455 0.061818 0.089697
0 0.391515 0.910909 0.055758 0.086061
0 0.186667 0.295152 0.373333 0.490909
0 0.395152 0.664242 0.150303 0.162424
0 0.550303 0.856970 0.036364 0.055758
0 0.560000 0.912727 0.041212 0.060606
0 0.503636 0.658182 0.112727 0.162424
0 0.490303 0.767273 0.187879 0.164848
0 0.585455 0.852727 0.038788 0.056970
0 0.597576 0.905455 0.036364 0.053333
0 0.618788 0.850303 0.037576 0.052121
0 0.498182 0.529091 0.184242 0.122424
0 0.630909 0.902424 0.037576 0.052121
0 0.649697 0.844242 0.036364 0.056970
0 0.664242 0.901212 0.036364 0.059394
0 0.611515 0.671515 0.134545 0.198788
0 0.683030 0.840606 0.040000 0.052121
0 0.694545 0.894545 0.036364 0.053333
0 0.528485 0.238182 0.383030 0.473939
0 0.780606 0.662424 0.240000 0.275152
0 0.855758 0.853333 0.288485 0.181818
0 0.829091 0.460000 0.273939 0.163636
0 0.797576 0.180000 0.293333 0.360000
0 0.897576 0.653939 0.204848 0.263030
