0 0.135233 0.299856 0.091800 0.118444
0 0.224927 0.189957 0.105853 0.103256
0 0.374047 0.119395 0.097427 0.086052
0 0.574840 0.102262 0.093680 0.092133
0 0.482660 0.194986 0.103987 0.093141
0 0.628533 0.218314 0.107733 0.085043
0 0.773393 0.235720 0.106787 0.108329
0 0.865433 0.371671 0.090867 0.109337
0 0.749900 0.364582 0.091800 0.095159
0 0.625973 0.343631 0.094613 0.102248
0 0.494513 0.321354 0.098360 0.095159
0 0.345580 0.265122 0.096493 0.074914
0 0.370513 0.381643 0.098360 0.086052
0 0.250693 0.372219 0.088053 0.093141
0 0.099487 0.445980 0.084307 0.085043
0 0.208280 0.506225 0.080560 0.093141
0 0.342300 0.504863 0.089933 0.096182
0 0.466333 0.608177 0.108667 0.098199
0 0.599453 0.583372 0.100240 0.086052
0 0.679200 0.473898 0.107733 0.106297
0 0.810873 0.511052 0.112413 0.094150
0 0.868927 0.640267 0.105853 0.113386
0 0.725867 0.656311 0.107733 0.102248
0 0.564853 0.721153 0.103040 0.102248
0 0.711200 0.806945 0.107733 0.095159
0 0.513540 0.857104 0.112413 0.103256
0 0.410480 0.749777 0.114293 0.113386
0 0.303340 0.647824 0.113347 0.108329
0 0.146513 0.661686 0.098360 0.124524
0 0.254480 0.819841 0.114293 0.092133
