0 0.528000 0.877372 0.104000 0.090511
0 0.318000 0.852555 0.092000 0.096350
0 0.716000 0.830657 0.104000 0.090511
0 0.521333 0.745985 0.106667 0.093431
0 0.336000 0.714599 0.128000 0.097810
0 0.850667 0.677372 0.090667 0.108029
0 0.692667 0.665693 0.089333 0.113869
0 0.159333 0.656934 0.108000 0.122628
0 0.448000 0.629927 0.106667 0.094891
0 0.572667 0.617518 0.097333 0.102190
0 0.261333 0.597080 0.106667 0.102190
0 0.353333 0.537226 0.090667 0.096350
0 0.652000 0.516788 0.085333 0.122628
0 0.760000 0.495620 0.082667 0.103650
0 0.866000 0.438686 0.100000 0.109489
0 0.268667 0.432117 0.100000 0.116788
0 0.126000 0.408759 0.086667 0.108029
0 0.427333 0.400730 0.108000 0.100730
0 0.553333 0.387591 0.101333 0.109489
0 0.676667 0.349635 0.110667 0.100730
0 0.352667 0.300000 0.129333 0.109489
0 0.532000 0.263504 0.093333 0.097810
0 0.240667 0.235036 0.097333 0.102190
0 0.718667 0.198540 0.120000 0.125547
0 0.476000 0.135036 0.082667 0.089051
