0 0.822998 0.061158 0.178223 0.061158
0 0.682373 0.046194 0.096191 0.059857
0 0.408936 0.030254 0.019043 0.020169
0 0.333252 0.024073 0.021973 0.022121
0 0.303711 0.009434 0.086914 0.018868
0 0.206299 0.039688 0.020996 0.028627
0 0.402588 0.098243 0.104004 0.119714
0 0.565186 0.283669 0.281738 0.350033
0 0.763916 0.527326 0.198730 0.228367
0 0.649902 0.576122 0.042969 0.064411
0 0.825928 0.782368 0.063965 0.086532
0 0.597656 0.669486 0.133789 0.178269
0 0.695312 0.831165 0.041992 0.051399
0 0.510986 0.666233 0.083496 0.078074
0 0.419678 0.562785 0.055176 0.096291
0 0.426025 0.651919 0.036621 0.048146
0 0.319824 0.409889 0.046875 0.057254
0 0.374023 0.363370 0.056641 0.085231
0 0.294434 0.266753 0.153320 0.124919
0 0.158447 0.661679 0.024902 0.037736
0 0.250977 0.769031 0.022461 0.045543
0 0.335449 0.670137 0.041016 0.053351
0 0.312744 0.593364 0.032715 0.053351
0 0.327637 0.720560 0.041016 0.056604
0 0.363525 0.838647 0.054199 0.027326
0 0.417725 0.851008 0.027832 0.019519
0 0.511230 0.773260 0.099609 0.100846
0 0.530273 0.848731 0.039062 0.056604
0 0.534180 0.892648 0.062500 0.049447
0 0.591064 0.933962 0.059082 0.060507
0 0.575195 0.986662 0.026367 0.026675
0 0.793457 0.948926 0.030273 0.026675
0 0.350830 0.973325 0.032715 0.022121
0 0.267578 0.908588 0.029297 0.038386
0 0.158203 0.947951 0.033203 0.018217
0 0.110596 0.732596 0.013184 0.022121
