0 0.203906 0.221094 0.092188 0.110937
0 0.912500 0.655469 0.050000 0.045312
0 0.238281 0.565625 0.029687 0.025000
0 0.870313 0.478906 0.059375 0.070312
0 0.621094 0.475000 0.023438 0.021875
0 0.879687 0.440625 0.059375 0.056250
0 0.639844 0.619531 0.057813 0.064062
0 0.604688 0.503906 0.050000 0.045312
0 0.750000 0.891406 0.031250 0.035937
0 0.598437 0.596094 0.021875 0.020313
0 0.449219 0.746875 0.164062 0.134375
0 0.050781 0.568750 0.060937 0.068750
0 0.782813 0.834375 0.071875 0.062500
0 0.403906 0.900781 0.045312 0.035937
0 0.408594 0.846094 0.064062 0.048438
0 0.392188 0.967969 0.053125 0.045312
0 0.308594 0.590625 0.045312 0.046875
0 0.486719 0.614062 0.157812 0.146875
0 0.880469 0.181250 0.201563 0.234375
0 0.207031 0.833594 0.145313 0.120313
0 0.889062 0.030469 0.043750 0.039062
0 0.756250 0.939844 0.034375 0.039062
0 0.261719 0.613281 0.060937 0.045312
0 0.714844 0.722656 0.095312 0.139063
0 0.109375 0.399219 0.059375 0.064062
0 0.494531 0.488281 0.132812 0.123438
0 0.954688 0.287500 0.062500 0.059375
0 0.972656 0.795312 0.054688 0.050000
0 0.291406 0.517188 0.126562 0.106250
0 0.695312 0.250000 0.021875 0.025000
0 0.003906 0.337500 0.007812 0.028125
0 0.063281 0.424219 0.020313 0.029687
0 0.743750 0.635156 0.090625 0.151562
0 0.564063 0.726562 0.056250 0.059375
0 0.818750 0.694531 0.018750 0.017188
0 0.032813 0.774219 0.025000 0.064062
0 0.040625 0.508594 0.065625 0.067187
0 0.913281 0.850781 0.048438 0.042188
0 0.474219 0.865625 0.123438 0.137500
0 0.069531 0.767969 0.076563 0.092188
0 0.780469 0.720313 0.042188 0.037500
0 0.726562 0.835156 0.059375 0.060937
0 0.158594 0.492969 0.060937 0.107813
0 0.166406 0.710938 0.132812 0.143750
0 0.977344 0.700781 0.045312 0.064062
0 0.600781 0.860156 0.060937 0.048438
0 0.491406 0.354687 0.064062 0.053125
0 0.142969 0.678906 0.035937 0.023438
0 0.550000 0.917969 0.040625 0.039062
0 0.678125 0.771875 0.046875 0.059375
0 0.112500 0.985156 0.059375 0.029687
0 0.640625 0.825000 0.056250 0.050000
0 0.699219 0.973437 0.064062 0.028125
0 0.900000 0.324219 0.046875 0.032813
0 0.122656 0.242188 0.098437 0.109375
0 0.291406 0.663281 0.051562 0.067187
0 0.126562 0.853906 0.081250 0.114062
0 0.061719 0.939063 0.051562 0.065625
0 0.397656 0.417969 0.032813 0.023438
0 0.890625 0.721094 0.050000 0.039062
0 0.796875 0.771094 0.034375 0.032813
0 0.057031 0.991406 0.032813 0.017188
0 0.010937 0.232031 0.021875 0.029687
0 0.923438 0.477344 0.056250 0.048438
0 0.634375 0.692187 0.078125 0.084375
0 0.400781 0.147656 0.092188 0.092188
0 0.319531 0.707031 0.042188 0.064062
0 0.235156 0.764844 0.085938 0.079687
0 0.382812 0.591406 0.159375 0.182812
0 0.188281 0.556250 0.032813 0.028125
0 0.193750 0.401562 0.081250 0.106250
0 0.330469 0.162500 0.035937 0.031250
0 0.650781 0.933594 0.051562 0.048438
0 0.944531 0.363281 0.057813 0.051562
0 0.698438 0.403125 0.100000 0.096875
0 0.270313 0.987500 0.056250 0.025000
0 0.476562 0.231250 0.031250 0.025000
0 0.954688 0.878125 0.050000 0.040625
0 0.832031 0.779687 0.076563 0.065625
0 0.334375 0.887500 0.112500 0.112500
0 0.371094 0.291406 0.179688 0.192188
0 0.980469 0.459375 0.039062 0.084375
0 0.054688 0.684375 0.081250 0.084375
0 0.171094 0.597656 0.067187 0.089063
0 0.616406 0.564063 0.023438 0.021875
0 0.283594 0.425781 0.079687 0.073438
0 0.950781 0.012500 0.017188 0.025000
0 0.217969 0.465625 0.029687 0.025000
0 0.537500 0.314844 0.050000 0.039062
0 0.871094 0.614844 0.048438 0.051562
0 0.209375 0.923438 0.143750 0.109375
0 0.203125 0.513281 0.037500 0.032813
0 0.791406 0.631250 0.042188 0.037500
