0 0.957812 0.702344 0.053125 0.051562
0 0.457031 0.527344 0.042188 0.045312
0 0.144531 0.571094 0.020313 0.020313
0 0.992188 0.221094 0.015625 0.048438
0 0.118750 0.096094 0.021875 0.023438
0 0.882031 0.452344 0.057813 0.057813
0 0.385156 0.696875 0.042188 0.040625
0 0.209375 0.301563 0.018750 0.012500
0 0.697656 0.551562 0.060937 0.046875
0 0.747656 0.467187 0.064062 0.084375
0 0.151562 0.197656 0.021875 0.020313
0 0.582031 0.742188 0.051562 0.034375
0 0.650000 0.128906 0.053125 0.039062
0 0.390625 0.139844 0.037500 0.067187
0 0.696094 0.451562 0.039062 0.062500
0 0.237500 0.125781 0.034375 0.035937
0 0.835156 0.689844 0.042188 0.042188
0 0.173437 0.311719 0.012500 0.017188
0 0.531250 0.784375 0.100000 0.065625
0 0.480469 0.119531 0.029687 0.032813
0 0.995313 0.373437 0.009375 0.068750
0 0.268750 0.446094 0.040625 0.070312
0 0.864062 0.675000 0.034375 0.031250
0 0.297656 0.805469 0.026562 0.029687
0 0.467969 0.243750 0.029687 0.040625
0 0.939063 0.342187 0.053125 0.065625
0 0.537500 0.417969 0.046875 0.042188
0 0.271094 0.821875 0.017188 0.018750
0 0.205469 0.828125 0.020313 0.025000
0 0.080469 0.378906 0.023438 0.014063
0 0.382031 0.746094 0.026562 0.020313
0 0.632812 0.192188 0.025000 0.040625
0 0.547656 0.544531 0.017188 0.020313
0 0.082812 0.585938 0.015625 0.015625
0 0.486719 0.736719 0.045312 0.039062
0 0.439844 0.123438 0.054688 0.065625
0 0.577344 0.352344 0.042188 0.051562
0 0.065625 0.592187 0.015625 0.015625
0 0.505469 0.675781 0.020313 0.020313
0 0.939063 0.736719 0.040625 0.042188
1 0.078125 0.691406 0.075000 0.085938
0 0.663281 0.675781 0.048438 0.048438
0 0.388281 0.203125 0.082812 0.065625
0 0.774219 0.819531 0.045312 0.035937
0 0.818750 0.819531 0.037500 0.023438
0 0.816406 0.422656 0.070312 0.160938
0 0.517188 0.343750 0.046875 0.059375
0 0.250781 0.810156 0.023438 0.023438
0 0.941406 0.487500 0.117188 0.150000
0 0.690625 0.725781 0.043750 0.060937
0 0.471875 0.335156 0.059375 0.079687
0 0.196875 0.709375 0.040625 0.034375
0 0.765625 0.391406 0.075000 0.079687
0 0.722656 0.642188 0.095312 0.046875
0 0.543750 0.617188 0.075000 0.065625
0 0.121875 0.132812 0.037500 0.043750
0 0.966406 0.210156 0.054688 0.085938
0 0.410938 0.562500 0.040625 0.046875
0 0.539062 0.369531 0.025000 0.035937
0 0.605469 0.123438 0.048438 0.031250
0 0.650000 0.414844 0.053125 0.064062
1 0.082031 0.641406 0.060937 0.051562
0 0.356250 0.694531 0.025000 0.032813
0 0.129688 0.525000 0.046875 0.050000
0 0.380469 0.525000 0.014063 0.025000
0 0.967969 0.393750 0.035937 0.040625
0 0.353125 0.540625 0.018750 0.040625
0 0.411719 0.722656 0.023438 0.020313
0 0.046875 0.849219 0.015625 0.020313
0 0.328906 0.249219 0.045312 0.060937
0 0.906250 0.667969 0.056250 0.045312
0 0.069531 0.489844 0.020313 0.017188
0 0.806250 0.860938 0.075000 0.053125
0 0.860156 0.525781 0.042188 0.042188
0 0.393750 0.505469 0.043750 0.045312
0 0.587500 0.171094 0.031250 0.039062
0 0.349219 0.582031 0.026562 0.042188
0 0.242969 0.371094 0.017188 0.023438
0 0.246094 0.787500 0.023438 0.025000
0 0.528906 0.707812 0.042188 0.028125
0 0.256250 0.550781 0.056250 0.064062
0 0.360938 0.867969 0.031250 0.035937
0 0.731250 0.820312 0.040625 0.031250
0 0.198437 0.117969 0.021875 0.023438
0 0.374219 0.712500 0.023438 0.021875
0 0.776563 0.531250 0.034375 0.050000
0 0.104688 0.584375 0.021875 0.015625
0 0.191406 0.813281 0.023438 0.014063
0 0.657031 0.298438 0.148438 0.200000
0 0.464062 0.295312 0.021875 0.025000
0 0.084375 0.829688 0.018750 0.025000
0 0.333594 0.473438 0.067187 0.075000
0 0.928125 0.575781 0.071875 0.045312
0 0.425781 0.432031 0.039062 0.054688
0 0.827344 0.300000 0.167187 0.137500
0 0.065625 0.792969 0.037500 0.048438
0 0.542188 0.218750 0.071875 0.071875
0 0.357812 0.760938 0.018750 0.025000
0 0.631250 0.775000 0.040625 0.034375
0 0.324219 0.377344 0.020313 0.023438
0 0.285938 0.514844 0.015625 0.017188
0 0.069531 0.339062 0.020313 0.012500
0 0.612500 0.210938 0.034375 0.037500
0 0.472656 0.853906 0.042188 0.064062
0 0.103125 0.813281 0.034375 0.042188
0 0.107031 0.472656 0.023438 0.017188
0 0.095312 0.428906 0.012500 0.017188
0 0.253906 0.578906 0.020313 0.023438
0 0.376563 0.804688 0.046875 0.050000
0 0.310937 0.503125 0.028125 0.037500
0 0.091406 0.489063 0.023438 0.015625
0 0.439844 0.858594 0.023438 0.029687
0 0.664844 0.638281 0.039062 0.026562
0 0.891406 0.153125 0.057813 0.040625
0 0.155469 0.843750 0.029687 0.056250
0 0.551562 0.269531 0.021875 0.042188
0 0.906250 0.376563 0.065625 0.071875
0 0.820312 0.182812 0.137500 0.115625
0 0.048438 0.146875 0.009375 0.012500
0 0.169531 0.528125 0.039062 0.046875
0 0.200781 0.532031 0.039062 0.051562
0 0.495312 0.403906 0.028125 0.048438
0 0.639844 0.821094 0.110937 0.051562
0 0.091406 0.550781 0.073438 0.048438
0 0.079687 0.617969 0.018750 0.014063
0 0.099219 0.614062 0.017188 0.015625
0 0.119531 0.599219 0.017188 0.017188
0 0.153906 0.616406 0.017188 0.014063
0 0.171875 0.641406 0.012500 0.014063
0 0.183594 0.606250 0.017188 0.012500
0 0.192969 0.615625 0.014063 0.012500
0 0.205469 0.641406 0.020313 0.014063
0 0.069531 0.806250 0.010937 0.012500
0 0.119531 0.485938 0.014063 0.012500
0 0.119531 0.496094 0.014063 0.010937
0 0.146094 0.490625 0.023438 0.009375
0 0.142187 0.504687 0.018750 0.015625
0 0.170313 0.500000 0.012500 0.009375
0 0.083594 0.526563 0.014063 0.012500
0 0.192188 0.552344 0.053125 0.039062
1 0.156250 0.593750 0.062500 0.034375
0 0.180469 0.620313 0.010937 0.009375
1 0.215625 0.593750 0.071875 0.031250
0 0.221875 0.612500 0.021875 0.012500
0 0.209375 0.620313 0.021875 0.012500
0 0.239844 0.617969 0.017188 0.014063
0 0.225000 0.625000 0.015625 0.012500
0 0.385156 0.731250 0.017188 0.009375
0 0.440625 0.757031 0.015625 0.010937
0 0.421875 0.889844 0.012500 0.010937
0 0.314063 0.818750 0.025000 0.034375
0 0.353906 0.846875 0.010937 0.012500
0 0.314063 0.881250 0.012500 0.009375
0 0.360938 0.885938 0.009375 0.006250
0 0.233594 0.861719 0.039062 0.035937
0 0.205469 0.865625 0.017188 0.021875
0 0.190625 0.870313 0.009375 0.009375
0 0.222656 0.847656 0.017188 0.026562
0 0.606250 0.623437 0.037500 0.034375
0 0.576562 0.770312 0.056250 0.046875
0 0.531250 0.739844 0.025000 0.020313
0 0.540625 0.717969 0.034375 0.026562
0 0.601562 0.695312 0.100000 0.084375
0 0.746875 0.692969 0.087500 0.073438
1 0.600781 0.585938 0.095312 0.150000
1 0.757812 0.598437 0.231250 0.103125
1 0.878906 0.614062 0.229687 0.090625
0 0.667188 0.156250 0.021875 0.037500
1 0.367188 0.403125 0.140625 0.175000
1 0.523438 0.462500 0.187500 0.162500
1 0.522656 0.421875 0.223438 0.284375
1 0.907813 0.200000 0.184375 0.200000
1 0.580469 0.785156 0.292187 0.092188
1 0.325000 0.827344 0.062500 0.079687
