0 0.817187 0.767969 0.050000 0.051562
0 0.723437 0.290625 0.037500 0.028125
0 0.403125 0.520312 0.115625 0.106250
0 0.450781 0.639062 0.039062 0.046875
0 0.935937 0.217188 0.071875 0.078125
0 0.338281 0.110156 0.032813 0.026562
0 0.680469 0.342187 0.054688 0.037500
0 0.468750 0.358594 0.037500 0.032813
0 0.399219 0.678125 0.101562 0.190625
0 0.669531 0.106250 0.023438 0.028125
0 0.641406 0.694531 0.070312 0.060937
0 0.188281 0.628906 0.039062 0.035937
0 0.597656 0.982812 0.067187 0.025000
0 0.771875 0.184375 0.081250 0.090625
0 0.681250 0.084375 0.040625 0.040625
0 0.851562 0.931250 0.050000 0.053125
0 0.403125 0.198437 0.140625 0.140625
0 0.572656 0.682813 0.132812 0.125000
0 0.286719 0.660156 0.073438 0.076563
0 0.678906 0.561719 0.198437 0.145313
0 0.332813 0.732812 0.071875 0.078125
0 0.782813 0.921094 0.062500 0.060937
0 0.302344 0.841406 0.045312 0.051562
0 0.721875 0.111719 0.059375 0.045312
0 0.266406 0.507812 0.151562 0.118750
0 0.253906 0.041406 0.032813 0.032813
0 0.255469 0.752344 0.067187 0.076563
0 0.170313 0.595313 0.075000 0.065625
0 0.881250 0.131250 0.137500 0.115625
0 0.217188 0.835938 0.100000 0.093750
0 0.096875 0.978125 0.059375 0.043750
0 0.522656 0.367969 0.039062 0.042188
0 0.814844 0.242188 0.032813 0.031250
1 0.645312 0.066406 0.078125 0.064062
0 0.921094 0.803906 0.035937 0.035937
0 0.846094 0.706250 0.057813 0.056250
0 0.476562 0.241406 0.040625 0.023438
0 0.761719 0.707812 0.032813 0.034375
0 0.324219 0.032031 0.029687 0.026562
0 0.727344 0.789062 0.042188 0.040625
0 0.882031 0.654687 0.042188 0.046875
0 0.764844 0.342969 0.042188 0.039062
0 0.289062 0.231250 0.034375 0.031250
0 0.700000 0.660937 0.059375 0.059375
0 0.358594 0.192188 0.032813 0.031250
0 0.352344 0.467969 0.045312 0.042188
0 0.596094 0.900000 0.026562 0.031250
0 0.521875 0.294531 0.134375 0.073438
0 0.454688 0.439063 0.059375 0.046875
0 0.322656 0.060156 0.026562 0.026562
0 0.291406 0.342969 0.032813 0.023438
0 0.412500 0.013281 0.031250 0.014063
0 0.394531 0.568750 0.029687 0.031250
0 0.477344 0.022656 0.029687 0.029687
0 0.300781 0.683594 0.051562 0.048438
0 0.470313 0.080469 0.012500 0.017188
0 0.448437 0.104688 0.025000 0.028125
0 0.677344 0.875000 0.085938 0.081250
0 0.569531 0.217969 0.023438 0.026562
0 0.543750 0.388281 0.037500 0.045312
0 0.540625 0.037500 0.025000 0.025000
0 0.241406 0.182031 0.051562 0.045312
0 0.432812 0.081250 0.065625 0.043750
0 0.492969 0.341406 0.039062 0.032813
0 0.635938 0.308594 0.146875 0.076563
0 0.371094 0.023438 0.035937 0.025000
0 0.523438 0.027344 0.021875 0.023438
0 0.265625 0.982812 0.053125 0.034375
0 0.872656 0.288281 0.079687 0.067187
0 0.446875 0.025000 0.043750 0.040625
0 0.056250 0.697656 0.084375 0.145313
0 0.764844 0.602344 0.026562 0.029687
0 0.117969 0.650781 0.073438 0.076563
0 0.511719 0.778125 0.129688 0.225000
0 0.121875 0.584375 0.037500 0.043750
0 0.325781 0.340625 0.039062 0.031250
0 0.587500 0.018750 0.034375 0.031250
0 0.595313 0.791406 0.096875 0.098437
0 0.800781 0.474219 0.176563 0.139063
0 0.692969 0.028906 0.023438 0.026562
0 0.289062 0.038281 0.043750 0.035937
0 0.517188 0.171875 0.046875 0.046875
0 0.724219 0.246094 0.039062 0.039062
0 0.572656 0.008594 0.017188 0.014063
0 0.752344 0.321094 0.017188 0.014063
0 0.657813 0.765625 0.059375 0.065625
0 0.334375 0.309375 0.034375 0.034375
0 0.400000 0.334375 0.037500 0.028125
0 0.496875 0.628906 0.040625 0.054688
0 0.388281 0.814063 0.039062 0.068750
0 0.642188 0.249219 0.015625 0.010937
0 0.367969 0.785937 0.026562 0.043750
0 0.669531 0.225000 0.079687 0.056250
0 0.650781 0.644531 0.039062 0.042188
0 0.157812 0.793750 0.050000 0.056250
0 0.603906 0.033594 0.026562 0.023438
0 0.222656 0.238281 0.060937 0.064062
0 0.603125 0.157812 0.106250 0.137500
0 0.406250 0.294531 0.075000 0.054688
0 0.837500 0.095312 0.084375 0.078125
0 0.996094 0.661719 0.007812 0.035937
0 0.546094 0.601562 0.054688 0.046875
0 0.715625 0.911719 0.075000 0.079687
0 0.061719 0.601562 0.064062 0.059375
0 0.585156 0.387500 0.054688 0.034375
0 0.442188 0.606250 0.046875 0.050000
0 0.882812 0.603125 0.025000 0.028125
0 0.303125 0.171094 0.009375 0.010937
0 0.878125 0.370312 0.034375 0.034375
1 0.329688 0.926562 0.390625 0.146875
0 0.652344 0.946094 0.064062 0.085938
0 0.414062 0.229687 0.031250 0.031250
0 0.470313 0.221875 0.043750 0.040625
1 0.492969 0.185156 0.229687 0.201563
