0 0.490625 0.221875 0.081250 0.087500
0 0.618750 0.514844 0.018750 0.020313
0 0.472656 0.012500 0.035937 0.025000
0 0.321875 0.200781 0.034375 0.035937
0 0.713281 0.134375 0.017188 0.015625
0 0.584375 0.064062 0.040625 0.040625
0 0.147656 0.600000 0.039062 0.081250
1 0.383594 0.425781 0.264062 0.210938
0 0.807031 0.133594 0.017188 0.017188
0 0.653906 0.184375 0.067187 0.068750
0 0.472656 0.499219 0.029687 0.029687
1 0.775781 0.832812 0.060937 0.050000
0 0.539062 0.416406 0.034375 0.045312
0 0.753906 0.742969 0.032813 0.032813
0 0.208594 0.662500 0.051562 0.065625
0 0.729688 0.576562 0.090625 0.084375
0 0.629687 0.475781 0.031250 0.042188
0 0.717969 0.843750 0.035937 0.040625
0 0.325781 0.697656 0.039062 0.039062
0 0.210938 0.503906 0.043750 0.051562
0 0.511719 0.045312 0.020313 0.021875
0 0.589063 0.451562 0.025000 0.034375
0 0.428125 0.502344 0.068750 0.064062
0 0.600781 0.034375 0.023438 0.028125
0 0.664844 0.267969 0.051562 0.042188
0 0.747656 0.683594 0.029687 0.026562
0 0.620313 0.420312 0.037500 0.053125
0 0.239063 0.722656 0.037500 0.048438
0 0.257812 0.447656 0.018750 0.023438
1 0.644531 0.813281 0.095312 0.076563
0 0.510156 0.015625 0.042188 0.031250
0 0.736719 0.128125 0.014063 0.012500
0 0.285938 0.302344 0.034375 0.035937
0 0.686719 0.570312 0.026562 0.025000
0 0.714063 0.454688 0.109375 0.106250
0 0.774219 0.610156 0.017188 0.017188
0 0.552344 0.460156 0.020313 0.032813
0 0.132031 0.553125 0.042188 0.087500
0 0.620313 0.376563 0.050000 0.043750
0 0.792969 0.315625 0.014063 0.015625
0 0.757031 0.333594 0.060937 0.070312
0 0.249219 0.564844 0.023438 0.026562
0 0.270313 0.588281 0.043750 0.042188
0 0.189062 0.610938 0.053125 0.050000
0 0.507812 0.435156 0.021875 0.029687
0 0.723437 0.741406 0.043750 0.032813
0 0.275781 0.613281 0.029687 0.042188
0 0.691406 0.533594 0.095312 0.073438
0 0.571875 0.585938 0.087500 0.050000
0 0.408594 0.307812 0.032813 0.031250
0 0.189844 0.117969 0.067187 0.064062
0 0.785937 0.513281 0.031250 0.029687
0 0.544531 0.402344 0.023438 0.023438
0 0.621875 0.150781 0.043750 0.051562
0 0.640625 0.028125 0.031250 0.025000
0 0.218750 0.588281 0.034375 0.035937
0 0.239063 0.155469 0.040625 0.051562
0 0.789844 0.286719 0.017188 0.017188
0 0.708594 0.372656 0.060937 0.060937
0 0.100000 0.608594 0.034375 0.035937
0 0.238281 0.307031 0.032813 0.029687
0 0.478125 0.460938 0.021875 0.025000
0 0.303906 0.360938 0.026562 0.031250
0 0.768750 0.717187 0.034375 0.040625
0 0.555469 0.273438 0.042188 0.034375
0 0.539844 0.261719 0.032813 0.035937
0 0.422656 0.035937 0.045312 0.056250
0 0.558594 0.073438 0.014063 0.015625
1 0.505469 0.086719 0.101562 0.082812
1 0.529687 0.132812 0.062500 0.109375
1 0.481250 0.142187 0.075000 0.084375
1 0.403125 0.079687 0.181250 0.159375
0 0.300781 0.499219 0.032813 0.039062
0 0.339844 0.492969 0.026562 0.035937
1 0.316406 0.527344 0.201563 0.148438
0 0.174219 0.482031 0.032813 0.042188
0 0.657813 0.710938 0.100000 0.046875
0 0.577344 0.451562 0.201563 0.153125
0 0.490625 0.221875 0.081250 0.087500
0 0.618750 0.514844 0.018750 0.020313
0 0.472656 0.012500 0.035937 0.025000
0 0.321875 0.200781 0.034375 0.035937
0 0.713281 0.134375 0.017188 0.015625
0 0.584375 0.064062 0.040625 0.040625
0 0.147656 0.600000 0.039062 0.081250
1 0.383594 0.425781 0.264062 0.210938
0 0.807031 0.133594 0.017188 0.017188
0 0.653906 0.184375 0.067187 0.068750
0 0.472656 0.499219 0.029687 0.029687
1 0.775781 0.832812 0.060937 0.050000
0 0.539062 0.416406 0.034375 0.045312
0 0.753906 0.742969 0.032813 0.032813
0 0.208594 0.662500 0.051562 0.065625
0 0.729688 0.576562 0.090625 0.084375
0 0.629687 0.475781 0.031250 0.042188
0 0.717969 0.843750 0.035937 0.040625
0 0.325781 0.697656 0.039062 0.039062
0 0.210938 0.503906 0.043750 0.051562
0 0.511719 0.045312 0.020313 0.021875
0 0.589063 0.451562 0.025000 0.034375
0 0.428125 0.502344 0.068750 0.064062
0 0.600781 0.034375 0.023438 0.028125
0 0.664844 0.267969 0.051562 0.042188
0 0.747656 0.683594 0.029687 0.026562
0 0.620313 0.420312 0.037500 0.053125
0 0.239063 0.722656 0.037500 0.048438
0 0.257812 0.447656 0.018750 0.023438
1 0.644531 0.813281 0.095312 0.076563
0 0.510156 0.015625 0.042188 0.031250
0 0.736719 0.128125 0.014063 0.012500
0 0.285938 0.302344 0.034375 0.035937
0 0.686719 0.570312 0.026562 0.025000
0 0.714063 0.454688 0.109375 0.106250
0 0.774219 0.610156 0.017188 0.017188
0 0.552344 0.460156 0.020313 0.032813
0 0.132031 0.553125 0.042188 0.087500
0 0.620313 0.376563 0.050000 0.043750
0 0.792969 0.315625 0.014063 0.015625
0 0.757031 0.333594 0.060937 0.070312
0 0.249219 0.564844 0.023438 0.026562
0 0.270313 0.588281 0.043750 0.042188
0 0.189062 0.610938 0.053125 0.050000
0 0.507812 0.435156 0.021875 0.029687
0 0.723437 0.741406 0.043750 0.032813
0 0.275781 0.613281 0.029687 0.042188
0 0.691406 0.533594 0.095312 0.073438
0 0.571875 0.585938 0.087500 0.050000
0 0.408594 0.307812 0.032813 0.031250
0 0.189844 0.117969 0.067187 0.064062
0 0.785937 0.513281 0.031250 0.029687
0 0.544531 0.402344 0.023438 0.023438
0 0.621875 0.150781 0.043750 0.051562
0 0.640625 0.028125 0.031250 0.025000
0 0.218750 0.588281 0.034375 0.035937
0 0.239063 0.155469 0.040625 0.051562
0 0.789844 0.286719 0.017188 0.017188
0 0.708594 0.372656 0.060937 0.060937
0 0.100000 0.608594 0.034375 0.035937
0 0.238281 0.307031 0.032813 0.029687
0 0.478125 0.460938 0.021875 0.025000
0 0.303906 0.360938 0.026562 0.031250
0 0.768750 0.717187 0.034375 0.040625
0 0.555469 0.273438 0.042188 0.034375
0 0.539844 0.261719 0.032813 0.035937
0 0.422656 0.035937 0.045312 0.056250
0 0.558594 0.073438 0.014063 0.015625
1 0.505469 0.086719 0.101562 0.082812
1 0.529687 0.132812 0.062500 0.109375
1 0.481250 0.142187 0.075000 0.084375
1 0.403125 0.079687 0.181250 0.159375
0 0.300781 0.499219 0.032813 0.039062
0 0.339844 0.492969 0.026562 0.035937
1 0.316406 0.527344 0.201563 0.148438
0 0.174219 0.482031 0.032813 0.042188
0 0.657813 0.710938 0.100000 0.046875
0 0.577344 0.451562 0.201563 0.153125
