0 0.113281 0.496875 0.029687 0.018750
0 0.388281 0.357031 0.045312 0.035937
0 0.664844 0.708594 0.039062 0.039062
0 0.682813 0.750781 0.031250 0.029687
0 0.953906 0.254688 0.026562 0.034375
0 0.738281 0.389062 0.039062 0.034375
0 0.423438 0.755469 0.050000 0.042188
0 0.389062 0.053906 0.093750 0.092188
0 0.572656 0.326562 0.045312 0.034375
0 0.177344 0.356250 0.032813 0.028125
0 0.876563 0.685937 0.025000 0.021875
0 0.328906 0.335156 0.085938 0.064062
0 0.005469 0.453125 0.010937 0.065625
0 0.234375 0.939063 0.037500 0.034375
0 0.929688 0.141406 0.037500 0.023438
0 0.637500 0.713281 0.034375 0.039062
0 0.110156 0.082812 0.101562 0.065625
0 0.523438 0.550781 0.112500 0.107813
0 0.854688 0.770312 0.043750 0.034375
0 0.162500 0.633594 0.053125 0.082812
0 0.224219 0.330469 0.054688 0.042188
0 0.224219 0.548438 0.051562 0.031250
0 0.075781 0.691406 0.032813 0.023438
0 0.281250 0.496094 0.071875 0.054688
0 0.627344 0.658594 0.157812 0.089063
0 0.886719 0.286719 0.048438 0.039062
0 0.225781 0.618750 0.098437 0.109375
0 0.816406 0.464844 0.045312 0.035937
0 0.364063 0.817969 0.012500 0.017188
0 0.759375 0.487500 0.043750 0.034375
0 0.859375 0.670312 0.025000 0.018750
0 0.171875 0.842187 0.037500 0.031250
0 0.859375 0.207031 0.112500 0.095312
0 0.982031 0.535937 0.035937 0.068750
0 0.239844 0.398438 0.054688 0.043750
0 0.270313 0.253125 0.128125 0.140625
0 0.304688 0.931250 0.087500 0.103125
0 0.084375 0.322656 0.021875 0.020313
0 0.503906 0.043750 0.117188 0.078125
0 0.381250 0.641406 0.050000 0.048438
0 0.492969 0.455469 0.045312 0.039062
0 0.307812 0.805469 0.050000 0.042188
0 0.144531 0.146875 0.064062 0.050000
0 0.845313 0.514062 0.043750 0.040625
0 0.780469 0.543750 0.039062 0.037500
0 0.798438 0.733594 0.034375 0.026562
0 0.722656 0.507031 0.035937 0.032813
0 0.816406 0.590625 0.085938 0.100000
0 0.752344 0.657813 0.039062 0.040625
0 0.819531 0.494531 0.042188 0.032813
0 0.147656 0.965625 0.023438 0.018750
0 0.975000 0.684375 0.050000 0.065625
0 0.878125 0.441406 0.078125 0.085938
0 0.342187 0.596094 0.059375 0.048438
0 0.183594 0.742188 0.051562 0.050000
0 0.701562 0.483594 0.046875 0.032813
0 0.332813 0.192188 0.053125 0.043750
0 0.914062 0.361719 0.065625 0.051562
0 0.924219 0.628906 0.017188 0.014063
0 0.507812 0.267188 0.112500 0.121875
0 0.849219 0.364844 0.045312 0.039062
1 0.094531 0.410156 0.157812 0.098437
0 0.867969 0.545312 0.017188 0.012500
0 0.280469 0.356250 0.051562 0.046875
0 0.584375 0.529687 0.028125 0.028125
0 0.699219 0.252344 0.132812 0.132812
0 0.927344 0.498437 0.082812 0.081250
0 0.346875 0.240625 0.046875 0.050000
0 0.600000 0.819531 0.031250 0.026562
0 0.173437 0.909375 0.015625 0.012500
0 0.395313 0.253906 0.068750 0.064062
0 0.805469 0.885156 0.035937 0.035937
0 0.134375 0.220312 0.050000 0.043750
0 0.947656 0.172656 0.014063 0.020313
0 0.172656 0.592187 0.020313 0.021875
0 0.985938 0.635156 0.028125 0.039062
0 0.365625 0.672656 0.037500 0.026562
0 0.752344 0.588281 0.039062 0.035937
0 0.618750 0.765625 0.037500 0.046875
0 0.556250 0.656250 0.150000 0.131250
0 0.649219 0.738281 0.029687 0.023438
0 0.145313 0.479687 0.028125 0.025000
0 0.603906 0.446875 0.035937 0.018750
0 0.931250 0.898438 0.043750 0.046875
0 0.683594 0.946094 0.048438 0.051562
0 0.292187 0.667188 0.068750 0.062500
0 0.775000 0.615625 0.031250 0.028125
0 0.730469 0.628906 0.045312 0.032813
0 0.221875 0.887500 0.112500 0.100000
0 0.006250 0.186719 0.012500 0.032813
0 0.974219 0.873437 0.051562 0.112500
0 0.855469 0.696875 0.045312 0.040625
0 0.153125 0.933594 0.018750 0.017188
0 0.800781 0.289844 0.042188 0.032813
0 0.233594 0.817187 0.092188 0.112500
0 0.396875 0.913281 0.068750 0.064062
0 0.412500 0.145313 0.040625 0.037500
0 0.827344 0.717969 0.039062 0.035937
0 0.167187 0.870313 0.028125 0.021875
0 0.087500 0.214844 0.050000 0.045312
0 0.946094 0.768750 0.045312 0.046875
0 0.971094 0.471094 0.017188 0.014063
0 0.122656 0.534375 0.067187 0.059375
0 0.764062 0.421875 0.050000 0.031250
0 0.617969 0.246094 0.048438 0.035937
0 0.896875 0.070312 0.093750 0.093750
0 0.204687 0.517188 0.068750 0.043750
0 0.071875 0.571094 0.081250 0.060937
0 0.125781 0.747656 0.082812 0.067187
0 0.900781 0.835156 0.042188 0.039062
0 0.964063 0.547656 0.056250 0.042188
0 0.700000 0.723437 0.043750 0.037500
0 0.675000 0.385156 0.059375 0.054688
0 0.970313 0.439063 0.053125 0.037500
0 0.857031 0.246875 0.035937 0.028125
0 0.396875 0.384375 0.028125 0.025000
0 0.515625 0.505469 0.034375 0.026562
0 0.675000 0.885938 0.100000 0.078125
0 0.826562 0.668750 0.034375 0.040625
0 0.796875 0.856250 0.021875 0.015625
0 0.941406 0.388281 0.048438 0.039062
0 0.495312 0.366406 0.040625 0.039062
0 0.287500 0.755469 0.018750 0.014063
0 0.328125 0.424219 0.131250 0.117188
0 0.820312 0.767969 0.040625 0.039062
0 0.573438 0.492188 0.046875 0.040625
0 0.182031 0.814844 0.023438 0.023438
0 0.193750 0.075781 0.100000 0.079687
0 0.507031 0.197656 0.176563 0.164062
0 0.966406 0.903906 0.039062 0.035937
0 0.575000 0.151562 0.075000 0.065625
0 0.803125 0.644531 0.031250 0.039062
0 0.921094 0.225781 0.085938 0.079687
0 0.096875 0.351562 0.090625 0.065625
0 0.073438 0.273438 0.093750 0.081250
0 0.182812 0.329688 0.037500 0.028125
0 0.552344 0.425781 0.095312 0.110937
0 0.632031 0.438281 0.029687 0.020313
0 0.609375 0.494531 0.071875 0.082812
0 0.130469 0.501563 0.014063 0.015625
0 0.159375 0.551562 0.012500 0.012500
1 0.587500 0.634375 0.309375 0.200000
1 0.550781 0.411719 0.248438 0.254688
1 0.065625 0.650781 0.106250 0.095312
1 0.045312 0.617969 0.071875 0.067187
1 0.094531 0.501563 0.189062 0.175000
1 0.949219 0.286719 0.060937 0.114062
