1 0.751453 0.078797 0.177906 0.157594
0 0.515828 0.642781 0.116031 0.138688
0 0.953125 0.516406 0.046875 0.057813
0 0.340625 0.586719 0.059375 0.076563
0 0.328055 0.809336 0.099859 0.078047
0 0.278125 0.750781 0.059375 0.045312
0 0.648523 0.265594 0.112672 0.149938
0 0.553125 0.104688 0.046875 0.050000
0 0.250000 0.142969 0.046875 0.039062
0 0.039062 0.560937 0.031250 0.028125
0 0.971875 0.957812 0.050000 0.084375
0 0.500125 0.067062 0.065875 0.056000
0 0.919531 0.639844 0.054688 0.057813
0 0.284375 0.632812 0.065625 0.053125
0 0.847656 0.080469 0.073438 0.045312
0 0.389844 0.161719 0.060937 0.064062
0 0.681250 0.584375 0.078125 0.056250
0 0.021875 0.657813 0.043750 0.059375
0 0.178906 0.060156 0.029687 0.023438
0 0.215625 0.359375 0.121875 0.112500
0 0.018750 0.810937 0.031250 0.093750
0 0.647656 0.617188 0.067187 0.053125
0 0.278125 0.276562 0.115625 0.118750
1 0.160938 0.851562 0.246875 0.262500
0 0.227344 0.584375 0.029687 0.028125
0 0.974219 0.463281 0.048438 0.042188
0 0.815625 0.713281 0.087500 0.060937
0 0.217969 0.082812 0.051562 0.034375
0 0.053125 0.978906 0.037500 0.032813
0 0.748945 0.201086 0.122891 0.161547
0 0.904469 0.698555 0.055813 0.053359
0 0.347656 0.659375 0.045312 0.059375
0 0.087500 0.292969 0.078125 0.060937
0 0.118289 0.971094 0.130328 0.057813
0 0.092188 0.247656 0.065625 0.035937
0 0.376563 0.242969 0.075000 0.064062
0 0.968750 0.197656 0.062500 0.064062
0 0.966406 0.110156 0.054688 0.042188
0 0.265625 0.710156 0.065625 0.042188
0 0.848437 0.812500 0.071875 0.134375
0 0.175000 0.639844 0.084375 0.120313
0 0.803125 0.944531 0.078125 0.104688
0 0.936719 0.789844 0.107813 0.064062
0 0.357031 0.021094 0.148438 0.042188
0 0.015625 0.982031 0.031250 0.035937
0 0.927344 0.303125 0.092188 0.075000
0 0.714687 0.553773 0.041875 0.029422
0 0.753922 0.576320 0.051594 0.027641
0 0.776656 0.537594 0.125188 0.097062
0 0.505852 0.753969 0.286703 0.236063
0 0.575625 0.184641 0.107500 0.106781
0 0.263266 0.397445 0.035906 0.032391
0 0.018008 0.739906 0.036016 0.079812
1 0.716133 0.543000 0.322891 0.251625
0 0.584836 0.594953 0.035297 0.027406
1 0.594094 0.169797 0.206937 0.198969
