0 0.235937 0.612500 0.034375 0.034375
0 0.110156 0.603125 0.039062 0.037500
0 0.067187 0.605469 0.037500 0.045312
1 0.974727 0.624563 0.049453 0.121000
0 0.790625 0.826562 0.034375 0.028125
0 0.382812 0.341406 0.056250 0.039062
0 0.241406 0.162500 0.120313 0.109375
0 0.579578 0.783594 0.052906 0.089063
0 0.316406 0.275781 0.089063 0.126562
0 0.357031 0.463281 0.051562 0.073438
0 0.057813 0.458594 0.034375 0.026562
0 0.176563 0.182031 0.037500 0.048438
0 0.335938 0.103125 0.037500 0.037500
0 0.147656 0.712500 0.032813 0.031250
1 0.790625 0.135156 0.112500 0.060937
0 0.256250 0.334375 0.034375 0.046875
0 0.885938 0.421875 0.040625 0.037500
0 0.764844 0.985156 0.042188 0.029687
0 0.651563 0.200672 0.021875 0.023219
0 0.665625 0.476562 0.034375 0.031250
0 0.148438 0.049219 0.081250 0.092188
0 0.859375 0.785156 0.028125 0.026562
0 0.664844 0.384375 0.039062 0.034375
0 0.881250 0.645312 0.056250 0.059375
0 0.750000 0.751563 0.043750 0.031250
1 0.793750 0.514062 0.100000 0.090625
0 0.010156 0.933594 0.017188 0.029687
0 0.318750 0.183594 0.031250 0.026562
0 0.828125 0.366406 0.043750 0.035937
0 0.319531 0.906250 0.082812 0.093750
0 0.853125 0.446875 0.034375 0.037500
0 0.247656 0.370312 0.023438 0.031250
0 0.110156 0.114062 0.026562 0.025000
0 0.669531 0.542969 0.039062 0.042188
1 0.765625 0.443750 0.106250 0.084375
0 0.810937 0.421875 0.046875 0.040625
0 0.085539 0.174875 0.083578 0.049750
0 0.153125 0.550000 0.043750 0.037500
0 0.008594 0.128906 0.017188 0.032813
0 0.114062 0.258594 0.109375 0.079687
0 0.644461 0.950781 0.110797 0.098437
0 0.768750 0.571875 0.037500 0.031250
0 0.369531 0.565625 0.032813 0.050000
0 0.816406 0.716406 0.039062 0.042188
0 0.071875 0.687500 0.084375 0.071875
0 0.868750 0.301563 0.046875 0.034375
0 0.208594 0.893750 0.032813 0.031250
0 0.739062 0.609375 0.028125 0.028125
0 0.396094 0.447656 0.026562 0.045312
0 0.892969 0.926562 0.023438 0.090625
0 0.317188 0.520312 0.081250 0.068750
0 0.572656 0.994531 0.020313 0.010937
0 0.612500 0.750000 0.034375 0.028125
0 0.878125 0.142187 0.059375 0.040625
0 0.284375 0.766406 0.121875 0.060937
0 0.342969 0.660937 0.067187 0.068750
0 0.103906 0.475781 0.048438 0.035937
0 0.919531 0.714063 0.029687 0.025000
0 0.171094 0.389062 0.129688 0.171875
0 0.055469 0.534375 0.064062 0.093750
0 0.077344 0.834375 0.029687 0.025000
0 0.184375 0.501563 0.046875 0.050000
0 0.503125 0.577344 0.012500 0.010937
0 0.529687 0.291406 0.046875 0.035937
0 0.140625 0.483594 0.037500 0.035937
0 0.644531 0.448437 0.051562 0.037500
0 0.501563 0.474219 0.175000 0.089063
0 0.698438 0.510156 0.034375 0.026562
0 0.315625 0.370312 0.043750 0.040625
0 0.590625 0.664844 0.050000 0.042188
0 0.228125 0.717187 0.021875 0.018750
0 0.775000 0.643750 0.034375 0.028125
0 0.731250 0.776563 0.028125 0.028125
0 0.364844 0.942187 0.020313 0.025000
0 0.606250 0.578125 0.046875 0.031250
0 0.811719 0.643750 0.035937 0.028125
0 0.984375 0.728906 0.031250 0.089063
0 0.684375 0.624219 0.034375 0.042188
0 0.236719 0.446875 0.042188 0.040625
0 0.746875 0.248438 0.034375 0.028125
0 0.598437 0.482812 0.037500 0.034375
0 0.950000 0.953906 0.100000 0.092188
0 0.309188 0.829344 0.090250 0.068062
0 0.633594 0.360938 0.032813 0.059375
0 0.367188 0.853125 0.021875 0.021875
0 0.531250 0.352344 0.046875 0.035937
0 0.950781 0.224219 0.023438 0.026562
0 0.190625 0.716406 0.031250 0.023438
0 0.058594 0.346023 0.117188 0.085797
0 0.180469 0.754687 0.045312 0.034375
0 0.760938 0.909375 0.034375 0.031250
0 0.707031 0.186719 0.039062 0.035937
0 0.709375 0.678836 0.037500 0.079547
0 0.899219 0.862500 0.042188 0.043750
0 0.814844 0.676562 0.029687 0.021875
0 0.372656 0.215625 0.039062 0.040625
0 0.539844 0.607812 0.064062 0.059375
0 0.891406 0.217188 0.042188 0.034375
0 0.979688 0.332813 0.040625 0.050000
0 0.224219 0.290625 0.029687 0.028125
0 0.653906 0.864844 0.042188 0.035937
0 0.219531 0.516406 0.023438 0.032813
0 0.654687 0.416406 0.046875 0.035937
0 0.028125 0.055469 0.056250 0.057813
0 0.625000 0.293750 0.040625 0.034375
0 0.839844 0.945312 0.032813 0.034375
0 0.696875 0.446875 0.034375 0.028125
0 0.159375 0.221094 0.037500 0.042188
0 0.059375 0.119531 0.053125 0.067187
0 0.498437 0.267969 0.071875 0.039062
0 0.218750 0.800781 0.031250 0.029687
0 0.246875 0.532031 0.028125 0.026562
0 0.771094 0.273438 0.039062 0.031250
0 0.742188 0.717969 0.034375 0.039062
0 0.270313 0.603125 0.031250 0.031250
0 0.438281 0.573438 0.029687 0.031250
0 0.726562 0.946875 0.037500 0.034375
0 0.934375 0.338281 0.025000 0.029687
0 0.888281 0.482031 0.054688 0.042188
0 0.007812 0.092969 0.015625 0.032813
1 0.762633 0.362406 0.206516 0.177937
1 0.667188 0.723437 0.059375 0.134375
0 0.879687 0.984375 0.037500 0.028125
0 0.309375 0.407031 0.034375 0.035937
0 0.707031 0.577344 0.045312 0.070312
0 0.589844 0.241406 0.076563 0.051562
0 0.258594 0.567187 0.035937 0.034375
0 0.613281 0.788281 0.032813 0.026562
0 0.117188 0.885938 0.040625 0.034375
0 0.634375 0.543750 0.043750 0.031250
0 0.103125 0.556250 0.040625 0.043750
0 0.880469 0.721094 0.035937 0.039062
0 0.253125 0.243750 0.046875 0.050000
0 0.743750 0.310156 0.037500 0.023438
0 0.162500 0.674219 0.034375 0.035937
0 0.012500 0.439063 0.025000 0.021875
0 0.072656 0.420312 0.035937 0.037500
1 0.709375 0.833172 0.121875 0.125719
0 0.300000 0.471875 0.031250 0.034375
1 0.582812 0.366406 0.081250 0.101562
0 0.014063 0.629687 0.025000 0.025000
0 0.037500 0.186719 0.025000 0.029687
0 0.560383 0.694477 0.030141 0.048328
0 0.746594 0.684148 0.030687 0.030797
0 0.789578 0.124023 0.041656 0.032422
0 0.717867 0.388141 0.016984 0.013781
