0 0.042188 0.034375 0.071875 0.034375
0 0.185156 0.540625 0.123438 0.065625
0 0.439063 0.918750 0.137500 0.075000
0 0.797656 0.382812 0.032813 0.028125
0 0.324219 0.928125 0.089063 0.071875
0 0.638281 0.169531 0.042188 0.045312
0 0.134375 0.730469 0.081250 0.060937
0 0.582812 0.078906 0.034375 0.035937
0 0.296875 0.489063 0.034375 0.018750
0 0.203125 0.339062 0.046875 0.028125
0 0.919531 0.888281 0.054688 0.095312
0 0.560156 0.117188 0.020313 0.018750
0 0.052344 0.325781 0.098437 0.054688
0 0.485156 0.036719 0.023438 0.029687
0 0.183594 0.974219 0.067187 0.051562
0 0.417969 0.503125 0.048438 0.031250
0 0.403125 0.774219 0.068750 0.045312
0 0.560156 0.495312 0.082812 0.043750
0 0.892188 0.711719 0.184375 0.170313
0 0.548438 0.296875 0.087500 0.034375
0 0.328125 0.032813 0.087500 0.065625
0 0.894531 0.350000 0.039062 0.031250
0 0.692187 0.461719 0.121875 0.082812
0 0.171875 0.838281 0.262500 0.192188
0 0.960938 0.879687 0.075000 0.087500
0 0.520312 0.055469 0.025000 0.026562
0 0.586719 0.316406 0.076563 0.026562
0 0.245312 0.051562 0.018750 0.018750
0 0.540625 0.011719 0.034375 0.023438
0 0.597656 0.132812 0.026562 0.028125
0 0.396094 0.195312 0.023438 0.021875
0 0.852344 0.369531 0.064062 0.035937
0 0.885938 0.606250 0.034375 0.034375
0 0.991406 0.971875 0.017188 0.056250
0 0.760938 0.020313 0.021875 0.021875
0 0.491406 0.278906 0.035937 0.035937
0 0.471875 0.378125 0.050000 0.043750
0 0.016406 0.907031 0.029687 0.048438
0 0.659375 0.384375 0.096875 0.050000
0 0.844531 0.570312 0.054688 0.075000
0 0.682813 0.873437 0.062500 0.096875
0 0.157812 0.053906 0.050000 0.032813
0 0.991406 0.693750 0.017188 0.078125
0 0.039844 0.058594 0.017188 0.017188
0 0.404687 0.009375 0.021875 0.018750
0 0.457031 0.651563 0.064062 0.046875
0 0.617188 0.792188 0.143750 0.100000
0 0.421875 0.239844 0.059375 0.051562
0 0.350000 0.535156 0.046875 0.032813
0 0.220312 0.048438 0.015625 0.018750
0 0.500000 0.205469 0.015625 0.017188
0 0.050000 0.482031 0.096875 0.064062
0 0.096094 0.450000 0.107813 0.056250
0 0.503125 0.510938 0.046875 0.034375
0 0.674219 0.950000 0.054688 0.093750
0 0.840625 0.841406 0.081250 0.085938
0 0.846094 0.458594 0.048438 0.042188
0 0.799219 0.478125 0.045312 0.037500
0 0.260156 0.973437 0.073438 0.050000
0 0.224219 0.190625 0.048438 0.059375
0 0.662500 0.283594 0.109375 0.073438
0 0.041406 0.233594 0.026562 0.020313
0 0.578906 0.445312 0.042188 0.021875
0 0.260156 0.502344 0.079687 0.032813
0 0.634375 0.350000 0.056250 0.050000
0 0.428125 0.867969 0.071875 0.060937
0 0.235156 0.657031 0.126562 0.064062
0 0.157031 0.490625 0.060937 0.037500
0 0.591406 0.376563 0.045312 0.031250
0 0.974219 0.369531 0.048438 0.039062
0 0.379688 0.282031 0.062500 0.051562
0 0.781250 0.010156 0.031250 0.020313
0 0.683594 0.132812 0.026562 0.021875
0 0.483594 0.454688 0.098437 0.062500
0 0.971875 0.525000 0.056250 0.053125
0 0.464062 0.042969 0.034375 0.026562
0 0.271875 0.004687 0.031250 0.009375
0 0.634375 0.035156 0.021875 0.023438
0 0.503906 0.978125 0.126562 0.043750
0 0.768750 0.232813 0.031250 0.043750
0 0.818750 0.061719 0.081250 0.067187
0 0.518750 0.160156 0.034375 0.026562
0 0.771875 0.416406 0.090625 0.054688
0 0.746875 0.347656 0.121875 0.039062
0 0.984375 0.403125 0.031250 0.034375
0 0.503125 0.761719 0.068750 0.051562
0 0.690625 0.110937 0.018750 0.021875
0 0.382031 0.969531 0.085938 0.051562
0 0.715625 0.522656 0.075000 0.070312
0 0.632812 0.074219 0.034375 0.032813
0 0.539062 0.396094 0.062500 0.029687
0 0.102344 0.058594 0.020313 0.020313
0 0.082031 0.971875 0.154688 0.056250
0 0.411719 0.043750 0.023438 0.018750
0 0.916406 0.283594 0.135937 0.107813
0 0.537500 0.226562 0.034375 0.034375
0 0.514062 0.835156 0.071875 0.082812
0 0.320312 0.610938 0.112500 0.043750
0 0.813281 0.868750 0.117188 0.096875
0 0.825000 0.521094 0.065625 0.042188
0 0.595313 0.692969 0.218750 0.098437
0 0.713281 0.041406 0.039062 0.023438
0 0.621875 0.589844 0.315625 0.170313
0 0.785156 0.592187 0.079687 0.062500
0 0.810156 0.960156 0.229687 0.076563
0 0.849219 0.395313 0.057813 0.037500
0 0.610156 0.194531 0.054688 0.042188
0 0.271094 0.028125 0.020313 0.018750
0 0.938281 0.439844 0.117188 0.067187
0 0.789062 0.270313 0.025000 0.025000
0 0.271094 0.682813 0.076563 0.059375
0 0.320312 0.721875 0.062500 0.062500
0 0.381250 0.596094 0.096875 0.064062
0 0.102344 0.345313 0.023438 0.012500
0 0.069531 0.298438 0.023438 0.012500
0 0.670312 0.027344 0.015625 0.010937
0 0.657813 0.023438 0.015625 0.012500
0 0.672656 0.010937 0.029687 0.012500
0 0.717969 0.058594 0.014063 0.014063
0 0.541406 0.042969 0.020313 0.014063
0 0.579688 0.033594 0.018750 0.014063
0 0.464062 0.007031 0.050000 0.014063
0 0.478125 0.078906 0.015625 0.007812
0 0.375781 0.010156 0.020313 0.020313
0 0.303125 0.067187 0.015625 0.015625
0 0.274219 0.067187 0.029687 0.025000
0 0.287500 0.175781 0.012500 0.014063
0 0.329688 0.289062 0.015625 0.018750
0 0.335156 0.267188 0.010937 0.012500
0 0.357031 0.199219 0.029687 0.017188
0 0.375000 0.220312 0.018750 0.012500
0 0.392188 0.214844 0.015625 0.014063
1 0.275781 0.229687 0.057813 0.075000
1 0.237500 0.118750 0.225000 0.081250
1 0.375781 0.143750 0.148438 0.068750
1 0.467187 0.171875 0.056250 0.071875
1 0.457813 0.123438 0.093750 0.037500
1 0.380469 0.085156 0.214062 0.079687
1 0.710156 0.203125 0.082812 0.118750
1 0.764844 0.156250 0.123438 0.153125
0 0.756250 0.303125 0.034375 0.034375
0 0.824219 0.333594 0.101562 0.017188
0 0.457031 0.819531 0.048438 0.060937
0 0.246094 0.926562 0.029687 0.034375
0 0.073438 0.764062 0.028125 0.025000
0 0.134375 0.632031 0.021875 0.020313
0 0.777344 0.738281 0.126562 0.067187
0 0.711719 0.799219 0.060937 0.107813
0 0.992188 0.757812 0.015625 0.034375
0 0.457813 0.333594 0.125000 0.039062
0 0.432031 0.300000 0.017188 0.021875
0 0.369531 0.324219 0.042188 0.020313
0 0.400781 0.425000 0.032813 0.025000
0 0.389062 0.530469 0.037500 0.026562
1 0.391406 0.250781 0.182812 0.129688
1 0.521875 0.025000 0.171875 0.050000
