0 0.373437 0.103125 0.121875 0.078125
0 0.379688 0.567969 0.059375 0.104688
0 0.528125 0.833594 0.081250 0.076563
0 0.667969 0.088281 0.160938 0.176563
0 0.944531 0.925781 0.092188 0.035937
0 0.125000 0.565625 0.078125 0.059375
0 0.580469 0.115625 0.051562 0.084375
0 0.668750 0.154688 0.034375 0.028125
0 0.888281 0.861719 0.045312 0.051562
0 0.496094 0.889844 0.045312 0.076563
0 0.988281 0.661719 0.023438 0.101562
0 0.992969 0.546094 0.014063 0.082812
0 0.775781 0.127344 0.023438 0.029687
0 0.694531 0.557031 0.076563 0.104688
0 0.155469 0.605469 0.048438 0.048438
0 0.857031 0.547656 0.164062 0.154688
0 0.725781 0.665625 0.098437 0.128125
0 0.569531 0.203125 0.067187 0.050000
0 0.992969 0.913281 0.014063 0.023438
1 0.478906 0.404687 0.223438 0.218750
0 0.886719 0.061719 0.098437 0.092188
0 0.057813 0.207813 0.115625 0.175000
0 0.403125 0.703125 0.081250 0.078125
0 0.233594 0.475000 0.070312 0.046875
0 0.435937 0.514062 0.043750 0.053125
0 0.357031 0.967969 0.067187 0.064062
0 0.114844 0.728906 0.204687 0.298438
0 0.944531 0.447656 0.054688 0.073438
0 0.542188 0.054688 0.137500 0.109375
0 0.458594 0.140625 0.070312 0.075000
0 0.487500 0.975781 0.087500 0.048438
0 0.439063 0.050000 0.081250 0.065625
0 0.804688 0.353906 0.065625 0.079687
0 0.075781 0.381250 0.145313 0.150000
0 0.973437 0.549219 0.053125 0.089063
0 0.887500 0.030469 0.093750 0.060937
0 0.180469 0.520312 0.079687 0.053125
0 0.595313 0.403125 0.118750 0.128125
0 0.114062 0.139844 0.212500 0.195312
0 0.692969 0.814063 0.082812 0.112500
0 0.450000 0.638281 0.087500 0.060937
0 0.249219 0.855469 0.273438 0.289062
0 0.544531 0.975781 0.042188 0.048438
0 0.660156 0.319531 0.182812 0.210938
0 0.796875 0.235937 0.062500 0.075000
0 0.078906 0.975781 0.026562 0.048438
0 0.927344 0.853125 0.051562 0.053125
0 0.778906 0.902344 0.035937 0.048438
0 0.425000 0.864062 0.125000 0.150000
0 0.271875 0.521094 0.037500 0.051562
0 0.767969 0.507812 0.035937 0.037500
0 0.746094 0.620313 0.076563 0.103125
0 0.541406 0.563281 0.164062 0.154688
0 0.783594 0.458594 0.073438 0.054688
0 0.742188 0.422656 0.065625 0.048438
0 0.837500 0.439063 0.059375 0.068750
0 0.907031 0.254688 0.145313 0.193750
0 0.426563 0.444531 0.040625 0.051562
1 0.901563 0.745313 0.196875 0.315625
0 0.673438 0.421094 0.037500 0.039062
0 0.533594 0.778125 0.032813 0.040625
0 0.698438 0.444531 0.050000 0.054688
0 0.869531 0.791406 0.095312 0.129688
0 0.505469 0.695312 0.089063 0.112500
0 0.307031 0.189062 0.045312 0.034375
0 0.367188 0.037500 0.106250 0.046875
0 0.332813 0.025000 0.062500 0.018750
0 0.441406 0.009375 0.079687 0.018750
