0 0.885156 0.235937 0.048438 0.059375
0 0.803125 0.071094 0.037500 0.035937
0 0.105469 0.278125 0.070312 0.040625
0 0.205469 0.267188 0.051562 0.037500
0 0.986719 0.653125 0.026562 0.034375
0 0.822656 0.175781 0.026562 0.029687
0 0.497656 0.090625 0.023438 0.021875
0 0.296094 0.363281 0.035937 0.032813
0 0.096094 0.317188 0.029687 0.028125
0 0.090625 0.092937 0.181250 0.185875
0 0.378125 0.246875 0.037500 0.034375
0 0.566406 0.091406 0.039062 0.032813
0 0.269531 0.462500 0.082812 0.071875
0 0.234375 0.181250 0.196875 0.140625
0 0.871875 0.087500 0.046875 0.043750
0 0.008367 0.416133 0.016734 0.060391
0 0.253125 0.264844 0.043750 0.026562
0 0.022398 0.131766 0.044797 0.076031
0 0.732812 0.282813 0.025000 0.034375
0 0.603125 0.074219 0.015625 0.029687
0 0.418750 0.145313 0.040625 0.034375
0 0.920312 0.096875 0.018750 0.018750
0 0.028914 0.528094 0.057828 0.049938
0 0.434375 0.203125 0.031250 0.037500
0 0.553125 0.017969 0.059375 0.032813
0 0.282031 0.328125 0.079687 0.059375
0 0.102344 0.546094 0.057813 0.042188
0 0.553125 0.053906 0.053125 0.042188
0 0.840625 0.271875 0.037500 0.056250
0 0.844531 0.532813 0.054688 0.050000
1 0.664062 0.475000 0.153125 0.187500
0 0.859375 0.005469 0.034375 0.010937
0 0.336719 0.315625 0.029687 0.031250
0 0.942187 0.021094 0.109375 0.042188
0 0.639062 0.028125 0.015625 0.015625
0 0.871875 0.460938 0.050000 0.050000
0 0.059375 0.190625 0.075000 0.059375
0 0.028422 0.239805 0.056844 0.045234
0 0.410938 0.235937 0.034375 0.028125
0 0.464062 0.128906 0.043750 0.039062
0 0.170313 0.129688 0.028125 0.031250
0 0.854688 0.365625 0.034375 0.031250
0 0.042969 0.364063 0.085938 0.096875
0 0.857031 0.171875 0.039062 0.037500
0 0.192969 0.444531 0.079687 0.089063
0 0.361719 0.224219 0.032813 0.029687
0 0.282031 0.028961 0.085938 0.048547
0 0.933594 0.386719 0.057813 0.057813
0 0.924219 0.603906 0.054688 0.057813
0 0.959375 0.251563 0.053125 0.040625
0 0.301563 0.271875 0.053125 0.053125
0 0.290625 0.412500 0.015625 0.021875
0 0.967969 0.206250 0.051562 0.040625
1 0.562570 0.058516 0.134516 0.117031
1 0.682781 0.022125 0.121812 0.044250
0 0.400055 0.044500 0.134484 0.073375
0 0.356203 0.082211 0.115531 0.064422
0 0.223781 0.031672 0.053812 0.032094
0 0.129937 0.313047 0.041125 0.038594
0 0.024234 0.555461 0.048469 0.032797
