0 0.494531 0.455469 0.079687 0.129688
0 0.281250 0.442969 0.040625 0.039062
0 0.778906 0.491406 0.048438 0.054688
0 0.725781 0.194531 0.029687 0.020313
0 0.364063 0.539062 0.037500 0.043750
0 0.015625 0.412500 0.031250 0.068750
0 0.701562 0.317188 0.043750 0.040625
0 0.903906 0.246094 0.032813 0.035937
0 0.830469 0.367969 0.104688 0.110937
0 0.946875 0.166406 0.018750 0.029687
0 0.156250 0.604688 0.065625 0.059375
0 0.726562 0.144531 0.037500 0.035937
0 0.758594 0.200000 0.023438 0.021875
0 0.792969 0.727344 0.079687 0.067187
0 0.307812 0.169531 0.040625 0.042188
0 0.753906 0.168750 0.023438 0.028125
0 0.936719 0.768750 0.045312 0.043750
0 0.926562 0.021094 0.012500 0.020313
0 0.056250 0.847656 0.018750 0.029687
0 0.957812 0.410938 0.053125 0.078125
0 0.374219 0.760156 0.039062 0.042188
0 0.358594 0.705469 0.039062 0.039062
0 0.701562 0.111719 0.021875 0.014063
0 0.676562 0.376563 0.078125 0.065625
0 0.385937 0.578906 0.037500 0.060937
0 0.719531 0.664844 0.085938 0.107813
0 0.134375 0.197656 0.034375 0.029687
0 0.314063 0.795312 0.040625 0.037500
0 0.144531 0.318750 0.042188 0.040625
0 0.092188 0.975000 0.053125 0.050000
0 0.392969 0.518750 0.039062 0.037500
0 0.721875 0.346875 0.053125 0.046875
0 0.604688 0.220312 0.025000 0.034375
0 0.653125 0.169531 0.078125 0.085938
0 0.422656 0.667188 0.045312 0.040625
0 0.531250 0.574219 0.134375 0.135937
0 0.719531 0.499219 0.048438 0.060937
0 0.462500 0.217969 0.021875 0.026562
0 0.370312 0.335156 0.031250 0.026562
0 0.557031 0.814844 0.057813 0.054688
0 0.689844 0.868750 0.104688 0.084375
0 0.985938 0.419531 0.021875 0.042188
0 0.868750 0.808594 0.050000 0.045312
0 0.692969 0.200000 0.026562 0.025000
0 0.354687 0.660156 0.050000 0.045312
0 0.421875 0.453906 0.087500 0.098437
0 0.704688 0.171875 0.031250 0.025000
0 0.271875 0.477344 0.040625 0.039062
0 0.827344 0.907031 0.051562 0.048438
0 0.069531 0.440625 0.054688 0.053125
0 0.930469 0.063281 0.014063 0.020313
0 0.187500 0.967187 0.050000 0.046875
0 0.518750 0.864062 0.037500 0.043750
0 0.267969 0.190625 0.032813 0.028125
0 0.179688 0.340625 0.040625 0.040625
0 0.675000 0.121875 0.034375 0.031250
0 0.226562 0.933594 0.040625 0.039062
0 0.129688 0.708594 0.053125 0.045312
0 0.811719 0.190625 0.107813 0.096875
0 0.373437 0.114062 0.037500 0.043750
0 0.158594 0.583594 0.057813 0.064062
0 0.439844 0.149219 0.039062 0.029687
0 0.153125 0.545312 0.056250 0.056250
0 0.775000 0.100781 0.028125 0.023438
0 0.938281 0.209375 0.048438 0.053125
0 0.273438 0.396094 0.031250 0.026562
0 0.989062 0.875781 0.021875 0.082812
0 0.385937 0.228906 0.037500 0.029687
0 0.385156 0.305469 0.035937 0.032813
0 0.996094 0.650781 0.007812 0.032813
0 0.427344 0.366406 0.089063 0.114062
0 0.744531 0.544531 0.051562 0.054688
0 0.570312 0.987500 0.059375 0.025000
0 0.283594 0.525781 0.042188 0.045312
0 0.865625 0.192188 0.025000 0.021875
0 0.712500 0.253125 0.071875 0.084375
0 0.130469 0.835156 0.054688 0.048438
0 0.897656 0.205469 0.057813 0.051562
0 0.140625 0.481250 0.034375 0.028125
0 0.638281 0.585156 0.114062 0.135937
0 0.625781 0.359375 0.045312 0.050000
0 0.900000 0.280469 0.040625 0.039062
0 0.204687 0.751563 0.106250 0.131250
0 0.763281 0.290625 0.026562 0.028125
0 0.503906 0.389062 0.035937 0.040625
0 0.431250 0.588281 0.037500 0.042188
0 0.317188 0.146875 0.040625 0.040625
0 0.296875 0.414844 0.031250 0.026562
0 0.235156 0.532031 0.039062 0.035937
0 0.915625 0.160156 0.040625 0.039062
0 0.668750 0.946094 0.078125 0.076563
0 0.235156 0.818750 0.110937 0.121875
0 0.615625 0.696875 0.090625 0.150000
0 0.779687 0.243750 0.046875 0.046875
0 0.578906 0.911719 0.082812 0.070312
0 0.110156 0.380469 0.039062 0.039062
0 0.782813 0.674219 0.053125 0.051562
0 0.747656 0.390625 0.051562 0.053125
0 0.985156 0.492188 0.029687 0.043750
0 0.414062 0.119531 0.043750 0.035937
0 0.911719 0.535156 0.114062 0.201563
1 0.920312 0.532813 0.159375 0.243750
0 0.996094 0.527344 0.007812 0.023438
0 0.355469 0.504687 0.026562 0.043750
0 0.592969 0.416406 0.089063 0.070312
0 0.938281 0.097656 0.010937 0.017188
0 0.872656 0.209375 0.023438 0.021875
