1 0.123438 0.949219 0.143750 0.060937
0 0.607812 0.410938 0.093750 0.196875
0 0.160938 0.900781 0.034375 0.035937
1 0.385156 0.941406 0.098437 0.089063
1 0.621875 0.910156 0.118750 0.179688
1 0.686719 0.716406 0.129688 0.204687
0 0.291406 0.576562 0.067187 0.090625
0 0.546094 0.531250 0.107813 0.059375
1 0.049219 0.864844 0.082812 0.210938
0 0.451562 0.702344 0.059375 0.070312
1 0.296094 0.955469 0.170313 0.073438
0 0.117969 0.685937 0.035937 0.031250
0 0.714844 0.245312 0.020313 0.021875
0 0.214844 0.585156 0.032813 0.029687
0 0.441406 0.279687 0.123438 0.140625
0 0.261719 0.809375 0.132812 0.096875
0 0.268750 0.695312 0.118750 0.056250
1 0.737500 0.512500 0.209375 0.275000
0 0.371094 0.564844 0.032813 0.032813
0 0.353125 0.649219 0.081250 0.142187
1 0.383594 0.431250 0.235937 0.256250
1 0.743750 0.514844 0.056250 0.073438
0 0.033594 0.914844 0.039062 0.110937
0 0.522656 0.600000 0.064062 0.084375
