0 0.543750 0.440625 0.071875 0.071875
0 0.439063 0.647656 0.056250 0.054688
0 0.484375 0.409375 0.015625 0.021875
0 0.932031 0.525000 0.032813 0.065625
0 0.865625 0.850781 0.046875 0.032813
0 0.571875 0.278906 0.015625 0.020313
0 0.625781 0.884375 0.023438 0.028125
0 0.338281 0.308594 0.017188 0.020313
0 0.282813 0.798438 0.065625 0.062500
0 0.314844 0.557031 0.067187 0.114062
0 0.262500 0.439063 0.037500 0.050000
0 0.132031 0.351562 0.035937 0.046875
0 0.427344 0.967187 0.032813 0.034375
0 0.209375 0.307031 0.034375 0.073438
0 0.477344 0.555469 0.026562 0.023438
0 0.245312 0.031250 0.031250 0.025000
1 0.660156 0.350000 0.092188 0.100000
0 0.394531 0.304688 0.042188 0.046875
0 0.914844 0.687500 0.060937 0.056250
0 0.354687 0.618750 0.040625 0.043750
0 0.370312 0.179688 0.075000 0.081250
0 0.614844 0.394531 0.060937 0.060937
0 0.435937 0.856250 0.018750 0.018750
0 0.171875 0.064062 0.037500 0.040625
0 0.475781 0.949219 0.026562 0.020313
0 0.389062 0.996094 0.025000 0.007812
0 0.471094 0.771094 0.017188 0.023438
0 0.595313 0.231250 0.084375 0.084375
0 0.478125 0.714063 0.034375 0.034375
0 0.125781 0.663281 0.064062 0.070312
0 0.725000 0.935937 0.078125 0.075000
0 0.223438 0.775781 0.031250 0.032813
0 0.459375 0.682031 0.034375 0.042188
0 0.169531 0.749219 0.089063 0.107813
0 0.323437 0.121094 0.112500 0.132812
0 0.261719 0.744531 0.060937 0.070312
0 0.784375 0.917188 0.087500 0.078125
0 0.271875 0.851562 0.028125 0.028125
0 0.974219 0.910937 0.029687 0.031250
0 0.597656 0.906250 0.064062 0.071875
0 0.399219 0.028906 0.029687 0.042188
0 0.480469 0.807813 0.017188 0.021875
0 0.863281 0.900781 0.064062 0.060937
0 0.535937 0.848437 0.025000 0.028125
0 0.402344 0.951562 0.020313 0.021875
0 0.481250 0.030469 0.028125 0.042188
0 0.825000 0.867969 0.037500 0.045312
0 0.385156 0.955469 0.042188 0.042188
0 0.210156 0.524219 0.045312 0.057813
0 0.575000 0.214844 0.021875 0.029687
0 0.669531 0.182812 0.014063 0.018750
0 0.546094 0.306250 0.014063 0.018750
0 0.360938 0.305469 0.015625 0.017188
0 0.236719 0.270313 0.039062 0.056250
0 0.413281 0.992188 0.026562 0.015625
0 0.364844 0.885156 0.029687 0.035937
0 0.514844 0.251563 0.045312 0.050000
0 0.264844 0.591406 0.079687 0.092188
0 0.181250 0.621094 0.037500 0.039062
0 0.454688 0.783594 0.018750 0.023438
0 0.349219 0.348438 0.042188 0.037500
0 0.453906 0.939844 0.023438 0.023438
0 0.460156 0.060937 0.026562 0.040625
0 0.442188 0.992969 0.018750 0.014063
0 0.617188 0.855469 0.034375 0.045312
0 0.903906 0.839063 0.060937 0.043750
0 0.525000 0.094531 0.031250 0.032813
0 0.225000 0.830469 0.062500 0.073438
0 0.425000 0.182031 0.206250 0.235937
0 0.083594 0.272656 0.048438 0.045312
0 0.304688 0.825000 0.025000 0.018750
0 0.280469 0.496875 0.029687 0.043750
0 0.330469 0.906250 0.085938 0.109375
0 0.859375 0.275000 0.118750 0.134375
0 0.149219 0.586719 0.032813 0.032813
0 0.672656 0.952344 0.070312 0.070312
0 0.452344 0.896875 0.114062 0.084375
0 0.293750 0.303125 0.037500 0.037500
0 0.564844 0.600000 0.201563 0.240625
0 0.871875 0.364063 0.081250 0.075000
0 0.327344 0.843750 0.029687 0.034375
0 0.461719 0.979688 0.020313 0.018750
0 0.356250 0.385156 0.043750 0.054688
0 0.524219 0.041406 0.023438 0.035937
0 0.578906 0.744531 0.023438 0.026562
0 0.419531 0.058594 0.029687 0.042188
0 0.038281 0.053125 0.035937 0.025000
0 0.468750 0.995313 0.034375 0.009375
1 0.674219 0.649219 0.239063 0.142187
0 0.659375 0.319531 0.028125 0.020313
1 0.459375 0.314844 0.171875 0.089063
1 0.460938 0.369531 0.171875 0.082812
1 0.396875 0.424219 0.159375 0.085938
1 0.207813 0.420312 0.128125 0.103125
1 0.246875 0.412500 0.053125 0.068750
0 0.142187 0.107031 0.043750 0.060937
0 0.192969 0.286719 0.039062 0.073438
0 0.394531 0.925781 0.014063 0.017188
0 0.406250 0.923438 0.018750 0.018750
0 0.385937 0.870313 0.018750 0.021875
0 0.370312 0.866406 0.015625 0.023438
0 0.350000 0.805469 0.040625 0.039062
0 0.333594 0.788281 0.042188 0.035937
1 0.292187 0.740625 0.209375 0.221875
0 0.474219 0.840625 0.017188 0.018750
0 0.750000 0.007031 0.021875 0.014063
