0 0.984375 0.548438 0.028125 0.043750
0 0.981250 0.815625 0.015625 0.015625
0 0.975984 0.321531 0.048844 0.124313
0 0.733594 0.878906 0.020313 0.017188
0 0.706250 0.439844 0.050000 0.032813
0 0.161781 0.787578 0.073563 0.056406
0 0.827344 0.577344 0.020313 0.023438
0 0.778375 0.478492 0.081750 0.050734
0 0.722656 0.543750 0.114062 0.062500
0 0.546094 0.355469 0.070312 0.045312
0 0.921094 0.115625 0.042188 0.050000
0 0.432812 0.926562 0.040625 0.021875
0 0.309375 0.602344 0.028125 0.020313
0 0.050000 0.292969 0.040625 0.026562
0 0.090625 0.398438 0.078125 0.078125
0 0.476562 0.689063 0.046875 0.034375
0 0.270313 0.715625 0.056250 0.043750
0 0.312500 0.634375 0.059375 0.034375
0 0.478125 0.198437 0.046875 0.040625
0 0.022656 0.521094 0.020313 0.029687
0 0.007812 0.844531 0.015625 0.020313
0 0.325000 0.545312 0.046875 0.034375
0 0.954688 0.701562 0.018750 0.018750
0 0.101562 0.305469 0.059375 0.039062
0 0.769531 0.150781 0.048438 0.048438
0 0.572656 0.476562 0.079687 0.068750
0 0.519531 0.435156 0.082812 0.070312
0 0.682813 0.657031 0.084375 0.048438
0 0.840625 0.548438 0.018750 0.028125
0 0.470313 0.838281 0.021875 0.017188
0 0.785156 0.378906 0.048438 0.064062
0 0.017969 0.248438 0.032813 0.028125
0 0.953125 0.852344 0.018750 0.020313
0 0.900680 0.273125 0.085734 0.127500
0 0.921875 0.743750 0.025000 0.028125
0 0.260156 0.511719 0.039062 0.023438
0 0.457031 0.325781 0.051562 0.082812
0 0.928906 0.853125 0.014063 0.018750
0 0.031250 0.724219 0.028125 0.017188
1 0.122758 0.627062 0.067391 0.091625
0 0.754687 0.445312 0.037500 0.031250
0 0.228125 0.751563 0.040625 0.018750
0 0.380469 0.380469 0.057813 0.045312
0 0.775000 0.621875 0.046875 0.028125
0 0.768750 0.321094 0.046875 0.045312
0 0.415625 0.650781 0.065625 0.057813
0 0.430469 0.562500 0.032813 0.018750
0 0.621094 0.300000 0.085938 0.056250
0 0.984375 0.441406 0.025000 0.117188
0 0.039062 0.603906 0.031250 0.039062
0 0.880469 0.410695 0.104688 0.127641
0 0.387500 0.159375 0.071875 0.050000
0 0.778906 0.688281 0.014063 0.014063
0 0.909375 0.582812 0.065625 0.065625
0 0.515625 0.483594 0.021875 0.014063
0 0.198437 0.574219 0.037500 0.029687
0 0.249219 0.907813 0.045312 0.028125
0 0.260937 0.788281 0.081250 0.054688
0 0.742969 0.669531 0.029687 0.020313
0 0.350781 0.662500 0.060937 0.028125
0 0.959375 0.665625 0.021875 0.021875
0 0.369531 0.775781 0.032813 0.023438
0 0.842187 0.709375 0.059375 0.053125
0 0.608594 0.805469 0.014063 0.010937
0 0.970313 0.464844 0.012500 0.023438
0 0.803125 0.192188 0.046875 0.046875
0 0.364063 0.870313 0.021875 0.015625
0 0.025781 0.813281 0.042188 0.029687
0 0.190625 0.507031 0.059375 0.042188
0 0.185156 0.879687 0.076563 0.059375
0 0.009375 0.610938 0.018750 0.021875
0 0.076563 0.574219 0.043750 0.042188
0 0.343750 0.447656 0.053125 0.029687
0 0.368750 0.807031 0.021875 0.017188
0 0.878906 0.839844 0.020313 0.023438
0 0.487500 0.376563 0.031250 0.031250
0 0.907031 0.491406 0.082812 0.101562
0 0.135937 0.371875 0.131250 0.056250
0 0.925781 0.734375 0.023438 0.043750
0 0.150781 0.292187 0.048438 0.037500
0 0.125000 0.189062 0.200000 0.162500
0 0.844531 0.085938 0.067187 0.096875
0 0.892188 0.712500 0.034375 0.043750
0 0.435156 0.184375 0.039062 0.031250
0 0.940625 0.414062 0.034375 0.068750
0 0.239063 0.578125 0.053125 0.034375
0 0.273438 0.603125 0.031250 0.021875
0 0.052344 0.429688 0.054688 0.028125
0 0.026562 0.402344 0.046875 0.026562
0 0.219531 0.810937 0.035937 0.021875
0 0.057813 0.264062 0.031250 0.021875
0 0.976562 0.135156 0.046875 0.101562
0 0.007031 0.574219 0.014063 0.014063
0 0.947656 0.266406 0.029687 0.042188
0 0.028125 0.778906 0.034375 0.020313
0 0.428125 0.084375 0.071875 0.053125
0 0.872227 0.647609 0.031953 0.035844
0 0.399219 0.592187 0.023438 0.018750
0 0.790625 0.523438 0.021875 0.015625
0 0.843703 0.686102 0.034281 0.019078
0 0.540625 0.267969 0.121875 0.095312
0 0.900000 0.153906 0.012500 0.014063
0 0.908594 0.828125 0.014063 0.012500
0 0.409375 0.526563 0.050000 0.034375
0 0.676562 0.890625 0.015625 0.018750
0 0.195312 0.339062 0.096875 0.046875
0 0.025000 0.375781 0.050000 0.029687
0 0.100000 0.010937 0.093750 0.021875
0 0.235937 0.665625 0.046875 0.046875
0 0.108594 0.761719 0.032813 0.026562
0 0.886164 0.141406 0.041078 0.045312
0 0.214844 0.275781 0.051562 0.039062
0 0.221094 0.531250 0.048438 0.031250
0 0.994531 0.760938 0.010937 0.012500
0 0.864844 0.571875 0.039062 0.046875
0 0.810937 0.635156 0.028125 0.017188
0 0.946875 0.612500 0.087500 0.059375
0 0.253906 0.204687 0.060937 0.046875
0 0.166406 0.826562 0.076563 0.053125
0 0.933594 0.210938 0.057813 0.075000
0 0.491406 0.072656 0.048438 0.042188
0 0.672656 0.483594 0.026562 0.020313
0 0.688281 0.614844 0.017188 0.010937
0 0.985156 0.688281 0.026562 0.032813
0 0.498437 0.432031 0.025000 0.029687
0 0.943750 0.795312 0.025000 0.028125
0 0.691406 0.455469 0.045312 0.035937
0 0.263281 0.464062 0.157812 0.087500
0 0.746875 0.704688 0.050000 0.031250
0 0.259375 0.421875 0.015625 0.015625
0 0.012500 0.887500 0.025000 0.043750
0 0.010156 0.134375 0.020313 0.031250
0 0.109492 0.790422 0.037734 0.018344
0 0.194531 0.629687 0.060937 0.040625
0 0.035156 0.460938 0.051562 0.025000
0 0.314844 0.410938 0.045312 0.025000
0 0.068750 0.785156 0.056250 0.039062
0 0.726562 0.392188 0.059375 0.050000
0 0.628125 0.388281 0.134375 0.114062
0 0.836719 0.838281 0.064062 0.029687
0 0.178906 0.527344 0.026562 0.017188
0 0.010937 0.665625 0.021875 0.059375
0 0.096875 0.879687 0.034375 0.034375
0 0.807031 0.859375 0.017188 0.012500
0 0.405469 0.864062 0.045312 0.028125
0 0.277344 0.377344 0.073438 0.045312
0 0.038281 0.539062 0.035937 0.021875
0 0.341406 0.507812 0.032813 0.028125
0 0.115625 0.457031 0.037500 0.026562
0 0.702344 0.576562 0.082812 0.040625
0 0.286719 0.337500 0.039062 0.021875
0 0.386719 0.553906 0.048438 0.035937
0 0.951562 0.875781 0.021875 0.017188
0 0.268023 0.636047 0.020422 0.022094
0 0.268430 0.664695 0.021234 0.016891
0 0.011000 0.458391 0.022000 0.016781
0 0.074602 0.461617 0.046078 0.035734
0 0.012398 0.418977 0.024797 0.016078
0 0.008391 0.512188 0.016781 0.080625
0 0.008492 0.317859 0.016984 0.026344
1 0.347789 0.227359 0.129953 0.220344
1 0.382250 0.321805 0.205125 0.152984
0 0.967023 0.280117 0.027797 0.035234
0 0.644156 0.600664 0.035187 0.048203
0 0.883977 0.737578 0.014828 0.012656
0 0.940914 0.679625 0.025578 0.024875
0 0.859453 0.615844 0.018906 0.028563
1 0.476555 0.531711 0.293734 0.122797
1 0.464867 0.525523 0.229734 0.113547
1 0.882727 0.340109 0.137328 0.377094
0 0.984375 0.548438 0.028125 0.043750
0 0.981250 0.815625 0.015625 0.015625
0 0.975984 0.321531 0.048844 0.124313
0 0.733594 0.878906 0.020313 0.017188
0 0.706250 0.439844 0.050000 0.032813
0 0.161781 0.787578 0.073563 0.056406
0 0.827344 0.577344 0.020313 0.023438
0 0.778375 0.478492 0.081750 0.050734
0 0.722656 0.543750 0.114062 0.062500
0 0.546094 0.355469 0.070312 0.045312
0 0.921094 0.115625 0.042188 0.050000
0 0.432812 0.926562 0.040625 0.021875
0 0.309375 0.602344 0.028125 0.020313
0 0.050000 0.292969 0.040625 0.026562
0 0.090625 0.398438 0.078125 0.078125
0 0.476562 0.689063 0.046875 0.034375
0 0.270313 0.715625 0.056250 0.043750
0 0.312500 0.634375 0.059375 0.034375
0 0.478125 0.198437 0.046875 0.040625
0 0.022656 0.521094 0.020313 0.029687
0 0.007812 0.844531 0.015625 0.020313
0 0.325000 0.545312 0.046875 0.034375
0 0.954688 0.701562 0.018750 0.018750
0 0.101562 0.305469 0.059375 0.039062
0 0.769531 0.150781 0.048438 0.048438
0 0.572656 0.476562 0.079687 0.068750
0 0.519531 0.435156 0.082812 0.070312
0 0.682813 0.657031 0.084375 0.048438
0 0.840625 0.548438 0.018750 0.028125
0 0.470313 0.838281 0.021875 0.017188
0 0.785156 0.378906 0.048438 0.064062
0 0.017969 0.248438 0.032813 0.028125
0 0.953125 0.852344 0.018750 0.020313
0 0.900680 0.273125 0.085734 0.127500
0 0.921875 0.743750 0.025000 0.028125
0 0.260156 0.511719 0.039062 0.023438
0 0.457031 0.325781 0.051562 0.082812
0 0.928906 0.853125 0.014063 0.018750
0 0.031250 0.724219 0.028125 0.017188
1 0.122758 0.627062 0.067391 0.091625
0 0.754687 0.445312 0.037500 0.031250
0 0.228125 0.751563 0.040625 0.018750
0 0.380469 0.380469 0.057813 0.045312
0 0.775000 0.621875 0.046875 0.028125
0 0.768750 0.321094 0.046875 0.045312
0 0.415625 0.650781 0.065625 0.057813
0 0.430469 0.562500 0.032813 0.018750
0 0.621094 0.300000 0.085938 0.056250
0 0.984375 0.441406 0.025000 0.117188
0 0.039062 0.603906 0.031250 0.039062
0 0.880469 0.410695 0.104688 0.127641
0 0.387500 0.159375 0.071875 0.050000
0 0.778906 0.688281 0.014063 0.014063
0 0.909375 0.582812 0.065625 0.065625
0 0.515625 0.483594 0.021875 0.014063
0 0.198437 0.574219 0.037500 0.029687
0 0.249219 0.907813 0.045312 0.028125
0 0.260937 0.788281 0.081250 0.054688
0 0.742969 0.669531 0.029687 0.020313
0 0.350781 0.662500 0.060937 0.028125
0 0.959375 0.665625 0.021875 0.021875
0 0.369531 0.775781 0.032813 0.023438
0 0.842187 0.709375 0.059375 0.053125
0 0.608594 0.805469 0.014063 0.010937
0 0.970313 0.464844 0.012500 0.023438
0 0.803125 0.192188 0.046875 0.046875
0 0.364063 0.870313 0.021875 0.015625
0 0.025781 0.813281 0.042188 0.029687
0 0.190625 0.507031 0.059375 0.042188
0 0.185156 0.879687 0.076563 0.059375
0 0.009375 0.610938 0.018750 0.021875
0 0.076563 0.574219 0.043750 0.042188
0 0.343750 0.447656 0.053125 0.029687
0 0.368750 0.807031 0.021875 0.017188
0 0.878906 0.839844 0.020313 0.023438
0 0.487500 0.376563 0.031250 0.031250
0 0.907031 0.491406 0.082812 0.101562
0 0.135937 0.371875 0.131250 0.056250
0 0.925781 0.734375 0.023438 0.043750
0 0.150781 0.292187 0.048438 0.037500
0 0.125000 0.189062 0.200000 0.162500
0 0.844531 0.085938 0.067187 0.096875
0 0.892188 0.712500 0.034375 0.043750
0 0.435156 0.184375 0.039062 0.031250
0 0.940625 0.414062 0.034375 0.068750
0 0.239063 0.578125 0.053125 0.034375
0 0.273438 0.603125 0.031250 0.021875
0 0.052344 0.429688 0.054688 0.028125
0 0.026562 0.402344 0.046875 0.026562
0 0.219531 0.810937 0.035937 0.021875
0 0.057813 0.264062 0.031250 0.021875
0 0.976562 0.135156 0.046875 0.101562
0 0.007031 0.574219 0.014063 0.014063
0 0.947656 0.266406 0.029687 0.042188
0 0.028125 0.778906 0.034375 0.020313
0 0.428125 0.084375 0.071875 0.053125
0 0.872227 0.647609 0.031953 0.035844
0 0.399219 0.592187 0.023438 0.018750
0 0.790625 0.523438 0.021875 0.015625
0 0.843703 0.686102 0.034281 0.019078
0 0.540625 0.267969 0.121875 0.095312
0 0.900000 0.153906 0.012500 0.014063
0 0.908594 0.828125 0.014063 0.012500
0 0.409375 0.526563 0.050000 0.034375
0 0.676562 0.890625 0.015625 0.018750
0 0.195312 0.339062 0.096875 0.046875
0 0.025000 0.375781 0.050000 0.029687
0 0.100000 0.010937 0.093750 0.021875
0 0.235937 0.665625 0.046875 0.046875
0 0.108594 0.761719 0.032813 0.026562
0 0.886164 0.141406 0.041078 0.045312
0 0.214844 0.275781 0.051562 0.039062
0 0.221094 0.531250 0.048438 0.031250
0 0.994531 0.760938 0.010937 0.012500
0 0.864844 0.571875 0.039062 0.046875
0 0.810937 0.635156 0.028125 0.017188
0 0.946875 0.612500 0.087500 0.059375
0 0.253906 0.204687 0.060937 0.046875
0 0.166406 0.826562 0.076563 0.053125
0 0.933594 0.210938 0.057813 0.075000
0 0.491406 0.072656 0.048438 0.042188
0 0.672656 0.483594 0.026562 0.020313
0 0.688281 0.614844 0.017188 0.010937
0 0.985156 0.688281 0.026562 0.032813
0 0.498437 0.432031 0.025000 0.029687
0 0.943750 0.795312 0.025000 0.028125
0 0.691406 0.455469 0.045312 0.035937
0 0.263281 0.464062 0.157812 0.087500
0 0.746875 0.704688 0.050000 0.031250
0 0.259375 0.421875 0.015625 0.015625
0 0.012500 0.887500 0.025000 0.043750
0 0.010156 0.134375 0.020313 0.031250
0 0.109492 0.790422 0.037734 0.018344
0 0.194531 0.629687 0.060937 0.040625
0 0.035156 0.460938 0.051562 0.025000
0 0.314844 0.410938 0.045312 0.025000
0 0.068750 0.785156 0.056250 0.039062
0 0.726562 0.392188 0.059375 0.050000
0 0.628125 0.388281 0.134375 0.114062
0 0.836719 0.838281 0.064062 0.029687
0 0.178906 0.527344 0.026562 0.017188
0 0.010937 0.665625 0.021875 0.059375
0 0.096875 0.879687 0.034375 0.034375
0 0.807031 0.859375 0.017188 0.012500
0 0.405469 0.864062 0.045312 0.028125
0 0.277344 0.377344 0.073438 0.045312
0 0.038281 0.539062 0.035937 0.021875
0 0.341406 0.507812 0.032813 0.028125
0 0.115625 0.457031 0.037500 0.026562
0 0.702344 0.576562 0.082812 0.040625
0 0.286719 0.337500 0.039062 0.021875
0 0.386719 0.553906 0.048438 0.035937
0 0.951562 0.875781 0.021875 0.017188
0 0.268023 0.636047 0.020422 0.022094
0 0.268430 0.664695 0.021234 0.016891
0 0.011000 0.458391 0.022000 0.016781
0 0.074602 0.461617 0.046078 0.035734
0 0.012398 0.418977 0.024797 0.016078
0 0.008391 0.512188 0.016781 0.080625
0 0.008492 0.317859 0.016984 0.026344
1 0.347789 0.227359 0.129953 0.220344
1 0.382250 0.321805 0.205125 0.152984
0 0.967023 0.280117 0.027797 0.035234
0 0.644156 0.600664 0.035187 0.048203
0 0.883977 0.737578 0.014828 0.012656
0 0.940914 0.679625 0.025578 0.024875
0 0.859453 0.615844 0.018906 0.028563
1 0.476555 0.531711 0.293734 0.122797
1 0.464867 0.525523 0.229734 0.113547
1 0.882727 0.340109 0.137328 0.377094
