0 0.821875 0.257031 0.100000 0.107813
0 0.561719 0.468750 0.035937 0.037500
0 0.452344 0.472656 0.026562 0.051562
0 0.346875 0.312500 0.046875 0.062500
0 0.528906 0.562500 0.035937 0.043750
0 0.668750 0.469531 0.037500 0.057813
0 0.719641 0.330141 0.045531 0.029031
0 0.660156 0.132812 0.039062 0.028125
0 0.865453 0.350125 0.059031 0.065875
0 0.304688 0.249219 0.025000 0.039062
0 0.521875 0.250781 0.025000 0.023438
0 0.655492 0.314844 0.064109 0.079687
0 0.936367 0.365625 0.057109 0.053125
0 0.939063 0.600000 0.050000 0.062500
0 0.747656 0.902344 0.023438 0.026562
0 0.724219 0.550781 0.067187 0.042188
0 0.850781 0.617969 0.023438 0.020313
0 0.954688 0.303125 0.059375 0.062500
0 0.617750 0.219789 0.054250 0.039578
0 0.853125 0.945312 0.046875 0.037500
0 0.871609 0.695398 0.024469 0.015797
0 0.359742 0.251188 0.081984 0.068000
0 0.773438 0.389062 0.028125 0.021875
0 0.900328 0.478023 0.050656 0.074797
0 0.503125 0.475000 0.096875 0.134375
0 0.982031 0.056250 0.035937 0.046875
0 0.408570 0.328969 0.082766 0.064187
0 0.504687 0.141406 0.093750 0.095312
0 0.720313 0.822656 0.034375 0.039062
0 0.873437 0.078906 0.040625 0.039062
0 0.800781 0.967187 0.054688 0.050000
0 0.260156 0.058594 0.048438 0.067187
0 0.734000 0.592711 0.046125 0.044797
0 0.707031 0.081250 0.076563 0.053125
0 0.759375 0.460938 0.046875 0.034375
0 0.952344 0.421094 0.070312 0.064062
0 0.878336 0.431891 0.056672 0.088781
0 0.899195 0.285938 0.029641 0.028125
0 0.526539 0.059641 0.299953 0.119281
0 0.596875 0.565625 0.090625 0.081250
0 0.376563 0.129688 0.181250 0.212500
0 0.739062 0.019531 0.053125 0.032813
0 0.710156 0.175781 0.079687 0.085938
0 0.433594 0.248438 0.032813 0.021875
0 0.709375 0.289844 0.078125 0.060937
0 0.578906 0.331250 0.104688 0.125000
0 0.775336 0.630125 0.044422 0.041500
0 0.278125 0.204687 0.040625 0.059375
0 0.784375 0.071094 0.031250 0.026562
0 0.608594 0.132812 0.064062 0.050000
0 0.707805 0.777891 0.018734 0.021406
0 0.770680 0.978891 0.010109 0.014031
0 0.762555 0.962016 0.009484 0.014656
0 0.772586 0.992477 0.013922 0.013078
0 0.957594 0.900258 0.083937 0.200516
0 0.830023 0.672102 0.022547 0.025453
0 0.824070 0.606156 0.032516 0.018563
0 0.659500 0.418648 0.012750 0.018547
0 0.679211 0.412242 0.020922 0.018234
0 0.726687 0.379625 0.044000 0.046750
0 0.969141 0.491641 0.016406 0.017656
0 0.393617 0.367188 0.049734 0.043750
0 0.433305 0.411656 0.019734 0.032688
0 0.444805 0.438625 0.023984 0.036625
0 0.885852 0.176008 0.227953 0.220766
0 0.797773 0.013633 0.054922 0.027266
1 0.846750 0.020055 0.306000 0.040109
1 0.744156 0.468516 0.178937 0.158906
1 0.954867 0.385711 0.090984 0.243297
1 0.885563 0.601203 0.186750 0.183656
1 0.861789 0.661406 0.145453 0.132187
0 0.808391 0.785695 0.173031 0.265141
