0 0.383594 0.147656 0.039062 0.039062
0 0.396875 0.567187 0.046875 0.062500
0 0.501563 0.607812 0.015625 0.012500
0 0.449219 0.158594 0.029687 0.020313
0 0.403906 0.459375 0.042188 0.046875
0 0.255469 0.383594 0.017188 0.017188
0 0.607031 0.519531 0.060937 0.042188
0 0.729688 0.246875 0.053125 0.040625
0 0.860156 0.210156 0.035937 0.029687
0 0.371875 0.452344 0.034375 0.035937
0 0.035937 0.676562 0.037500 0.037500
0 0.055469 0.734375 0.014063 0.009375
0 0.357812 0.846875 0.059375 0.068750
0 0.906250 0.387500 0.050000 0.037500
0 0.915625 0.482812 0.087500 0.068750
0 0.674219 0.579688 0.035937 0.037500
0 0.429688 0.539062 0.040625 0.031250
0 0.360938 0.306250 0.056250 0.078125
0 0.421875 0.652344 0.059375 0.057813
0 0.137500 0.695312 0.037500 0.031250
0 0.520312 0.689063 0.018750 0.012500
0 0.210156 0.403125 0.029687 0.025000
0 0.953125 0.824219 0.031250 0.029687
0 0.502344 0.559375 0.095312 0.090625
0 0.746094 0.497656 0.020313 0.014063
0 0.531250 0.116406 0.021875 0.020313
0 0.034375 0.573438 0.065625 0.068750
0 0.853906 0.282031 0.039062 0.067187
0 0.365625 0.372656 0.043750 0.029687
0 0.571875 0.538281 0.034375 0.032813
0 0.751563 0.565625 0.040625 0.046875
0 0.202344 0.331250 0.026562 0.031250
0 0.085156 0.536719 0.057813 0.032813
0 0.775781 0.661719 0.064062 0.064062
0 0.312500 0.323437 0.056250 0.065625
0 0.913281 0.623437 0.051562 0.046875
0 0.267188 0.297656 0.034375 0.029687
0 0.727344 0.515625 0.029687 0.021875
0 0.054688 0.768750 0.031250 0.031250
0 0.216406 0.669531 0.107813 0.095312
0 0.567969 0.157812 0.114062 0.084375
0 0.970313 0.557031 0.053125 0.042188
0 0.190625 0.903906 0.046875 0.042188
0 0.144531 0.580469 0.045312 0.039062
0 0.490625 0.102344 0.050000 0.035937
0 0.296875 0.463281 0.037500 0.032813
0 0.174219 0.744531 0.064062 0.048438
0 0.418750 0.492969 0.034375 0.032813
0 0.424219 0.516406 0.035937 0.026562
0 0.800781 0.450781 0.073438 0.110937
0 0.648438 0.377344 0.050000 0.029687
0 0.062500 0.350781 0.031250 0.029687
0 0.631250 0.335938 0.075000 0.071875
0 0.800000 0.817187 0.025000 0.028125
0 0.938281 0.398438 0.051562 0.043750
0 0.698438 0.321875 0.100000 0.103125
0 0.117188 0.417969 0.034375 0.029687
0 0.355469 0.730469 0.057813 0.057813
0 0.671094 0.408594 0.035937 0.023438
0 0.845313 0.711719 0.031250 0.029687
0 0.644531 0.104688 0.073438 0.040625
0 0.871094 0.317969 0.026562 0.032813
0 0.339844 0.472656 0.054688 0.051562
0 0.906250 0.731250 0.021875 0.018750
0 0.427344 0.419531 0.051562 0.042188
0 0.264062 0.238281 0.078125 0.060937
0 0.226562 0.757812 0.043750 0.028125
0 0.931250 0.170313 0.062500 0.059375
0 0.781250 0.594531 0.056250 0.048438
0 0.390625 0.294531 0.031250 0.032813
0 0.145313 0.383594 0.028125 0.026562
0 0.733594 0.828125 0.051562 0.046875
0 0.447656 0.578906 0.045312 0.042188
0 0.497656 0.483594 0.145313 0.107813
0 0.842187 0.588281 0.075000 0.070312
0 0.275781 0.707031 0.104688 0.089063
0 0.843750 0.736719 0.034375 0.026562
0 0.696094 0.538281 0.042188 0.039062
0 0.429688 0.756250 0.015625 0.015625
0 0.030469 0.476562 0.054688 0.031250
0 0.763281 0.210938 0.070312 0.068750
0 0.796094 0.153125 0.048438 0.034375
0 0.403125 0.354687 0.031250 0.025000
0 0.472656 0.867969 0.048438 0.054688
0 0.363281 0.219531 0.029687 0.045312
0 0.161719 0.602344 0.045312 0.042188
0 0.924219 0.696875 0.032813 0.025000
0 0.811719 0.719531 0.017188 0.017188
0 0.013281 0.423438 0.026562 0.059375
0 0.956250 0.432031 0.021875 0.020313
0 0.340625 0.400000 0.065625 0.059375
0 0.525000 0.752344 0.015625 0.014063
0 0.350781 0.550781 0.073438 0.120313
0 0.289844 0.439063 0.073438 0.043750
0 0.332031 0.250781 0.026562 0.029687
0 0.505469 0.658594 0.017188 0.014063
0 0.539844 0.653125 0.020313 0.015625
0 0.242969 0.632812 0.045312 0.028125
0 0.479687 0.744531 0.025000 0.026562
0 0.478906 0.521875 0.017188 0.012500
0 0.236719 0.353906 0.026562 0.026562
0 0.471094 0.197656 0.023438 0.020313
0 0.266406 0.817187 0.014063 0.012500
0 0.314844 0.633594 0.064062 0.085938
0 0.398438 0.527344 0.034375 0.023438
0 0.616406 0.463281 0.073438 0.057813
0 0.795312 0.535156 0.053125 0.057813
0 0.585156 0.494531 0.029687 0.026562
0 0.021094 0.378906 0.042188 0.070312
0 0.850000 0.813281 0.025000 0.020313
0 0.298438 0.550000 0.071875 0.106250
0 0.959375 0.321094 0.040625 0.035937
0 0.390625 0.678125 0.018750 0.018750
0 0.022656 0.332813 0.045312 0.053125
0 0.263281 0.529687 0.029687 0.037500
0 0.917969 0.810156 0.029687 0.026562
0 0.956250 0.264062 0.021875 0.015625
0 0.290625 0.401562 0.037500 0.028125
0 0.977344 0.358594 0.020313 0.020313
0 0.764844 0.317969 0.085938 0.070312
0 0.387500 0.401562 0.043750 0.034375
0 0.471875 0.385937 0.068750 0.065625
0 0.839844 0.524219 0.042188 0.032813
0 0.576562 0.821875 0.021875 0.021875
0 0.459375 0.180469 0.028125 0.020313
0 0.146875 0.721875 0.025000 0.025000
0 0.889062 0.835938 0.028125 0.025000
0 0.642188 0.518750 0.021875 0.025000
0 0.571094 0.246875 0.051562 0.040625
0 0.074219 0.450781 0.032813 0.026562
0 0.594531 0.396875 0.104688 0.087500
0 0.903125 0.552344 0.034375 0.026562
0 0.246094 0.489063 0.054688 0.040625
0 0.544531 0.632031 0.026562 0.029687
0 0.650000 0.210156 0.059375 0.104688
0 0.790625 0.273438 0.046875 0.037500
0 0.125781 0.774219 0.010937 0.014063
0 0.742188 0.882031 0.021875 0.020313
0 0.073438 0.796875 0.059375 0.037500
0 0.378125 0.707031 0.034375 0.029687
0 0.290625 0.356250 0.021875 0.015625
0 0.419531 0.820312 0.060937 0.065625
0 0.066406 0.617188 0.042188 0.034375
0 0.191406 0.539062 0.110937 0.131250
0 0.969531 0.601562 0.060937 0.046875
0 0.884375 0.427344 0.025000 0.020313
0 0.385156 0.491406 0.051562 0.045312
0 0.111719 0.438281 0.045312 0.026562
0 0.161719 0.645312 0.032813 0.021875
0 0.757031 0.482031 0.017188 0.014063
0 0.992188 0.806250 0.015625 0.028125
0 0.774219 0.493750 0.026562 0.025000
0 0.741406 0.424219 0.067187 0.076563
0 0.782813 0.711719 0.021875 0.020313
0 0.150000 0.329688 0.062500 0.103125
0 0.052344 0.815625 0.014063 0.009375
0 0.360156 0.685937 0.017188 0.015625
0 0.327344 0.593750 0.014063 0.028125
0 0.655469 0.771094 0.032813 0.032813
0 0.677344 0.515625 0.029687 0.028125
0 0.551562 0.439844 0.050000 0.042188
0 0.391406 0.432812 0.020313 0.018750
0 0.521094 0.430469 0.014063 0.023438
1 0.614844 0.392188 0.248438 0.290625
0 0.867969 0.262500 0.045312 0.059375
0 0.815625 0.429688 0.059375 0.093750
0 0.832812 0.403906 0.059375 0.101562
1 0.207031 0.519531 0.173437 0.251563
