0 0.141406 0.592969 0.035937 0.035937
0 0.559375 0.607812 0.059375 0.043750
0 0.608594 0.507031 0.010937 0.014063
0 0.154688 0.527344 0.018750 0.029687
0 0.451562 0.592969 0.043750 0.039062
0 0.366406 0.735156 0.017188 0.017188
0 0.527344 0.394531 0.039062 0.057813
0 0.264062 0.253906 0.037500 0.051562
0 0.235937 0.121875 0.028125 0.034375
0 0.442188 0.624219 0.034375 0.032813
0 0.644531 0.976562 0.035937 0.034375
0 0.702344 0.960938 0.007812 0.012500
0 0.835938 0.667969 0.065625 0.054688
0 0.416406 0.086719 0.035937 0.048438
0 0.511719 0.084375 0.064062 0.084375
0 0.591406 0.333594 0.035937 0.032813
0 0.534375 0.572656 0.028125 0.039062
0 0.296094 0.625781 0.076563 0.051562
0 0.646094 0.589063 0.054688 0.056250
0 0.668750 0.875781 0.028125 0.035937
0 0.689063 0.494531 0.012500 0.017188
0 0.383594 0.782813 0.023438 0.028125
0 0.854688 0.071094 0.028125 0.029687
0 0.560156 0.503125 0.085938 0.090625
0 0.514844 0.256250 0.014063 0.018750
0 0.117969 0.442188 0.020313 0.021875
0 0.540625 0.969531 0.065625 0.060937
0 0.307812 0.131250 0.065625 0.034375
0 0.363281 0.625781 0.026562 0.042188
0 0.543750 0.432031 0.031250 0.032813
0 0.582812 0.254688 0.043750 0.037500
0 0.311719 0.785937 0.029687 0.025000
0 0.508594 0.917188 0.029687 0.056250
0 0.680469 0.236719 0.060937 0.060937
0 0.310156 0.675781 0.064062 0.051562
0 0.650781 0.097656 0.045312 0.048438
0 0.281250 0.719531 0.028125 0.032813
0 0.532031 0.275781 0.020313 0.029687
0 0.736719 0.963281 0.029687 0.029687
0 0.649219 0.796875 0.089063 0.103125
0 0.163281 0.409375 0.076563 0.109375
0 0.589844 0.034375 0.039062 0.050000
0 0.880469 0.837500 0.039062 0.043750
0 0.555469 0.860938 0.035937 0.043750
0 0.102344 0.483594 0.032813 0.048438
0 0.449219 0.700781 0.029687 0.035937
0 0.721094 0.842969 0.045312 0.060937
0 0.485938 0.582031 0.031250 0.032813
0 0.510938 0.576562 0.025000 0.034375
0 0.472656 0.196875 0.107813 0.065625
0 0.386719 0.344531 0.026562 0.048438
0 0.320312 0.925781 0.028125 0.029687
0 0.346094 0.358594 0.067187 0.070312
0 0.836719 0.222656 0.026562 0.023438
0 0.428906 0.055469 0.042188 0.048438
0 0.337500 0.290625 0.096875 0.093750
0 0.390625 0.875781 0.028125 0.032813
0 0.719531 0.661719 0.054688 0.054688
0 0.421094 0.324219 0.020313 0.035937
0 0.734375 0.171094 0.028125 0.029687
0 0.116406 0.329688 0.035937 0.071875
0 0.343750 0.117188 0.031250 0.025000
0 0.460156 0.658594 0.048438 0.051562
0 0.758594 0.110937 0.017188 0.021875
0 0.414062 0.567969 0.040625 0.048438
0 0.223438 0.718750 0.056250 0.075000
0 0.737500 0.792969 0.025000 0.042188
0 0.201563 0.046875 0.056250 0.059375
0 0.614844 0.226562 0.045312 0.053125
0 0.287500 0.594531 0.031250 0.029687
0 0.359375 0.846094 0.025000 0.026562
0 0.842969 0.289844 0.045312 0.048438
0 0.575781 0.558594 0.039062 0.042188
0 0.483594 0.502344 0.098437 0.139063
0 0.610938 0.166406 0.065625 0.070312
0 0.691406 0.739062 0.082812 0.100000
0 0.760938 0.174219 0.025000 0.032813
0 0.550781 0.307812 0.035937 0.040625
0 0.750781 0.588281 0.014063 0.014063
0 0.443750 0.967187 0.028125 0.053125
0 0.230469 0.217969 0.064062 0.067187
0 0.173437 0.181250 0.031250 0.046875
0 0.349219 0.586719 0.023438 0.029687
0 0.864844 0.553906 0.051562 0.045312
0 0.210938 0.617969 0.043750 0.026562
0 0.578906 0.846094 0.039062 0.042188
0 0.725781 0.090625 0.023438 0.031250
0 0.739844 0.205469 0.017188 0.017188
0 0.390625 0.984375 0.056250 0.031250
0 0.464062 0.040625 0.018750 0.021875
0 0.389062 0.653125 0.056250 0.062500
0 0.753125 0.494531 0.012500 0.014063
0 0.539844 0.653125 0.117188 0.065625
0 0.424219 0.706250 0.039062 0.071875
0 0.239063 0.651563 0.028125 0.025000
0 0.658594 0.506250 0.014063 0.015625
0 0.654687 0.471875 0.015625 0.018750
0 0.615625 0.767188 0.025000 0.043750
0 0.742188 0.538281 0.025000 0.023438
0 0.520312 0.523438 0.012500 0.015625
0 0.335938 0.753125 0.025000 0.025000
0 0.195312 0.507031 0.018750 0.023438
0 0.800781 0.754687 0.010937 0.012500
0 0.619531 0.695312 0.082812 0.059375
0 0.520312 0.603125 0.021875 0.034375
0 0.471875 0.382031 0.053125 0.070312
0 0.556250 0.209375 0.056250 0.050000
0 0.500000 0.415625 0.025000 0.028125
0 0.346094 0.975000 0.067187 0.050000
0 0.837500 0.173437 0.018750 0.025000
0 0.535937 0.705469 0.103125 0.064062
0 0.353906 0.030469 0.032813 0.039062
0 0.670312 0.623437 0.018750 0.018750
0 0.299219 0.971094 0.048438 0.057813
0 0.513281 0.739844 0.035937 0.026562
0 0.839063 0.104688 0.025000 0.028125
0 0.296094 0.028906 0.014063 0.020313
0 0.385937 0.703906 0.025000 0.035937
0 0.391406 0.014844 0.020313 0.020313
0 0.335938 0.222656 0.065625 0.082812
0 0.393750 0.605469 0.031250 0.042188
0 0.385156 0.521875 0.060937 0.065625
0 0.549219 0.164062 0.029687 0.040625
0 0.826562 0.446875 0.021875 0.021875
0 0.179688 0.520312 0.018750 0.028125
0 0.696094 0.869531 0.023438 0.023438
0 0.861719 0.136719 0.023438 0.026562
0 0.528125 0.360156 0.025000 0.020313
0 0.253125 0.412500 0.037500 0.050000
0 0.421875 0.921875 0.025000 0.031250
0 0.404687 0.399219 0.081250 0.098437
0 0.579688 0.102344 0.025000 0.032813
0 0.470313 0.753125 0.037500 0.053125
0 0.634375 0.465625 0.028125 0.025000
0 0.221094 0.330469 0.101562 0.051562
0 0.293750 0.194531 0.034375 0.045312
0 0.746875 0.892188 0.012500 0.009375
0 0.898438 0.285938 0.018750 0.021875
0 0.767188 0.946094 0.034375 0.057813
0 0.698438 0.636719 0.028125 0.032813
0 0.342969 0.699219 0.014063 0.020313
0 0.812500 0.602344 0.062500 0.057813
0 0.585938 0.940625 0.031250 0.040625
0 0.517188 0.810937 0.125000 0.103125
0 0.635156 0.033594 0.042188 0.067187
0 0.454688 0.112500 0.018750 0.025000
0 0.482812 0.613281 0.043750 0.048438
0 0.411719 0.884375 0.023438 0.043750
0 0.622656 0.847656 0.020313 0.032813
0 0.499219 0.243750 0.014063 0.015625
0 0.841406 0.021875 0.026562 0.031250
0 0.513281 0.228125 0.023438 0.025000
0 0.441406 0.254688 0.073438 0.062500
0 0.732031 0.234375 0.020313 0.021875
0 0.304688 0.839063 0.100000 0.056250
0 0.783594 0.968750 0.007812 0.012500
0 0.675000 0.653125 0.015625 0.015625
0 0.580469 0.679688 0.026562 0.012500
0 0.781250 0.364063 0.031250 0.031250
0 0.527344 0.325000 0.026562 0.028125
0 0.444531 0.445312 0.039062 0.046875
0 0.426563 0.603906 0.018750 0.020313
0 0.431250 0.475000 0.021875 0.012500
1 0.400781 0.378125 0.276562 0.231250
0 0.289062 0.116406 0.056250 0.042188
0 0.452344 0.181250 0.092188 0.053125
0 0.426563 0.162500 0.100000 0.053125
1 0.498437 0.794531 0.243750 0.157812
