0 0.623437 0.029687 0.046875 0.034375
0 0.886719 0.074219 0.017188 0.017188
0 0.396875 0.017969 0.131250 0.035937
0 0.910156 0.328906 0.020313 0.023438
0 0.471875 0.288281 0.040625 0.054688
0 0.732031 0.879687 0.067187 0.081250
0 0.627344 0.189844 0.026562 0.023438
0 0.521875 0.221875 0.062500 0.087500
0 0.577344 0.287500 0.079687 0.121875
0 0.364063 0.432031 0.056250 0.076563
0 0.184375 0.024219 0.056250 0.048438
0 0.910937 0.632812 0.028125 0.043750
0 0.571875 0.704688 0.025000 0.031250
0 0.225781 0.912500 0.032813 0.043750
0 0.335156 0.888281 0.089063 0.089063
0 0.682813 0.553906 0.040625 0.051562
0 0.675781 0.760938 0.051562 0.062500
0 0.603125 0.707031 0.043750 0.064062
0 0.198437 0.475000 0.046875 0.053125
0 0.446094 0.976562 0.032813 0.025000
0 0.517188 0.680469 0.040625 0.051562
0 0.770312 0.082812 0.021875 0.021875
0 0.244531 0.864844 0.048438 0.064062
0 0.197656 0.180469 0.054688 0.054688
0 0.488281 0.425781 0.079687 0.089063
0 0.438281 0.471094 0.082812 0.092188
0 0.683594 0.343750 0.060937 0.090625
0 0.600000 0.171094 0.031250 0.023438
0 0.828906 0.582812 0.020313 0.025000
0 0.425781 0.200781 0.070312 0.057813
0 0.175781 0.937500 0.032813 0.037500
0 0.919531 0.109375 0.023438 0.021875
0 0.339062 0.069531 0.140625 0.104688
0 0.806250 0.122656 0.031250 0.029687
0 0.474219 0.739844 0.029687 0.042188
0 0.321875 0.516406 0.090625 0.064062
0 0.914844 0.132031 0.020313 0.017188
0 0.646875 0.991406 0.021875 0.017188
1 0.566406 0.892188 0.101562 0.081250
0 0.485938 0.239844 0.037500 0.042188
0 0.704688 0.809375 0.025000 0.043750
0 0.364063 0.600781 0.053125 0.064062
0 0.664062 0.248438 0.034375 0.050000
0 0.366406 0.206250 0.051562 0.053125
0 0.636719 0.608594 0.067187 0.073438
0 0.550781 0.578906 0.023438 0.035937
0 0.320312 0.350000 0.068750 0.093750
0 0.517969 0.017188 0.120313 0.034375
0 0.529687 0.971875 0.043750 0.037500
0 0.471094 0.111719 0.142187 0.123438
0 0.146094 0.559375 0.060937 0.078125
0 0.729688 0.254688 0.015625 0.015625
0 0.646875 0.109375 0.075000 0.075000
0 0.486719 0.482031 0.017188 0.023438
0 0.525781 0.810156 0.035937 0.042188
0 0.862500 0.813281 0.034375 0.048438
0 0.747656 0.782031 0.067187 0.089063
0 0.704688 0.288281 0.025000 0.032813
0 0.637500 0.674219 0.037500 0.064062
0 0.735938 0.073438 0.025000 0.025000
0 0.753125 0.672656 0.028125 0.035937
0 0.759375 0.194531 0.062500 0.067187
0 0.818750 0.440625 0.012500 0.015625
0 0.539062 0.029687 0.025000 0.015625
0 0.242188 0.153125 0.053125 0.053125
0 0.845313 0.692969 0.018750 0.023438
0 0.458594 0.807813 0.051562 0.065625
0 0.827344 0.871875 0.070312 0.084375
0 0.532813 0.995313 0.025000 0.009375
0 0.507031 0.931250 0.048438 0.050000
0 0.423438 0.647656 0.037500 0.057813
0 0.783594 0.678125 0.020313 0.025000
0 0.894531 0.178906 0.026562 0.023438
0 0.375781 0.492969 0.035937 0.035937
0 0.554688 0.097656 0.112500 0.098437
0 0.316406 0.839844 0.076563 0.139063
0 0.798438 0.116406 0.046875 0.029687
0 0.239844 0.812500 0.045312 0.053125
0 0.133594 0.822656 0.192188 0.223438
0 0.145313 0.096875 0.106250 0.081250
0 0.771094 0.146875 0.048438 0.040625
0 0.178125 0.515625 0.037500 0.043750
0 0.483594 0.052344 0.073438 0.045312
0 0.536719 0.771094 0.042188 0.057813
0 0.566406 0.740625 0.026562 0.034375
0 0.360156 0.932031 0.035937 0.057813
0 0.328906 0.953125 0.032813 0.050000
0 0.763281 0.825781 0.026562 0.039062
0 0.197656 0.900000 0.026562 0.034375
0 0.495312 0.995313 0.015625 0.009375
0 0.339062 0.021094 0.046875 0.035937
0 0.701562 0.995313 0.025000 0.009375
0 0.077344 0.505469 0.064062 0.079687
0 0.704688 0.155469 0.040625 0.035937
0 0.575000 0.614844 0.021875 0.026562
0 0.568750 0.217969 0.018750 0.023438
0 0.738281 0.190625 0.023438 0.037500
0 0.278125 0.424219 0.112500 0.135937
0 0.220312 0.052344 0.015625 0.014063
0 0.888281 0.148438 0.014063 0.015625
0 0.511719 0.594531 0.042188 0.054688
0 0.913281 0.387500 0.020313 0.018750
0 0.294531 0.776563 0.060937 0.103125
0 0.303125 0.950781 0.037500 0.054688
0 0.621875 0.787500 0.053125 0.053125
0 0.696875 0.928906 0.031250 0.035937
0 0.205469 0.062500 0.051562 0.046875
0 0.234375 0.747656 0.046875 0.057813
0 0.488281 0.781250 0.039062 0.053125
0 0.835156 0.053125 0.014063 0.012500
0 0.628125 0.152344 0.053125 0.045312
0 0.682813 0.214844 0.021875 0.029687
0 0.681250 0.075781 0.071875 0.095312
0 0.170313 0.697656 0.056250 0.067187
0 0.769531 0.881250 0.064062 0.084375
0 0.282031 0.030469 0.082812 0.060937
0 0.076563 0.442969 0.050000 0.054688
0 0.511719 0.327344 0.023438 0.029687
0 0.642969 0.332813 0.014063 0.018750
0 0.761719 0.050000 0.035937 0.031250
0 0.433594 0.491406 0.032813 0.029687
0 0.860938 0.108594 0.031250 0.029687
0 0.486719 0.304688 0.042188 0.050000
0 0.427344 0.728906 0.110937 0.170313
0 0.739844 0.289844 0.039062 0.054688
0 0.385156 0.725781 0.017188 0.017188
0 0.062500 0.926562 0.034375 0.025000
0 0.725000 0.931250 0.025000 0.040625
0 0.579688 0.822656 0.050000 0.067187
0 0.389844 0.953906 0.032813 0.054688
0 0.382812 0.669531 0.031250 0.048438
0 0.712500 0.970313 0.046875 0.059375
0 0.428125 0.260156 0.059375 0.067187
0 0.409375 0.356250 0.134375 0.150000
0 0.886719 0.221094 0.039062 0.067187
0 0.476562 0.822656 0.021875 0.029687
0 0.585938 0.996094 0.062500 0.007812
0 0.811719 0.958594 0.039062 0.039062
0 0.903125 0.253125 0.015625 0.018750
0 0.845313 0.650781 0.034375 0.048438
0 0.343750 0.700781 0.056250 0.079687
0 0.466406 0.963281 0.026562 0.039062
0 0.482031 0.657813 0.032813 0.037500
0 0.397656 0.873437 0.032813 0.040625
0 0.607812 0.314063 0.053125 0.087500
0 0.306250 0.686719 0.028125 0.042188
0 0.534375 0.620313 0.043750 0.053125
0 0.941406 0.114062 0.020313 0.025000
0 0.598437 0.750781 0.025000 0.023438
0 0.627344 0.754687 0.020313 0.025000
0 0.383594 0.976562 0.020313 0.025000
0 0.396094 0.914062 0.042188 0.050000
0 0.345313 0.969531 0.018750 0.026562
0 0.435156 0.985938 0.082812 0.028125
0 0.242969 0.957812 0.029687 0.021875
1 0.207813 0.607812 0.237500 0.162500
1 0.305469 0.588281 0.182812 0.226562
0 0.356250 0.010156 0.040625 0.020313
0 0.621875 0.373437 0.053125 0.043750
0 0.794531 0.157812 0.014063 0.015625
0 0.746875 0.093750 0.028125 0.028125
0 0.670312 0.163281 0.031250 0.023438
1 0.527344 0.529687 0.167187 0.309375
1 0.521094 0.538281 0.148438 0.245312
1 0.401562 0.096875 0.393750 0.193750
