1 0.025555 0.154711 0.051109 0.140672
0 0.596133 0.601797 0.192266 0.081719
0 0.076563 0.189938 0.034375 0.033000
1 0.052344 0.416406 0.082812 0.092188
1 0.092969 0.651563 0.185938 0.106250
1 0.296875 0.701562 0.196875 0.115625
0 0.410156 0.297656 0.085938 0.060937
0 0.472906 0.547867 0.052062 0.105109
1 0.104344 0.074766 0.205563 0.068281
0 0.296094 0.464805 0.067187 0.054609
1 0.031594 0.328031 0.063187 0.165437
0 0.286719 0.131250 0.029687 0.034375
0 0.769531 0.696875 0.020313 0.018750
0 0.396875 0.221875 0.028125 0.031250
0 0.716406 0.427344 0.132812 0.114062
0 0.175000 0.282391 0.087500 0.127281
0 0.289844 0.281211 0.048438 0.115547
1 0.504898 0.736703 0.262922 0.192156
0 0.426563 0.376563 0.031250 0.031250
0 0.340758 0.362438 0.137766 0.071750
1 0.561445 0.379219 0.241641 0.220938
1 0.502578 0.743289 0.070781 0.052203
0 0.055023 0.063820 0.110047 0.030766
0 0.402836 0.528703 0.080672 0.057406
