0 0.142969 0.495312 0.067187 0.037500
0 0.629687 0.627344 0.025000 0.020313
0 0.110937 0.466406 0.071875 0.042188
0 0.474219 0.827344 0.060937 0.064062
0 0.389844 0.714063 0.023438 0.025000
0 0.596094 0.832031 0.054688 0.029687
0 0.198437 0.531250 0.021875 0.025000
0 0.172656 0.872656 0.010937 0.010937
0 0.389844 0.871875 0.042188 0.028125
0 0.726562 0.648438 0.021875 0.025000
0 0.658594 0.420312 0.017188 0.015625
0 0.666406 0.085938 0.098437 0.100000
0 0.872656 0.447656 0.039062 0.026562
0 0.495312 0.559375 0.025000 0.025000
0 0.378125 0.741406 0.021875 0.017188
0 0.621875 0.426563 0.056250 0.053125
0 0.500781 0.417969 0.039062 0.039062
0 0.378906 0.584375 0.023438 0.021875
0 0.375000 0.150000 0.025000 0.034375
0 0.660156 0.673438 0.020313 0.021875
0 0.144531 0.012500 0.054688 0.025000
0 0.190625 0.006250 0.021875 0.012500
0 0.565625 0.388281 0.034375 0.035937
0 0.733594 0.570312 0.057813 0.056250
0 0.301563 0.813281 0.031250 0.032813
0 0.496875 0.914062 0.056250 0.056250
0 0.461719 0.794531 0.057813 0.026562
0 0.389844 0.228906 0.054688 0.042188
0 0.137500 0.736719 0.043750 0.042188
0 0.658594 0.878906 0.045312 0.057813
0 0.575000 0.809375 0.025000 0.025000
0 0.562500 0.152344 0.028125 0.023438
0 0.387500 0.757031 0.040625 0.039062
0 0.209375 0.444531 0.084375 0.067187
0 0.183594 0.158594 0.026562 0.026562
0 0.121094 0.659375 0.023438 0.018750
0 0.461719 0.722656 0.017188 0.010937
0 0.709375 0.437500 0.128125 0.112500
0 0.587500 0.930469 0.078125 0.054688
0 0.768750 0.598437 0.034375 0.034375
0 0.558594 0.680469 0.026562 0.023438
0 0.176563 0.855469 0.012500 0.014063
0 0.382031 0.797656 0.079687 0.057813
0 0.353906 0.377344 0.060937 0.054688
0 0.475000 0.961719 0.025000 0.029687
0 0.363281 0.454688 0.023438 0.025000
0 0.571875 0.730469 0.037500 0.035937
0 0.121875 0.393750 0.025000 0.028125
0 0.408594 0.981250 0.042188 0.028125
0 0.396875 0.889844 0.040625 0.032813
0 0.578906 0.877344 0.039062 0.039062
0 0.610938 0.610938 0.031250 0.037500
0 0.282031 0.951562 0.032813 0.037500
0 0.385156 0.918750 0.023438 0.025000
0 0.469531 0.014844 0.057813 0.029687
0 0.139844 0.517188 0.020313 0.021875
0 0.544531 0.161719 0.020313 0.026562
0 0.346875 0.958594 0.090625 0.057813
0 0.350781 0.582812 0.026562 0.025000
0 0.543750 0.736719 0.037500 0.029687
0 0.265625 0.004687 0.037500 0.009375
0 0.136719 0.711719 0.023438 0.023438
0 0.162500 0.277344 0.025000 0.023438
0 0.850781 0.603906 0.042188 0.045312
0 0.251563 0.827344 0.050000 0.029687
0 0.626563 0.710156 0.018750 0.020313
0 0.889062 0.393750 0.040625 0.043750
0 0.521875 0.181250 0.028125 0.037500
0 0.500000 0.473438 0.159375 0.115625
0 0.472656 0.554688 0.026562 0.025000
0 0.693750 0.332031 0.050000 0.060937
0 0.592187 0.657031 0.034375 0.032813
0 0.151562 0.453125 0.021875 0.028125
0 0.481250 0.592187 0.028125 0.021875
0 0.368750 0.705469 0.028125 0.026562
0 0.429688 0.032031 0.046875 0.042188
0 0.330469 0.559375 0.023438 0.021875
0 0.235937 0.025781 0.021875 0.020313
0 0.853125 0.353906 0.018750 0.020313
0 0.964844 0.178906 0.023438 0.026562
0 0.600000 0.260937 0.059375 0.056250
0 0.259375 0.675781 0.050000 0.032813
0 0.478125 0.740625 0.025000 0.025000
0 0.665625 0.632812 0.025000 0.028125
0 0.358594 0.750000 0.017188 0.018750
0 0.620313 0.342969 0.021875 0.023438
0 0.246094 0.250000 0.035937 0.034375
0 0.304688 0.553125 0.021875 0.021875
0 0.325781 0.135937 0.035937 0.034375
0 0.345313 0.769531 0.040625 0.026562
0 0.175781 0.225000 0.107813 0.093750
0 0.512500 0.950000 0.028125 0.031250
0 0.588281 0.621094 0.023438 0.020313
0 0.703125 0.677344 0.018750 0.020313
0 0.550781 0.553125 0.117188 0.071875
0 0.182812 0.024219 0.043750 0.035937
0 0.423438 0.555469 0.087500 0.089063
0 0.578906 0.414844 0.039062 0.032813
0 0.759375 0.097656 0.078125 0.079687
0 0.540625 0.985938 0.046875 0.028125
0 0.925000 0.519531 0.090625 0.064062
0 0.621094 0.778906 0.026562 0.026562
0 0.607031 0.525000 0.029687 0.034375
0 0.379688 0.564063 0.028125 0.031250
0 0.704688 0.625781 0.025000 0.020313
0 0.459375 0.870313 0.078125 0.065625
0 0.790625 0.674219 0.084375 0.067187
0 0.182812 0.821094 0.031250 0.029687
0 0.670312 0.028125 0.018750 0.015625
0 0.133594 0.832031 0.017188 0.017188
0 0.541406 0.837500 0.070312 0.056250
0 0.617188 0.859375 0.025000 0.025000
0 0.332813 0.922656 0.071875 0.048438
0 0.678906 0.814063 0.092188 0.071875
0 0.264062 0.863281 0.034375 0.029687
0 0.235937 0.896875 0.046875 0.040625
0 0.550000 0.603906 0.028125 0.029687
0 0.426563 0.942969 0.062500 0.079687
0 0.877344 0.563281 0.035937 0.039062
0 0.483594 0.382812 0.051562 0.040625
0 0.608594 0.799219 0.017188 0.014063
0 0.565625 0.507031 0.053125 0.039062
0 0.714063 0.232813 0.121875 0.112500
0 0.395313 0.371875 0.018750 0.018750
0 0.791406 0.133594 0.070312 0.064062
0 0.910937 0.273438 0.046875 0.053125
0 0.249219 0.540625 0.048438 0.043750
0 0.376563 0.513281 0.034375 0.039062
0 0.459375 0.991406 0.025000 0.017188
0 0.525781 0.605469 0.032813 0.029687
0 0.324219 0.471875 0.020313 0.018750
0 0.451562 0.175000 0.037500 0.040625
0 0.539844 0.032813 0.064062 0.040625
0 0.650781 0.698438 0.023438 0.021875
0 0.989062 0.306250 0.021875 0.053125
0 0.473438 0.046094 0.053125 0.045312
0 0.629687 0.664062 0.025000 0.025000
0 0.257031 0.182812 0.029687 0.025000
0 0.496875 0.699219 0.025000 0.026562
0 0.126562 0.880469 0.065625 0.064062
0 0.826562 0.434375 0.068750 0.056250
0 0.463281 0.093750 0.060937 0.062500
0 0.656250 0.592969 0.025000 0.048438
0 0.492969 0.180469 0.023438 0.017188
0 0.255469 0.417187 0.032813 0.034375
0 0.145313 0.056250 0.046875 0.034375
0 0.255469 0.350000 0.179688 0.137500
0 0.722656 0.614844 0.023438 0.014063
0 0.778906 0.282813 0.051562 0.053125
0 0.507031 0.302344 0.039062 0.035937
0 0.521875 0.276562 0.040625 0.037500
0 0.149219 0.773438 0.017188 0.015625
0 0.565625 0.346094 0.050000 0.045312
0 0.757031 0.534375 0.054688 0.059375
0 0.136719 0.128125 0.048438 0.043750
0 0.289844 0.288281 0.032813 0.035937
0 0.453906 0.775781 0.064062 0.029687
0 0.203906 0.396094 0.039062 0.032813
0 0.303906 0.885156 0.026562 0.029687
0 0.760156 0.039062 0.032813 0.012500
0 0.637500 0.482812 0.018750 0.021875
0 0.708594 0.498437 0.092188 0.112500
0 0.294531 0.444531 0.020313 0.017188
0 0.686719 0.667969 0.017188 0.017188
0 0.237500 0.125781 0.021875 0.023438
0 0.313281 0.846875 0.029687 0.021875
0 0.198437 0.902344 0.034375 0.029687
0 0.425000 0.757812 0.028125 0.025000
0 0.812500 0.627344 0.034375 0.032813
0 0.310156 0.229687 0.114062 0.100000
0 0.360156 0.545312 0.023438 0.028125
1 0.682031 0.732812 0.107813 0.118750
0 0.784375 0.224219 0.046875 0.057813
0 0.523438 0.784375 0.068750 0.053125
1 0.598437 0.755469 0.068750 0.076563
0 0.358594 0.086719 0.048438 0.048438
0 0.217188 0.782813 0.043750 0.040625
0 0.524219 0.008594 0.048438 0.017188
0 0.260156 0.791406 0.039062 0.032813
0 0.335938 0.539062 0.018750 0.018750
0 0.846094 0.511719 0.048438 0.054688
0 0.533594 0.882812 0.023438 0.028125
0 0.396094 0.440625 0.048438 0.053125
0 0.716406 0.661719 0.017188 0.017188
0 0.356250 0.850781 0.040625 0.039062
0 0.932813 0.435156 0.053125 0.051562
0 0.745313 0.285156 0.021875 0.020313
0 0.430469 0.854688 0.032813 0.034375
0 0.553906 0.897656 0.032813 0.032813
0 0.625000 0.904687 0.025000 0.025000
0 0.820312 0.585938 0.050000 0.053125
0 0.403906 0.492969 0.035937 0.039062
0 0.774219 0.342187 0.110937 0.100000
0 0.611719 0.313281 0.051562 0.054688
0 0.335938 0.173437 0.037500 0.046875
0 0.461719 0.350000 0.032813 0.034375
0 0.456250 0.147656 0.062500 0.039062
0 0.413281 0.908594 0.032813 0.039062
0 0.164062 0.346875 0.025000 0.018750
0 0.225781 0.932813 0.023438 0.021875
0 0.623437 0.506250 0.018750 0.021875
0 0.567187 0.696875 0.025000 0.025000
0 0.562500 0.629687 0.025000 0.025000
0 0.418750 0.004687 0.028125 0.009375
0 0.605469 0.483594 0.020313 0.020313
0 0.608594 0.562500 0.010937 0.018750
0 0.613281 0.568750 0.010937 0.015625
0 0.669531 0.603125 0.017188 0.034375
0 0.082031 0.906250 0.064062 0.046875
0 0.328906 0.775000 0.026562 0.018750
0 0.336719 0.886719 0.014063 0.014063
1 0.296875 0.698438 0.046875 0.053125
1 0.482812 0.672656 0.050000 0.039062
1 0.457813 0.696094 0.040625 0.032813
1 0.398438 0.680469 0.106250 0.057813
1 0.374219 0.729688 0.139063 0.093750
1 0.288281 0.628906 0.189062 0.123438
1 0.427344 0.629687 0.192188 0.121875
1 0.552344 0.531250 0.226562 0.218750
1 0.839844 0.103125 0.282813 0.150000
1 0.357031 0.089063 0.492188 0.178125
1 0.586719 0.033594 0.104688 0.064062
0 0.142969 0.495312 0.067187 0.037500
0 0.629687 0.627344 0.025000 0.020313
0 0.110937 0.466406 0.071875 0.042188
0 0.474219 0.827344 0.060937 0.064062
0 0.389844 0.714063 0.023438 0.025000
0 0.596094 0.832031 0.054688 0.029687
0 0.198437 0.531250 0.021875 0.025000
0 0.172656 0.872656 0.010937 0.010937
0 0.389844 0.871875 0.042188 0.028125
0 0.726562 0.648438 0.021875 0.025000
0 0.658594 0.420312 0.017188 0.015625
0 0.666406 0.085938 0.098437 0.100000
0 0.872656 0.447656 0.039062 0.026562
0 0.495312 0.559375 0.025000 0.025000
0 0.378125 0.741406 0.021875 0.017188
0 0.621875 0.426563 0.056250 0.053125
0 0.500781 0.417969 0.039062 0.039062
0 0.378906 0.584375 0.023438 0.021875
0 0.375000 0.150000 0.025000 0.034375
0 0.660156 0.673438 0.020313 0.021875
0 0.144531 0.012500 0.054688 0.025000
0 0.190625 0.006250 0.021875 0.012500
0 0.565625 0.388281 0.034375 0.035937
0 0.733594 0.570312 0.057813 0.056250
0 0.301563 0.813281 0.031250 0.032813
0 0.496875 0.914062 0.056250 0.056250
0 0.461719 0.794531 0.057813 0.026562
0 0.389844 0.228906 0.054688 0.042188
0 0.137500 0.736719 0.043750 0.042188
0 0.658594 0.878906 0.045312 0.057813
0 0.575000 0.809375 0.025000 0.025000
0 0.562500 0.152344 0.028125 0.023438
0 0.387500 0.757031 0.040625 0.039062
0 0.209375 0.444531 0.084375 0.067187
0 0.183594 0.158594 0.026562 0.026562
0 0.121094 0.659375 0.023438 0.018750
0 0.461719 0.722656 0.017188 0.010937
0 0.709375 0.437500 0.128125 0.112500
0 0.587500 0.930469 0.078125 0.054688
0 0.768750 0.598437 0.034375 0.034375
0 0.558594 0.680469 0.026562 0.023438
0 0.176563 0.855469 0.012500 0.014063
0 0.382031 0.797656 0.079687 0.057813
0 0.353906 0.377344 0.060937 0.054688
0 0.475000 0.961719 0.025000 0.029687
0 0.363281 0.454688 0.023438 0.025000
0 0.571875 0.730469 0.037500 0.035937
0 0.121875 0.393750 0.025000 0.028125
0 0.408594 0.981250 0.042188 0.028125
0 0.396875 0.889844 0.040625 0.032813
0 0.578906 0.877344 0.039062 0.039062
0 0.610938 0.610938 0.031250 0.037500
0 0.282031 0.951562 0.032813 0.037500
0 0.385156 0.918750 0.023438 0.025000
0 0.469531 0.014844 0.057813 0.029687
0 0.139844 0.517188 0.020313 0.021875
0 0.544531 0.161719 0.020313 0.026562
0 0.346875 0.958594 0.090625 0.057813
0 0.350781 0.582812 0.026562 0.025000
0 0.543750 0.736719 0.037500 0.029687
0 0.265625 0.004687 0.037500 0.009375
0 0.136719 0.711719 0.023438 0.023438
0 0.162500 0.277344 0.025000 0.023438
0 0.850781 0.603906 0.042188 0.045312
0 0.251563 0.827344 0.050000 0.029687
0 0.626563 0.710156 0.018750 0.020313
0 0.889062 0.393750 0.040625 0.043750
0 0.521875 0.181250 0.028125 0.037500
0 0.500000 0.473438 0.159375 0.115625
0 0.472656 0.554688 0.026562 0.025000
0 0.693750 0.332031 0.050000 0.060937
0 0.592187 0.657031 0.034375 0.032813
0 0.151562 0.453125 0.021875 0.028125
0 0.481250 0.592187 0.028125 0.021875
0 0.368750 0.705469 0.028125 0.026562
0 0.429688 0.032031 0.046875 0.042188
0 0.330469 0.559375 0.023438 0.021875
0 0.235937 0.025781 0.021875 0.020313
0 0.853125 0.353906 0.018750 0.020313
0 0.964844 0.178906 0.023438 0.026562
0 0.600000 0.260937 0.059375 0.056250
0 0.259375 0.675781 0.050000 0.032813
0 0.478125 0.740625 0.025000 0.025000
0 0.665625 0.632812 0.025000 0.028125
0 0.358594 0.750000 0.017188 0.018750
0 0.620313 0.342969 0.021875 0.023438
0 0.246094 0.250000 0.035937 0.034375
0 0.304688 0.553125 0.021875 0.021875
0 0.325781 0.135937 0.035937 0.034375
0 0.345313 0.769531 0.040625 0.026562
0 0.175781 0.225000 0.107813 0.093750
0 0.512500 0.950000 0.028125 0.031250
0 0.588281 0.621094 0.023438 0.020313
0 0.703125 0.677344 0.018750 0.020313
0 0.550781 0.553125 0.117188 0.071875
0 0.182812 0.024219 0.043750 0.035937
0 0.423438 0.555469 0.087500 0.089063
0 0.578906 0.414844 0.039062 0.032813
0 0.759375 0.097656 0.078125 0.079687
0 0.540625 0.985938 0.046875 0.028125
0 0.925000 0.519531 0.090625 0.064062
0 0.621094 0.778906 0.026562 0.026562
0 0.607031 0.525000 0.029687 0.034375
0 0.379688 0.564063 0.028125 0.031250
0 0.704688 0.625781 0.025000 0.020313
0 0.459375 0.870313 0.078125 0.065625
0 0.790625 0.674219 0.084375 0.067187
0 0.182812 0.821094 0.031250 0.029687
0 0.670312 0.028125 0.018750 0.015625
0 0.133594 0.832031 0.017188 0.017188
0 0.541406 0.837500 0.070312 0.056250
0 0.617188 0.859375 0.025000 0.025000
0 0.332813 0.922656 0.071875 0.048438
0 0.678906 0.814063 0.092188 0.071875
0 0.264062 0.863281 0.034375 0.029687
0 0.235937 0.896875 0.046875 0.040625
0 0.550000 0.603906 0.028125 0.029687
0 0.426563 0.942969 0.062500 0.079687
0 0.877344 0.563281 0.035937 0.039062
0 0.483594 0.382812 0.051562 0.040625
0 0.608594 0.799219 0.017188 0.014063
0 0.565625 0.507031 0.053125 0.039062
0 0.714063 0.232813 0.121875 0.112500
0 0.395313 0.371875 0.018750 0.018750
0 0.791406 0.133594 0.070312 0.064062
0 0.910937 0.273438 0.046875 0.053125
0 0.249219 0.540625 0.048438 0.043750
0 0.376563 0.513281 0.034375 0.039062
0 0.459375 0.991406 0.025000 0.017188
0 0.525781 0.605469 0.032813 0.029687
0 0.324219 0.471875 0.020313 0.018750
0 0.451562 0.175000 0.037500 0.040625
0 0.539844 0.032813 0.064062 0.040625
0 0.650781 0.698438 0.023438 0.021875
0 0.989062 0.306250 0.021875 0.053125
0 0.473438 0.046094 0.053125 0.045312
0 0.629687 0.664062 0.025000 0.025000
0 0.257031 0.182812 0.029687 0.025000
0 0.496875 0.699219 0.025000 0.026562
0 0.126562 0.880469 0.065625 0.064062
0 0.826562 0.434375 0.068750 0.056250
0 0.463281 0.093750 0.060937 0.062500
0 0.656250 0.592969 0.025000 0.048438
0 0.492969 0.180469 0.023438 0.017188
0 0.255469 0.417187 0.032813 0.034375
0 0.145313 0.056250 0.046875 0.034375
0 0.255469 0.350000 0.179688 0.137500
0 0.722656 0.614844 0.023438 0.014063
0 0.778906 0.282813 0.051562 0.053125
0 0.507031 0.302344 0.039062 0.035937
0 0.521875 0.276562 0.040625 0.037500
0 0.149219 0.773438 0.017188 0.015625
0 0.565625 0.346094 0.050000 0.045312
0 0.757031 0.534375 0.054688 0.059375
0 0.136719 0.128125 0.048438 0.043750
0 0.289844 0.288281 0.032813 0.035937
0 0.453906 0.775781 0.064062 0.029687
0 0.203906 0.396094 0.039062 0.032813
0 0.303906 0.885156 0.026562 0.029687
0 0.760156 0.039062 0.032813 0.012500
0 0.637500 0.482812 0.018750 0.021875
0 0.708594 0.498437 0.092188 0.112500
0 0.294531 0.444531 0.020313 0.017188
0 0.686719 0.667969 0.017188 0.017188
0 0.237500 0.125781 0.021875 0.023438
0 0.313281 0.846875 0.029687 0.021875
0 0.198437 0.902344 0.034375 0.029687
0 0.425000 0.757812 0.028125 0.025000
0 0.812500 0.627344 0.034375 0.032813
0 0.310156 0.229687 0.114062 0.100000
0 0.360156 0.545312 0.023438 0.028125
1 0.682031 0.732812 0.107813 0.118750
0 0.784375 0.224219 0.046875 0.057813
0 0.523438 0.784375 0.068750 0.053125
1 0.598437 0.755469 0.068750 0.076563
0 0.358594 0.086719 0.048438 0.048438
0 0.217188 0.782813 0.043750 0.040625
0 0.524219 0.008594 0.048438 0.017188
0 0.260156 0.791406 0.039062 0.032813
0 0.335938 0.539062 0.018750 0.018750
0 0.846094 0.511719 0.048438 0.054688
0 0.533594 0.882812 0.023438 0.028125
0 0.396094 0.440625 0.048438 0.053125
0 0.716406 0.661719 0.017188 0.017188
0 0.356250 0.850781 0.040625 0.039062
0 0.932813 0.435156 0.053125 0.051562
0 0.745313 0.285156 0.021875 0.020313
0 0.430469 0.854688 0.032813 0.034375
0 0.553906 0.897656 0.032813 0.032813
0 0.625000 0.904687 0.025000 0.025000
0 0.820312 0.585938 0.050000 0.053125
0 0.403906 0.492969 0.035937 0.039062
0 0.774219 0.342187 0.110937 0.100000
0 0.611719 0.313281 0.051562 0.054688
0 0.335938 0.173437 0.037500 0.046875
0 0.461719 0.350000 0.032813 0.034375
0 0.456250 0.147656 0.062500 0.039062
0 0.413281 0.908594 0.032813 0.039062
0 0.164062 0.346875 0.025000 0.018750
0 0.225781 0.932813 0.023438 0.021875
0 0.623437 0.506250 0.018750 0.021875
0 0.567187 0.696875 0.025000 0.025000
0 0.562500 0.629687 0.025000 0.025000
0 0.418750 0.004687 0.028125 0.009375
0 0.605469 0.483594 0.020313 0.020313
0 0.608594 0.562500 0.010937 0.018750
0 0.613281 0.568750 0.010937 0.015625
0 0.669531 0.603125 0.017188 0.034375
0 0.082031 0.906250 0.064062 0.046875
0 0.328906 0.775000 0.026562 0.018750
0 0.336719 0.886719 0.014063 0.014063
1 0.296875 0.698438 0.046875 0.053125
1 0.482812 0.672656 0.050000 0.039062
1 0.457813 0.696094 0.040625 0.032813
1 0.398438 0.680469 0.106250 0.057813
1 0.374219 0.729688 0.139063 0.093750
1 0.288281 0.628906 0.189062 0.123438
1 0.427344 0.629687 0.192188 0.121875
1 0.552344 0.531250 0.226562 0.218750
1 0.839844 0.103125 0.282813 0.150000
1 0.357031 0.089063 0.492188 0.178125
1 0.586719 0.033594 0.104688 0.064062
