0 0.284375 0.430469 0.015625 0.014063
0 0.453906 0.091406 0.017188 0.020313
0 0.493750 0.021875 0.025000 0.025000
0 0.160938 0.750781 0.075000 0.076563
0 0.313281 0.139844 0.035937 0.039062
0 0.258594 0.721094 0.035937 0.035937
0 0.446094 0.019531 0.023438 0.023438
0 0.376563 0.586719 0.093750 0.085938
0 0.322656 0.211719 0.079687 0.054688
0 0.469531 0.153906 0.048438 0.026562
0 0.258594 0.964844 0.048438 0.054688
0 0.293750 0.048438 0.021875 0.025000
0 0.572656 0.850000 0.032813 0.034375
0 0.466406 0.042188 0.023438 0.028125
0 0.514062 0.039844 0.025000 0.026562
0 0.534375 0.072656 0.015625 0.014063
0 0.426563 0.188281 0.012500 0.010937
0 0.512500 0.181250 0.012500 0.018750
0 0.337500 0.566406 0.015625 0.017188
0 0.339844 0.982031 0.023438 0.026562
0 0.047656 0.923438 0.051562 0.068750
0 0.391406 0.055469 0.023438 0.026562
0 0.253906 0.691406 0.029687 0.032813
0 0.718750 0.025781 0.015625 0.014063
0 0.300781 0.017188 0.020313 0.021875
0 0.685937 0.075781 0.018750 0.017188
0 0.346875 0.281250 0.075000 0.053125
0 0.270313 0.571094 0.075000 0.073438
0 0.102344 0.705469 0.073438 0.073438
0 0.072656 0.516406 0.070312 0.085938
0 0.628125 0.095312 0.037500 0.028125
0 0.346875 0.799219 0.021875 0.026562
0 0.164844 0.857031 0.076563 0.129688
0 0.384375 0.315625 0.015625 0.015625
0 0.554688 0.768750 0.112500 0.109375
0 0.485938 0.637500 0.025000 0.031250
0 0.410156 0.022656 0.026562 0.039062
0 0.599219 0.328906 0.029687 0.039062
0 0.410938 0.861719 0.021875 0.029687
0 0.432031 0.957812 0.095312 0.081250
0 0.653906 0.114062 0.032813 0.028125
0 0.643750 0.023438 0.015625 0.012500
0 0.276562 0.524219 0.040625 0.039062
0 0.679688 0.201563 0.028125 0.031250
0 0.402344 0.293750 0.017188 0.012500
0 0.352344 0.186719 0.020313 0.017188
0 0.487500 0.058594 0.021875 0.023438
0 0.401562 0.258594 0.053125 0.035937
0 0.438281 0.146094 0.035937 0.029687
0 0.251563 0.163281 0.040625 0.035937
0 0.353125 0.241406 0.031250 0.029687
0 0.339062 0.111719 0.068750 0.051562
0 0.342187 0.038281 0.021875 0.023438
0 0.176563 0.682031 0.075000 0.073438
0 0.679688 0.117188 0.015625 0.012500
0 0.102344 0.885938 0.042188 0.056250
0 0.035156 0.604688 0.067187 0.071875
0 0.568750 0.065625 0.053125 0.043750
0 0.061719 0.782813 0.051562 0.056250
0 0.233594 0.869531 0.101562 0.139063
0 0.420312 0.128125 0.043750 0.040625
0 0.476562 0.752344 0.053125 0.035937
0 0.504687 0.211719 0.018750 0.020313
0 0.430469 0.275000 0.035937 0.034375
0 0.692969 0.024219 0.020313 0.020313
0 0.201563 0.566406 0.028125 0.029687
0 0.275000 0.928125 0.018750 0.018750
0 0.685937 0.096875 0.021875 0.021875
0 0.577344 0.696875 0.020313 0.021875
0 0.610156 0.074219 0.017188 0.017188
0 0.532813 0.896875 0.053125 0.068750
0 0.470313 0.080469 0.015625 0.017188
0 0.367969 0.017969 0.023438 0.023438
0 0.453125 0.175781 0.050000 0.029687
0 0.707031 0.178906 0.032813 0.026562
0 0.510938 0.071875 0.021875 0.021875
0 0.345313 0.538281 0.025000 0.035937
0 0.270313 0.126562 0.050000 0.040625
0 0.514062 0.973437 0.021875 0.028125
0 0.482031 0.004687 0.039062 0.009375
0 0.306250 0.464062 0.015625 0.015625
0 0.424219 0.039062 0.020313 0.028125
0 0.391406 0.225000 0.023438 0.028125
0 0.664062 0.013281 0.025000 0.017188
0 0.567187 0.022656 0.012500 0.014063
0 0.354687 0.762500 0.025000 0.031250
0 0.367969 0.476562 0.067187 0.050000
0 0.352344 0.335156 0.014063 0.014063
0 0.313281 0.531250 0.032813 0.046875
0 0.193750 0.613281 0.096875 0.073438
0 0.521875 0.006250 0.037500 0.009375
0 0.387500 0.010156 0.021875 0.020313
0 0.291406 0.078125 0.029687 0.037500
0 0.528906 0.238281 0.020313 0.017188
0 0.523438 0.224219 0.021875 0.020313
0 0.705469 0.203125 0.029687 0.028125
0 0.716406 0.078125 0.026562 0.028125
0 0.715625 0.057031 0.034375 0.026562
0 0.451562 0.057031 0.025000 0.023438
0 0.397656 0.151562 0.023438 0.018750
0 0.388281 0.137500 0.020313 0.021875
0 0.385156 0.179688 0.020313 0.018750
0 0.607031 0.692969 0.042188 0.032813
1 0.639844 0.472656 0.154688 0.504687
0 0.695312 0.220312 0.021875 0.009375
0 0.646094 0.008594 0.010937 0.007812
