0 0.471875 0.053906 0.053125 0.048438
0 0.510156 0.268750 0.064062 0.075000
0 0.903906 0.349219 0.054688 0.060937
0 0.418750 0.129688 0.053125 0.053125
0 0.450000 0.081250 0.043750 0.034375
0 0.717187 0.309375 0.040625 0.046875
0 0.779687 0.517188 0.040625 0.050000
0 0.800000 0.227344 0.046875 0.035937
0 0.455469 0.368750 0.020313 0.015625
0 0.373437 0.253906 0.046875 0.039062
0 0.755469 0.700781 0.073438 0.101562
0 0.436719 0.860156 0.048438 0.070312
0 0.544531 0.642969 0.020313 0.026562
0 0.771875 0.178906 0.068750 0.057813
0 0.008594 0.576562 0.017188 0.040625
0 0.113281 0.517969 0.110937 0.164062
0 0.660937 0.561719 0.053125 0.054688
0 0.756250 0.843750 0.103125 0.106250
0 0.420312 0.495312 0.021875 0.021875
0 0.043750 0.171094 0.050000 0.042188
0 0.301563 0.959375 0.100000 0.059375
0 0.524219 0.371875 0.035937 0.037500
0 0.167969 0.753125 0.107813 0.118750
0 0.805469 0.355469 0.048438 0.039062
0 0.683594 0.244531 0.032813 0.026562
0 0.813281 0.682813 0.079687 0.075000
0 0.697656 0.947656 0.098437 0.101562
0 0.469531 0.276562 0.032813 0.028125
0 0.389844 0.883594 0.017188 0.017188
0 0.028906 0.490625 0.057813 0.128125
0 0.498437 0.750000 0.034375 0.037500
0 0.067187 0.041406 0.043750 0.035937
0 0.369531 0.926562 0.017188 0.021875
0 0.658594 0.329688 0.020313 0.015625
0 0.115625 0.315625 0.103125 0.150000
0 0.451562 0.639844 0.078125 0.185938
0 0.804688 0.901563 0.025000 0.028125
0 0.519531 0.334375 0.042188 0.031250
0 0.420312 0.360938 0.053125 0.043750
0 0.553906 0.135156 0.092188 0.107813
0 0.460156 0.177344 0.045312 0.035937
0 0.571875 0.574219 0.046875 0.045312
0 0.578125 0.279687 0.075000 0.068750
0 0.822656 0.533594 0.054688 0.070312
0 0.244531 0.217969 0.176563 0.157812
0 0.380469 0.636719 0.035937 0.042188
0 0.442188 0.264062 0.025000 0.034375
0 0.597656 0.356250 0.095312 0.106250
0 0.011719 0.170313 0.010937 0.031250
0 0.372656 0.439063 0.060937 0.053125
0 0.417187 0.192969 0.021875 0.017188
0 0.417969 0.317969 0.054688 0.051562
0 0.605469 0.232813 0.042188 0.034375
0 0.322656 0.431250 0.023438 0.021875
0 0.334375 0.570312 0.053125 0.059375
0 0.054688 0.100000 0.050000 0.040625
0 0.946875 0.655469 0.062500 0.073438
0 0.685937 0.492188 0.056250 0.065625
0 0.557813 0.478906 0.112500 0.120313
0 0.602344 0.525781 0.067187 0.076563
0 0.926562 0.735156 0.065625 0.076563
0 0.350000 0.548438 0.065625 0.062500
0 0.479687 0.129688 0.028125 0.037500
0 0.460156 0.131250 0.032813 0.034375
0 0.796875 0.602344 0.056250 0.067187
