0 0.903906 0.742969 0.092188 0.051562
0 0.485156 0.621094 0.054688 0.032813
0 0.929688 0.031250 0.050000 0.062500
0 0.721875 0.289844 0.062500 0.051562
0 0.569531 0.628906 0.064062 0.035937
0 0.632031 0.298438 0.023438 0.018750
0 0.476562 0.128906 0.068750 0.057813
0 0.033594 0.499219 0.067187 0.054688
0 0.964063 0.393750 0.046875 0.031250
0 0.017969 0.779687 0.026562 0.031250
0 0.183594 0.579688 0.085938 0.103125
0 0.646094 0.049219 0.054688 0.042188
0 0.325781 0.500000 0.023438 0.018750
0 0.736719 0.642188 0.073438 0.053125
0 0.101562 0.751563 0.034375 0.034375
0 0.922656 0.589844 0.039062 0.035937
0 0.239063 0.570312 0.046875 0.040625
0 0.913281 0.180469 0.045312 0.070312
0 0.653906 0.653906 0.073438 0.067187
0 0.606250 0.424219 0.043750 0.042188
0 0.382812 0.378125 0.078125 0.078125
0 0.522656 0.257031 0.073438 0.064062
0 0.457813 0.560156 0.046875 0.023438
0 0.675000 0.392969 0.031250 0.020313
0 0.598437 0.176563 0.056250 0.040625
0 0.729688 0.694531 0.090625 0.057813
0 0.301563 0.376563 0.031250 0.031250
0 0.292969 0.544531 0.048438 0.048438
0 0.594531 0.731250 0.026562 0.015625
0 0.404687 0.794531 0.059375 0.064062
0 0.615625 0.456250 0.021875 0.015625
0 0.200000 0.464062 0.065625 0.043750
0 0.429688 0.551562 0.021875 0.012500
0 0.648438 0.450000 0.037500 0.037500
0 0.349219 0.232813 0.095312 0.071875
0 0.021875 0.410938 0.043750 0.046875
0 0.858594 0.427344 0.042188 0.039062
0 0.264062 0.356250 0.046875 0.028125
0 0.715625 0.132031 0.059375 0.054688
0 0.334375 0.292187 0.071875 0.068750
0 0.800781 0.722656 0.051562 0.051562
0 0.703125 0.546875 0.021875 0.021875
0 0.820312 0.597656 0.040625 0.029687
0 0.923438 0.098437 0.065625 0.081250
0 0.321094 0.338281 0.048438 0.070312
0 0.269531 0.082031 0.020313 0.017188
0 0.640625 0.444531 0.031250 0.032813
0 0.532031 0.566406 0.085938 0.067187
0 0.681250 0.582812 0.084375 0.031250
0 0.245312 0.514062 0.059375 0.043750
0 0.617188 0.543750 0.059375 0.037500
0 0.726562 0.934375 0.090625 0.043750
0 0.914844 0.350781 0.073438 0.085938
0 0.996875 0.622656 0.006250 0.020313
0 0.174219 0.331250 0.020313 0.018750
0 0.544531 0.464062 0.042188 0.034375
0 0.025781 0.548438 0.051562 0.053125
0 0.238281 0.158594 0.098437 0.120313
0 0.402344 0.169531 0.085938 0.073438
0 0.809375 0.628906 0.031250 0.020313
0 0.500000 0.776563 0.075000 0.068750
0 0.641406 0.261719 0.035937 0.029687
0 0.960938 0.237500 0.021875 0.031250
0 0.850781 0.571094 0.045312 0.035937
0 0.356250 0.552344 0.065625 0.048438
0 0.065625 0.409375 0.059375 0.053125
0 0.167969 0.521875 0.020313 0.015625
0 0.688281 0.299219 0.039062 0.029687
0 0.257812 0.021875 0.059375 0.037500
0 0.557813 0.796094 0.037500 0.023438
0 0.232031 0.310156 0.104688 0.067187
0 0.990625 0.323437 0.009375 0.028125
0 0.171875 0.256250 0.103125 0.071875
0 0.135156 0.519531 0.045312 0.032813
0 0.969531 0.815625 0.020313 0.021875
0 0.801562 0.332031 0.100000 0.110937
0 0.814063 0.224219 0.046875 0.032813
0 0.842187 0.708594 0.031250 0.023438
0 0.492188 0.732812 0.065625 0.040625
0 0.614844 0.753906 0.035937 0.026562
0 0.854688 0.480469 0.100000 0.082812
0 0.205469 0.682031 0.060937 0.045312
0 0.348438 0.069531 0.059375 0.042188
0 0.510156 0.501563 0.039062 0.031250
0 0.936719 0.435937 0.123438 0.112500
0 0.764844 0.095312 0.092188 0.100000
0 0.842969 0.150000 0.107813 0.103125
0 0.564063 0.364844 0.050000 0.039062
0 0.894531 0.625781 0.048438 0.048438
0 0.366406 0.525781 0.017188 0.020313
0 0.585938 0.596094 0.046875 0.032813
0 0.196094 0.407031 0.085938 0.098437
0 0.278906 0.422656 0.070312 0.051562
0 0.084375 0.169531 0.162500 0.129688
0 0.092969 0.822656 0.032813 0.026562
0 0.035156 0.272656 0.070312 0.051562
0 0.060937 0.886719 0.028125 0.029687
0 0.522656 0.402344 0.054688 0.092188
0 0.950000 0.707812 0.087500 0.084375
0 0.863281 0.271094 0.054688 0.035937
0 0.417187 0.598437 0.025000 0.021875
0 0.063281 0.059375 0.098437 0.096875
0 0.590625 0.650781 0.025000 0.017188
0 0.851562 0.750781 0.037500 0.029687
0 0.970313 0.148438 0.037500 0.056250
0 0.786719 0.625000 0.017188 0.012500
0 0.389062 0.610938 0.071875 0.050000
0 0.780469 0.778125 0.039062 0.018750
0 0.161719 0.149219 0.073438 0.048438
0 0.104688 0.632031 0.037500 0.023438
0 0.052344 0.537500 0.045312 0.021875
0 0.105469 0.676562 0.032813 0.018750
0 0.395313 0.560156 0.075000 0.051562
0 0.462500 0.596875 0.037500 0.028125
1 0.467969 0.536719 0.314063 0.204687
0 0.680469 0.781250 0.101562 0.046875
0 0.698438 0.760938 0.109375 0.050000
1 0.685156 0.571094 0.326562 0.248438
1 0.592187 0.288281 0.334375 0.257812
0 0.983594 0.087500 0.020313 0.046875
0 0.962500 0.048438 0.015625 0.018750
0 0.018750 0.067969 0.037500 0.117188
0 0.004687 0.152344 0.009375 0.045312
0 0.059375 0.336719 0.118750 0.089063
