0 0.221094 0.569531 0.039062 0.039062
0 0.098437 0.540625 0.043750 0.043750
0 0.056250 0.537500 0.043750 0.050000
1 0.950000 0.697656 0.068750 0.126562
0 0.736719 0.867969 0.039062 0.032813
0 0.408594 0.325000 0.060937 0.046875
0 0.297656 0.125781 0.135937 0.126562
0 0.534375 0.792188 0.065625 0.096875
0 0.353906 0.250781 0.107813 0.139063
0 0.364063 0.442188 0.062500 0.081250
0 0.070312 0.389062 0.037500 0.031250
0 0.230469 0.134375 0.045312 0.053125
0 0.399219 0.082031 0.042188 0.042188
0 0.118750 0.653906 0.037500 0.035937
1 0.844531 0.184375 0.120313 0.078125
0 0.285938 0.299219 0.040625 0.051562
0 0.892969 0.482812 0.045312 0.043750
0 0.696875 0.228906 0.025000 0.026562
0 0.667969 0.503906 0.039062 0.035937
0 0.222656 0.025000 0.095312 0.050000
0 0.810937 0.837500 0.031250 0.031250
0 0.681250 0.410938 0.043750 0.040625
0 0.853125 0.702344 0.065625 0.067187
0 0.707031 0.787500 0.048438 0.037500
1 0.787500 0.558594 0.112500 0.104688
0 0.370312 0.159375 0.034375 0.031250
0 0.844531 0.419531 0.048438 0.042188
0 0.259375 0.873437 0.096875 0.106250
0 0.857031 0.503906 0.039062 0.042188
0 0.271875 0.332813 0.028125 0.034375
0 0.174219 0.057813 0.029687 0.028125
0 0.661719 0.569531 0.045312 0.048438
1 0.770312 0.485938 0.118750 0.100000
0 0.818750 0.471875 0.053125 0.046875
0 0.142969 0.114062 0.089063 0.062500
0 0.150781 0.495312 0.048438 0.043750
0 0.073438 0.057813 0.021875 0.034375
0 0.157031 0.200781 0.120313 0.095312
0 0.570312 0.955469 0.125000 0.089063
0 0.755469 0.612500 0.042188 0.037500
0 0.360938 0.544531 0.040625 0.054688
0 0.778906 0.763281 0.045312 0.048438
0 0.047656 0.618750 0.095312 0.084375
0 0.896094 0.360938 0.051562 0.040625
0 0.150000 0.842969 0.037500 0.035937
0 0.719531 0.646094 0.032813 0.032813
0 0.405469 0.432031 0.032813 0.048438
0 0.820312 0.967187 0.037500 0.065625
0 0.315625 0.492188 0.090625 0.081250
0 0.493750 0.996094 0.021875 0.007812
0 0.571094 0.763281 0.039062 0.032813
0 0.929688 0.206250 0.065625 0.050000
0 0.244531 0.730469 0.129688 0.079687
0 0.319531 0.634375 0.076563 0.078125
0 0.112500 0.414062 0.053125 0.043750
0 0.880469 0.777344 0.032813 0.029687
0 0.191406 0.339062 0.154688 0.190625
0 0.056250 0.464062 0.078125 0.103125
0 0.030469 0.763281 0.032813 0.029687
0 0.188281 0.453125 0.054688 0.056250
0 0.489844 0.576562 0.014063 0.012500
0 0.561719 0.297656 0.051562 0.042188
0 0.147656 0.428125 0.042188 0.040625
0 0.650000 0.471094 0.056250 0.045312
0 0.506250 0.475000 0.187500 0.115625
0 0.695312 0.540625 0.037500 0.031250
0 0.337500 0.343750 0.050000 0.046875
0 0.564063 0.676562 0.056250 0.050000
0 0.198437 0.671875 0.025000 0.021875
0 0.749219 0.685156 0.039062 0.032813
0 0.685156 0.808594 0.032813 0.032813
0 0.297656 0.915625 0.023438 0.028125
0 0.592969 0.593750 0.051562 0.037500
0 0.784375 0.691406 0.040625 0.032813
0 0.942969 0.802344 0.045312 0.092188
0 0.662500 0.651563 0.040625 0.046875
0 0.247656 0.406250 0.048438 0.046875
0 0.783594 0.289844 0.039062 0.032813
0 0.599219 0.497656 0.042188 0.039062
0 0.873437 0.982812 0.112500 0.034375
0 0.260937 0.796094 0.100000 0.082812
0 0.653906 0.383594 0.042188 0.064062
0 0.314063 0.828125 0.025000 0.025000
0 0.553906 0.358594 0.051562 0.042188
0 0.987500 0.297656 0.025000 0.029687
0 0.160938 0.667188 0.034375 0.028125
0 0.088281 0.278125 0.129688 0.103125
0 0.145313 0.701562 0.050000 0.040625
0 0.694531 0.944531 0.039062 0.035937
0 0.754687 0.222656 0.043750 0.042188
0 0.679688 0.709375 0.050000 0.084375
0 0.836719 0.920312 0.048438 0.050000
0 0.783594 0.724219 0.032813 0.026562
0 0.417969 0.198437 0.045312 0.046875
0 0.521875 0.612500 0.071875 0.068750
0 0.931250 0.281250 0.046875 0.040625
0 0.987500 0.409375 0.025000 0.056250
0 0.260937 0.250781 0.034375 0.032813
0 0.595313 0.883594 0.046875 0.042188
0 0.220312 0.471094 0.028125 0.035937
0 0.664844 0.441406 0.051562 0.042188
0 0.102344 0.010156 0.064062 0.020313
0 0.655469 0.315625 0.045312 0.040625
0 0.765625 0.985938 0.037500 0.028125
0 0.702344 0.478906 0.039062 0.032813
0 0.207813 0.171875 0.043750 0.046875
0 0.123438 0.054688 0.062500 0.075000
0 0.535156 0.270313 0.076563 0.050000
0 0.174219 0.753125 0.035937 0.034375
0 0.245312 0.492188 0.031250 0.031250
0 0.803125 0.318750 0.043750 0.037500
0 0.704688 0.753125 0.040625 0.043750
0 0.257031 0.564844 0.035937 0.035937
0 0.428125 0.563281 0.034375 0.035937
0 0.653906 0.977344 0.042188 0.039062
0 0.953906 0.407031 0.029687 0.032813
0 0.886719 0.543750 0.060937 0.050000
0 0.077344 0.020313 0.020313 0.034375
1 0.781250 0.405469 0.231250 0.207813
1 0.630469 0.746094 0.079687 0.142187
0 0.327344 0.378125 0.039062 0.040625
0 0.692187 0.608594 0.056250 0.076563
0 0.629687 0.257812 0.084375 0.062500
0 0.251563 0.528906 0.040625 0.039062
0 0.566406 0.803125 0.035937 0.031250
0 0.061719 0.820312 0.045312 0.040625
0 0.625781 0.564063 0.048438 0.037500
0 0.100000 0.493750 0.046875 0.050000
0 0.841406 0.778125 0.042188 0.043750
0 0.296094 0.207813 0.054688 0.056250
0 0.770312 0.350781 0.040625 0.029687
0 0.139844 0.618750 0.039062 0.040625
0 0.028125 0.364063 0.028125 0.025000
0 0.090625 0.355469 0.040625 0.042188
1 0.656250 0.863281 0.140625 0.142187
0 0.307031 0.441406 0.035937 0.039062
1 0.603125 0.381250 0.096875 0.112500
0 0.007031 0.551562 0.014063 0.028125
0 0.092969 0.117969 0.029687 0.032813
0 0.529687 0.701562 0.037500 0.053125
0 0.714844 0.721094 0.035937 0.035937
0 0.845313 0.174219 0.046875 0.039062
0 0.732812 0.424219 0.018750 0.017188
