0 0.139844 0.611719 0.057813 0.076563
0 0.150781 0.235937 0.085938 0.184375
0 0.390625 0.244531 0.071875 0.067187
0 0.815625 0.139063 0.059375 0.084375
1 0.322656 0.130469 0.264062 0.257812
0 0.384375 0.933594 0.040625 0.048438
0 0.821875 0.733594 0.056250 0.073438
0 0.899219 0.668750 0.082812 0.112500
0 0.744531 0.810937 0.079687 0.103125
0 0.796094 0.864844 0.098437 0.114062
0 0.439844 0.512500 0.060937 0.059375
0 0.952344 0.564063 0.060937 0.075000
0 0.242188 0.857812 0.112500 0.112500
0 0.209375 0.117969 0.015625 0.020313
0 0.339062 0.632031 0.053125 0.042188
0 0.977344 0.622656 0.045312 0.076563
0 0.017188 0.103125 0.034375 0.043750
0 0.454688 0.910156 0.037500 0.048438
0 0.403125 0.640625 0.065625 0.065625
1 0.306250 0.933594 0.168750 0.132812
0 0.635156 0.847656 0.039062 0.045312
0 0.905469 0.242188 0.114062 0.175000
1 0.502344 0.228125 0.129688 0.175000
0 0.349219 0.976562 0.035937 0.046875
0 0.906250 0.507031 0.103125 0.082812
0 0.955469 0.021094 0.051562 0.042188
0 0.770312 0.507031 0.118750 0.110937
0 0.472656 0.987500 0.045312 0.025000
0 0.465625 0.573438 0.115625 0.075000
0 0.663281 0.554688 0.054688 0.053125
0 0.434375 0.401562 0.031250 0.046875
0 0.537500 0.745313 0.065625 0.059375
0 0.879687 0.479687 0.081250 0.059375
0 0.278906 0.294531 0.064062 0.085938
0 0.977344 0.321094 0.035937 0.076563
0 0.782813 0.056250 0.031250 0.043750
0 0.189844 0.820312 0.042188 0.043750
0 0.547656 0.579688 0.029687 0.050000
0 0.667188 0.807813 0.037500 0.031250
0 0.735156 0.725000 0.045312 0.034375
0 0.570312 0.988281 0.034375 0.020313
0 0.121094 0.507812 0.120313 0.143750
0 0.864844 0.088281 0.170313 0.176563
0 0.450781 0.839844 0.032813 0.048438
0 0.521875 0.489844 0.109375 0.132812
0 0.032813 0.741406 0.043750 0.045312
0 0.365625 0.590625 0.050000 0.068750
0 0.385937 0.060156 0.125000 0.107813
0 0.828906 0.421875 0.129688 0.090625
0 0.225781 0.946094 0.026562 0.029687
1 0.400000 0.788281 0.225000 0.251563
1 0.558594 0.671094 0.207813 0.182812
1 0.670312 0.639062 0.271875 0.156250
