0 0.357031 0.542188 0.048438 0.034375
0 0.287500 0.371094 0.034375 0.023438
0 0.339062 0.464062 0.034375 0.025000
0 0.956250 0.498437 0.037500 0.021875
0 0.801562 0.768750 0.015625 0.021875
0 0.621094 0.804688 0.014063 0.018750
0 0.603125 0.744531 0.078125 0.089063
0 0.058594 0.077344 0.042188 0.032813
0 0.982031 0.273438 0.023438 0.015625
0 0.352344 0.717969 0.064062 0.054688
0 0.297656 0.202344 0.042188 0.032813
0 0.953125 0.193750 0.021875 0.018750
0 0.274219 0.959375 0.026562 0.021875
0 0.782813 0.827344 0.037500 0.039062
0 0.950000 0.420312 0.028125 0.021875
1 0.202344 0.409375 0.160938 0.106250
0 0.359375 0.500000 0.059375 0.059375
0 0.928906 0.407031 0.023438 0.020313
0 0.743750 0.349219 0.046875 0.039062
0 0.940625 0.472656 0.031250 0.017188
0 0.918750 0.459375 0.021875 0.015625
0 0.681250 0.561719 0.046875 0.032813
0 0.816406 0.541406 0.029687 0.026562
0 0.439844 0.517969 0.048438 0.035937
0 0.979688 0.389062 0.034375 0.021875
0 0.126562 0.900000 0.090625 0.078125
0 0.513281 0.778125 0.042188 0.031250
0 0.757812 0.308594 0.018750 0.017188
0 0.599219 0.843750 0.023438 0.015625
0 0.550781 0.696094 0.017188 0.010937
0 0.837500 0.585156 0.028125 0.023438
0 0.636719 0.364063 0.026562 0.018750
1 0.255469 0.492969 0.092188 0.067187
0 0.135937 0.789844 0.087500 0.054688
0 0.275781 0.847656 0.101562 0.167187
0 0.635156 0.589063 0.054688 0.053125
0 0.163281 0.275000 0.045312 0.040625
0 0.900000 0.503906 0.034375 0.045312
0 0.494531 0.633594 0.092188 0.120313
0 0.499219 0.470313 0.023438 0.018750
0 0.257031 0.100781 0.039062 0.029687
0 0.560156 0.568750 0.057813 0.093750
0 0.510156 0.450000 0.029687 0.028125
0 0.991406 0.371875 0.017188 0.018750
0 0.003125 0.629687 0.006250 0.021875
0 0.793750 0.439063 0.021875 0.018750
0 0.058594 0.885938 0.060937 0.043750
0 0.805469 0.490625 0.026562 0.031250
0 0.391406 0.284375 0.039062 0.031250
0 0.891406 0.458594 0.014063 0.010937
0 0.597656 0.122656 0.039062 0.042188
0 0.035937 0.670312 0.071875 0.050000
0 0.907031 0.257812 0.020313 0.015625
0 0.656250 0.345313 0.028125 0.028125
0 0.303125 0.406250 0.034375 0.034375
0 0.889062 0.267188 0.025000 0.031250
0 0.295312 0.767969 0.015625 0.014063
0 0.505469 0.417187 0.054688 0.034375
0 0.632812 0.329688 0.040625 0.046875
0 0.318750 0.228125 0.037500 0.025000
0 0.812500 0.404687 0.025000 0.018750
0 0.433594 0.403125 0.039062 0.021875
0 0.322656 0.499219 0.045312 0.035937
0 0.667188 0.684375 0.040625 0.031250
0 0.437500 0.895312 0.043750 0.037500
0 0.912500 0.332031 0.015625 0.014063
0 0.680469 0.592187 0.017188 0.015625
0 0.398438 0.375781 0.043750 0.029687
0 0.367188 0.603125 0.059375 0.046875
0 0.046875 0.550000 0.031250 0.021875
0 0.985156 0.765625 0.014063 0.031250
0 0.362500 0.227344 0.018750 0.014063
0 0.569531 0.509375 0.060937 0.028125
0 0.781250 0.407813 0.028125 0.025000
0 0.024219 0.782031 0.029687 0.023438
0 0.960938 0.211719 0.025000 0.017188
0 0.516406 0.577344 0.020313 0.017188
0 0.667969 0.380469 0.045312 0.039062
0 0.446094 0.566406 0.032813 0.023438
0 0.832031 0.507031 0.045312 0.051562
0 0.917188 0.482031 0.015625 0.014063
0 0.767969 0.782813 0.039062 0.031250
0 0.719531 0.296875 0.051562 0.059375
0 0.572656 0.708594 0.023438 0.020313
0 0.985938 0.470313 0.028125 0.025000
0 0.580469 0.620313 0.048438 0.031250
0 0.881250 0.617969 0.050000 0.060937
0 0.689844 0.268750 0.020313 0.015625
0 0.637500 0.178125 0.018750 0.012500
0 0.117188 0.238281 0.028125 0.035937
0 0.308594 0.691406 0.039062 0.035937
0 0.453906 0.468750 0.082812 0.053125
0 0.463281 0.709375 0.020313 0.018750
0 0.333594 0.424219 0.035937 0.042188
0 0.910937 0.136719 0.021875 0.017188
0 0.323437 0.627344 0.046875 0.035937
0 0.672656 0.750000 0.039062 0.031250
0 0.972656 0.542969 0.054688 0.073438
0 0.846875 0.619531 0.031250 0.023438
0 0.789844 0.617969 0.060937 0.039062
0 0.992188 0.420312 0.015625 0.021875
0 0.355469 0.329688 0.032813 0.028125
0 0.707812 0.182031 0.093750 0.114062
0 0.920312 0.519531 0.037500 0.039062
0 0.614062 0.548438 0.050000 0.034375
0 0.489063 0.525781 0.025000 0.023438
0 0.425781 0.214062 0.054688 0.050000
0 0.796875 0.579688 0.040625 0.037500
0 0.291406 0.564844 0.017188 0.014063
0 0.617969 0.156250 0.017188 0.015625
0 0.834375 0.434375 0.075000 0.084375
0 0.246875 0.310937 0.084375 0.025000
0 0.864062 0.556250 0.034375 0.037500
0 0.635938 0.517969 0.040625 0.032813
0 0.764062 0.532813 0.040625 0.028125
0 0.113281 0.460938 0.101562 0.040625
0 0.705469 0.379688 0.014063 0.012500
0 0.488281 0.724219 0.023438 0.023438
0 0.946094 0.333594 0.029687 0.020313
0 0.430469 0.284375 0.045312 0.043750
0 0.196875 0.288281 0.046875 0.017188
1 0.035156 0.481250 0.070312 0.115625
0 0.017969 0.689844 0.035937 0.054688
0 0.314844 0.331250 0.042188 0.025000
0 0.374219 0.475781 0.032813 0.035937
0 0.423438 0.758594 0.043750 0.032813
0 0.573438 0.465625 0.071875 0.056250
0 0.421875 0.359375 0.034375 0.037500
0 0.025000 0.850000 0.050000 0.075000
0 0.864844 0.308594 0.039062 0.045312
0 0.507031 0.504687 0.029687 0.018750
0 0.589063 0.692969 0.028125 0.017188
0 0.692969 0.450781 0.085938 0.114062
0 0.121875 0.753125 0.046875 0.034375
0 0.632812 0.397656 0.043750 0.048438
0 0.739844 0.376563 0.017188 0.012500
0 0.817969 0.235156 0.020313 0.010937
0 0.785937 0.264844 0.018750 0.010937
0 0.886719 0.205469 0.023438 0.017188
1 0.917188 0.186719 0.053125 0.045312
1 0.985156 0.428125 0.029687 0.028125
0 0.955469 0.648438 0.079687 0.125000
0 0.940625 0.721094 0.021875 0.023438
0 0.476562 0.847656 0.028125 0.020313
0 0.476562 0.863281 0.025000 0.017188
0 0.374219 0.800000 0.029687 0.015625
1 0.356250 0.849219 0.103125 0.145313
0 0.228906 0.682813 0.032813 0.012500
1 0.203125 0.703125 0.103125 0.071875
1 0.258594 0.721875 0.060937 0.096875
1 0.109375 0.675781 0.218750 0.292187
1 0.096875 0.283594 0.103125 0.089063
0 0.466406 0.314844 0.017188 0.023438
1 0.361719 0.382031 0.070312 0.076563
0 0.435937 0.655469 0.068750 0.092188
0 0.844531 0.651563 0.054688 0.028125
0 0.729688 0.652344 0.050000 0.035937
0 0.753906 0.671094 0.126562 0.089063
1 0.835938 0.266406 0.171875 0.151562
