0 0.441406 0.118750 0.026562 0.028125
0 0.638281 0.914844 0.017188 0.029687
0 0.413281 0.663281 0.035937 0.026562
0 0.410156 0.400000 0.023438 0.021875
0 0.235156 0.210156 0.017188 0.017188
0 0.634375 0.589063 0.015625 0.021875
0 0.775781 0.261719 0.017188 0.014063
0 0.787500 0.925000 0.018750 0.018750
0 0.717969 0.286719 0.017188 0.014063
0 0.404687 0.636719 0.021875 0.020313
0 0.733594 0.623437 0.020313 0.015625
0 0.274219 0.989844 0.054688 0.020313
0 0.211719 0.770312 0.076563 0.050000
0 0.650000 0.260156 0.071875 0.060937
0 0.028125 0.160938 0.037500 0.037500
0 0.503906 0.115625 0.020313 0.021875
0 0.751563 0.776563 0.068750 0.053125
0 0.601562 0.639062 0.018750 0.018750
0 0.482812 0.435937 0.018750 0.018750
0 0.439844 0.084375 0.023438 0.025000
0 0.814844 0.891406 0.029687 0.042188
0 0.503125 0.403906 0.015625 0.010937
0 0.332031 0.296875 0.017188 0.015625
0 0.267188 0.727344 0.043750 0.029687
0 0.365625 0.308594 0.046875 0.048438
0 0.535937 0.613281 0.028125 0.026562
0 0.767188 0.726562 0.053125 0.053125
0 0.228906 0.499219 0.095312 0.117188
0 0.339062 0.943750 0.031250 0.046875
0 0.754687 0.491406 0.121875 0.079687
0 0.364844 0.678906 0.048438 0.032813
0 0.692969 0.444531 0.020313 0.020313
0 0.172656 0.185938 0.042188 0.059375
0 0.736719 0.175000 0.020313 0.018750
0 0.271875 0.230469 0.043750 0.079687
0 0.207031 0.155469 0.035937 0.039062
0 0.551562 0.318750 0.075000 0.056250
0 0.498437 0.626563 0.021875 0.021875
0 0.151562 0.574219 0.037500 0.023438
0 0.358594 0.012500 0.020313 0.018750
0 0.425000 0.734375 0.037500 0.034375
0 0.838281 0.842187 0.029687 0.037500
0 0.232813 0.101562 0.056250 0.093750
0 0.617969 0.982031 0.110937 0.032813
0 0.619531 0.750781 0.023438 0.029687
1 0.471875 0.560937 0.109375 0.059375
0 0.471875 0.912500 0.065625 0.078125
0 0.578906 0.621875 0.020313 0.025000
0 0.167969 0.238281 0.029687 0.023438
0 0.564063 0.278125 0.028125 0.028125
0 0.671094 0.368750 0.029687 0.031250
0 0.841406 0.900000 0.029687 0.028125
0 0.530469 0.356250 0.020313 0.015625
0 0.242969 0.028125 0.129688 0.046875
0 0.319531 0.549219 0.014063 0.014063
0 0.422656 0.623437 0.029687 0.028125
0 0.608594 0.656250 0.020313 0.021875
0 0.332813 0.257031 0.075000 0.054688
0 0.195312 0.253125 0.025000 0.021875
0 0.571094 0.405469 0.032813 0.023438
0 0.600000 0.328125 0.018750 0.015625
0 0.516406 0.235156 0.020313 0.020313
0 0.464844 0.020313 0.073438 0.040625
0 0.288281 0.433594 0.029687 0.039062
0 0.298438 0.476562 0.028125 0.028125
0 0.700000 0.390625 0.034375 0.025000
0 0.562500 0.836719 0.040625 0.048438
0 0.130469 0.953906 0.092188 0.067187
0 0.510938 0.856250 0.043750 0.040625
0 0.717969 0.685156 0.039062 0.054688
0 0.335156 0.505469 0.064062 0.060937
0 0.308594 0.751563 0.029687 0.040625
0 0.324219 0.575781 0.035937 0.032813
0 0.221875 0.301563 0.037500 0.034375
0 0.445312 0.148438 0.028125 0.034375
0 0.282813 0.172656 0.059375 0.051562
0 0.486719 0.571875 0.026562 0.031250
0 0.685937 0.866406 0.081250 0.057813
0 0.004687 0.042969 0.009375 0.029687
0 0.542969 0.422656 0.023438 0.020313
0 0.477344 0.610156 0.023438 0.029687
0 0.365625 0.803125 0.081250 0.062500
0 0.361719 0.136719 0.032813 0.035937
0 0.650000 0.633594 0.100000 0.048438
0 0.132812 0.484375 0.034375 0.034375
0 0.375000 0.901563 0.081250 0.056250
0 0.083594 0.496094 0.060937 0.054688
1 0.442969 0.515625 0.095312 0.071875
0 0.667969 0.712500 0.054688 0.046875
0 0.300000 0.325000 0.031250 0.031250
0 0.313281 0.085938 0.029687 0.031250
0 0.628125 0.328125 0.025000 0.025000
0 0.617969 0.812500 0.023438 0.040625
0 0.412500 0.417187 0.021875 0.015625
0 0.380469 0.365625 0.023438 0.018750
0 0.594531 0.422656 0.029687 0.020313
0 0.451562 0.396094 0.050000 0.054688
0 0.575781 0.880469 0.035937 0.035937
0 0.720313 0.628125 0.015625 0.015625
0 0.453125 0.653906 0.046875 0.060937
0 0.726562 0.905469 0.043750 0.042188
0 0.597656 0.663281 0.026562 0.020313
0 0.154688 0.832031 0.075000 0.098437
0 0.037500 0.210938 0.068750 0.050000
0 0.539844 0.257031 0.039062 0.029687
0 0.392188 0.580469 0.037500 0.023438
0 0.756250 0.648438 0.012500 0.015625
0 0.397656 0.600000 0.020313 0.018750
0 0.267969 0.092188 0.035937 0.040625
0 0.622656 0.700000 0.035937 0.028125
0 0.536719 0.633594 0.029687 0.023438
0 0.455469 0.200000 0.114062 0.106250
0 0.235937 0.281250 0.031250 0.031250
0 0.746094 0.396875 0.032813 0.031250
0 0.782813 0.351562 0.034375 0.034375
0 0.413281 0.967187 0.039062 0.037500
0 0.487500 0.809375 0.137500 0.087500
0 0.174219 0.450000 0.020313 0.015625
0 0.557813 0.735156 0.087500 0.110937
0 0.345313 0.467187 0.062500 0.034375
0 0.505469 0.566406 0.020313 0.020313
0 0.546094 0.375000 0.020313 0.021875
0 0.158594 0.046094 0.110937 0.079687
0 0.387500 0.400781 0.015625 0.017188
0 0.714844 0.021875 0.114062 0.043750
0 0.771094 0.105469 0.110937 0.145313
0 0.428125 0.379688 0.021875 0.018750
0 0.071094 0.183594 0.039062 0.035937
0 0.374219 0.347656 0.029687 0.020313
0 0.569531 0.374219 0.023438 0.023438
0 0.794531 0.025781 0.057813 0.051562
0 0.007031 0.092188 0.014063 0.031250
0 0.506250 0.423438 0.018750 0.018750
0 0.278125 0.787500 0.034375 0.040625
0 0.239063 0.577344 0.062500 0.048438
0 0.672656 0.675000 0.064062 0.034375
0 0.811719 0.285156 0.014063 0.014063
0 0.525781 0.387500 0.020313 0.015625
0 0.757812 0.681250 0.021875 0.028125
0 0.814063 0.964063 0.015625 0.021875
0 0.337500 0.740625 0.031250 0.028125
0 0.805469 0.310156 0.020313 0.020313
0 0.644531 0.407813 0.020313 0.015625
0 0.096875 0.092188 0.081250 0.081250
0 0.619531 0.300000 0.023438 0.025000
0 0.523438 0.767188 0.015625 0.012500
0 0.621875 0.938281 0.028125 0.035937
0 0.453906 0.708594 0.029687 0.039062
0 0.112500 0.638281 0.090625 0.060937
0 0.389844 0.550000 0.039062 0.028125
0 0.410938 0.575781 0.031250 0.032813
0 0.503125 0.670312 0.040625 0.059375
0 0.469531 0.730469 0.017188 0.032813
0 0.618750 0.725781 0.018750 0.023438
0 0.648438 0.800781 0.028125 0.029687
0 0.592187 0.250781 0.065625 0.026562
1 0.384375 0.636719 0.193750 0.260937
1 0.283594 0.121094 0.148438 0.157812
0 0.492969 0.259375 0.017188 0.028125
0 0.394531 0.014063 0.026562 0.025000
0 0.592969 0.854688 0.023438 0.025000
