0 0.667969 0.867188 0.020313 0.018750
0 0.610938 0.347656 0.043750 0.039062
0 0.521875 0.790625 0.025000 0.025000
0 0.196094 0.333594 0.048438 0.035937
0 0.702344 0.820312 0.035937 0.025000
0 0.389844 0.807031 0.035937 0.026562
0 0.578125 0.648438 0.100000 0.065625
0 0.588281 0.994531 0.035937 0.010937
0 0.665625 0.509375 0.043750 0.031250
0 0.646875 0.599219 0.100000 0.085938
0 0.815625 0.092188 0.093750 0.050000
0 0.038281 0.627344 0.045312 0.032813
0 0.026633 0.983594 0.050141 0.029687
0 0.754687 0.989062 0.046875 0.021875
0 0.327344 0.910937 0.114062 0.081250
0 0.484375 0.538281 0.071875 0.079687
0 0.497656 0.490625 0.023438 0.028125
0 0.732031 0.747656 0.020313 0.020313
0 0.221875 0.763281 0.059375 0.042188
0 0.103125 0.361719 0.081250 0.032813
0 0.676562 0.450000 0.087500 0.106250
0 0.238281 0.239844 0.123438 0.076563
0 0.128125 0.667969 0.034375 0.029687
0 0.178125 0.737500 0.090625 0.071875
0 0.746094 0.027344 0.117188 0.054688
0 0.678125 0.705469 0.043750 0.026562
0 0.521875 0.913281 0.031250 0.029687
0 0.159375 0.257422 0.068750 0.042969
0 0.712500 0.666406 0.056250 0.035937
0 0.349219 0.575000 0.095312 0.109375
0 0.278906 0.839844 0.235937 0.135937
0 0.521875 0.399219 0.134375 0.126562
0 0.825781 0.151562 0.076563 0.059375
0 0.153125 0.445312 0.125000 0.065625
0 0.378906 0.521875 0.095312 0.125000
0 0.741406 0.295312 0.039062 0.031250
0 0.454688 0.315625 0.121875 0.062500
0 0.592187 0.462500 0.071875 0.059375
0 0.036719 0.332031 0.073438 0.045312
0 0.557813 0.885938 0.028125 0.034375
0 0.720313 0.782031 0.037500 0.045312
0 0.747656 0.630469 0.057813 0.035937
0 0.665625 0.834375 0.037500 0.034375
0 0.328906 0.091406 0.067187 0.042188
0 0.786719 0.463281 0.123438 0.173437
0 0.604688 0.100000 0.078125 0.068750
0 0.675781 0.209375 0.089063 0.075000
0 0.392188 0.653906 0.009375 0.020313
0 0.136719 0.518750 0.073438 0.040625
0 0.596094 0.532031 0.082812 0.082812
0 0.553906 0.578125 0.067187 0.059375
0 0.935937 0.132812 0.100000 0.071875
0 0.330469 0.640625 0.064062 0.068750
0 0.605469 0.289844 0.070312 0.067187
0 0.621875 0.178125 0.100000 0.068750
0 0.985156 0.071875 0.026562 0.068750
0 0.903125 0.292187 0.075000 0.050000
0 0.039062 0.593750 0.046875 0.031250
1 0.089609 0.039766 0.116719 0.079531
0 0.247656 0.592187 0.092188 0.084375
0 0.106250 0.915625 0.043750 0.021875
0 0.759375 0.582031 0.100000 0.064062
0 0.638797 0.958984 0.083844 0.083594
0 0.947656 0.585156 0.051562 0.042188
0 0.633594 0.711719 0.035937 0.026562
0 0.668750 0.671094 0.034375 0.026562
0 0.162500 0.838281 0.071875 0.064062
0 0.569531 0.757812 0.057813 0.093750
0 0.507812 0.792969 0.046875 0.023438
0 0.403125 0.724219 0.059375 0.064062
0 0.911719 0.023438 0.076563 0.046875
0 0.980469 0.463281 0.039062 0.039062
0 0.672656 0.299453 0.064062 0.061406
0 0.984375 0.234375 0.028125 0.056250
0 0.292578 0.369062 0.194531 0.116250
0 0.092188 0.631250 0.040625 0.028125
0 0.059375 0.950781 0.046875 0.029687
0 0.693750 0.326562 0.071875 0.065625
0 0.890625 0.231250 0.090625 0.071875
0 0.135937 0.594531 0.131250 0.079687
0 0.369531 0.689063 0.064062 0.071875
0 0.490625 0.753906 0.034375 0.026562
0 0.152344 0.917969 0.020313 0.017188
0 0.821875 0.121094 0.084375 0.098437
0 0.065625 0.784375 0.131250 0.112500
0 0.453125 0.902344 0.071875 0.054688
0 0.185938 0.078125 0.234375 0.090625
0 0.300000 0.221094 0.065625 0.045312
0 0.043750 0.489844 0.084375 0.214062
0 0.710938 0.637500 0.021875 0.018750
0 0.372656 0.219531 0.023438 0.014063
0 0.492188 0.769531 0.040625 0.039062
0 0.607812 0.789844 0.056250 0.042188
0 0.986719 0.501563 0.023438 0.031250
0 0.280469 0.690625 0.048438 0.034375
0 0.089063 0.301563 0.021875 0.015625
0 0.621094 0.415625 0.054688 0.050000
0 0.453906 0.487500 0.039062 0.040625
0 0.486719 0.166406 0.104688 0.089063
0 0.346094 0.807813 0.045312 0.028125
0 0.406328 0.024141 0.187656 0.048281
0 0.021625 0.848437 0.043250 0.103125
0 0.649219 0.741406 0.039062 0.023438
0 0.673156 0.958273 0.055688 0.060297
0 0.347023 0.280289 0.015922 0.032453
0 0.359367 0.298023 0.018734 0.027297
0 0.791711 0.269266 0.017797 0.029156
0 0.811242 0.263242 0.022484 0.020234
0 0.873922 0.538992 0.147844 0.149859
0 0.798617 0.753930 0.022234 0.026609
0 0.917953 0.992313 0.060906 0.015875
0 0.114922 0.992820 0.098594 0.013766
1 0.343453 0.588750 0.277531 0.405625
1 0.799609 0.416547 0.189844 0.383094
