0 0.929688 0.572656 0.021875 0.020313
0 0.945312 0.189844 0.078125 0.085938
0 0.014844 0.343750 0.029687 0.046875
0 0.782508 0.419422 0.058766 0.063844
0 0.608594 0.483594 0.039062 0.042188
0 0.135352 0.625039 0.055078 0.068828
0 0.148438 0.683594 0.021875 0.020313
0 0.761719 0.927344 0.032813 0.026562
0 0.826562 0.571875 0.053125 0.046875
0 0.946875 0.612500 0.106250 0.109375
1 0.378906 0.316406 0.120313 0.154688
0 0.314844 0.835938 0.054688 0.053125
0 0.503906 0.121094 0.048438 0.039062
0 0.859375 0.140625 0.121875 0.096875
0 0.375781 0.940625 0.010937 0.009375
0 0.607031 0.378125 0.123438 0.065625
0 0.046094 0.548438 0.023438 0.018750
0 0.051562 0.588281 0.037500 0.032813
0 0.014844 0.583594 0.029687 0.135937
0 0.899234 0.839844 0.057844 0.082812
0 0.733594 0.866406 0.020313 0.020313
0 0.539062 0.677344 0.021875 0.020313
0 0.873437 0.713281 0.043750 0.032813
0 0.426563 0.534375 0.028125 0.021875
0 0.970313 0.303125 0.059375 0.046875
0 0.342969 0.887500 0.029687 0.028125
0 0.038281 0.406250 0.054688 0.046875
0 0.292187 0.333594 0.040625 0.035937
0 0.101562 0.603125 0.021875 0.015625
0 0.157031 0.833594 0.023438 0.020313
0 0.365625 0.734375 0.031250 0.046875
1 0.375469 0.121805 0.110312 0.102984
0 0.317969 0.389844 0.029687 0.023438
0 0.529687 0.650000 0.021875 0.021875
0 0.849219 0.721875 0.026562 0.025000
0 0.822656 0.921875 0.042188 0.028125
0 0.707031 0.164062 0.070312 0.109375
0 0.864062 0.687500 0.046875 0.028125
0 0.623437 0.350781 0.121875 0.092188
0 0.561719 0.530469 0.017188 0.014063
0 0.735156 0.391406 0.054688 0.042188
0 0.281250 0.260937 0.025000 0.021875
0 0.445312 0.228125 0.043750 0.034375
0 0.797656 0.758594 0.057813 0.082812
0 0.988281 0.251563 0.023438 0.043750
0 0.970313 0.677344 0.034375 0.020313
0 0.135156 0.367188 0.032813 0.028125
0 0.569531 0.791406 0.039062 0.026562
0 0.125000 0.903125 0.106250 0.118750
0 0.190625 0.693750 0.028125 0.034375
0 0.106250 0.751563 0.034375 0.031250
0 0.767188 0.900000 0.043750 0.034375
0 0.324219 0.906250 0.026562 0.021875
0 0.052344 0.362500 0.051562 0.043750
0 0.607031 0.638281 0.020313 0.020313
0 0.547656 0.457813 0.098437 0.081250
0 0.459375 0.178125 0.043750 0.040625
0 0.326562 0.419531 0.028125 0.023438
0 0.003906 0.468750 0.007812 0.040625
0 0.357812 0.664062 0.084375 0.059375
0 0.529687 0.301563 0.096875 0.084375
0 0.075781 0.324219 0.054688 0.032813
0 0.270313 0.690625 0.062500 0.096875
0 0.571094 0.941406 0.014063 0.020313
0 0.406250 0.407813 0.059375 0.068750
0 0.220312 0.676562 0.028125 0.034375
0 0.200781 0.353125 0.107813 0.093750
0 0.206250 0.448437 0.068750 0.059375
1 0.623437 0.707031 0.159375 0.145313
0 0.416406 0.509375 0.035937 0.028125
0 0.240625 0.075781 0.071875 0.064062
0 0.254688 0.800000 0.062500 0.081250
0 0.488281 0.700781 0.026562 0.023438
0 0.335156 0.296875 0.029687 0.050000
0 0.978906 0.729688 0.042188 0.046875
0 0.987273 0.810477 0.024547 0.030328
0 0.153906 0.253906 0.045312 0.039062
0 0.542969 0.509375 0.020313 0.018750
0 0.485156 0.657813 0.064062 0.065625
0 0.235156 0.634375 0.035937 0.034375
0 0.215625 0.723437 0.040625 0.050000
0 0.982812 0.454688 0.034375 0.040625
0 0.791406 0.642188 0.039062 0.034375
0 0.076563 0.570312 0.031250 0.025000
0 0.510938 0.227344 0.046875 0.042188
0 0.087500 0.200781 0.093750 0.060937
0 0.254688 0.555469 0.075000 0.098437
0 0.090625 0.432031 0.053125 0.060937
1 0.640625 0.566406 0.043750 0.042188
0 0.842969 0.618750 0.051562 0.043750
0 0.070312 0.546875 0.021875 0.018750
0 0.017188 0.246875 0.034375 0.128125
0 0.903906 0.387500 0.082812 0.096875
0 0.635156 0.334375 0.101562 0.050000
0 0.728125 0.696875 0.046875 0.031250
0 0.439063 0.559375 0.034375 0.028125
0 0.818750 0.653125 0.031250 0.028125
0 0.882031 0.539062 0.104688 0.146875
0 0.930469 0.685156 0.035937 0.020313
0 0.325781 0.143750 0.039062 0.037500
0 0.991406 0.667969 0.017188 0.039062
0 0.767969 0.535156 0.076563 0.067187
0 0.392188 0.739844 0.034375 0.051562
0 0.986719 0.776563 0.026562 0.028125
0 0.226562 0.943750 0.053125 0.068750
0 0.092969 0.279687 0.051562 0.031250
0 0.446875 0.060937 0.084375 0.075000
0 0.517188 0.060156 0.046875 0.045312
0 0.922656 0.280469 0.057813 0.045312
0 0.754687 0.800000 0.046875 0.043750
0 0.234375 0.286719 0.034375 0.029687
0 0.317188 0.742188 0.093750 0.090625
0 0.704688 0.484375 0.043750 0.043750
0 0.477344 0.452344 0.029687 0.032813
0 0.157031 0.469531 0.051562 0.048438
0 0.962500 0.857031 0.071875 0.064062
0 0.989844 0.228125 0.020313 0.028125
0 0.428125 0.465625 0.050000 0.053125
0 0.082812 0.654687 0.081250 0.059375
0 0.982812 0.339844 0.034375 0.042188
0 0.226562 0.590625 0.037500 0.043750
0 0.347656 0.955703 0.045312 0.042656
0 0.654680 0.705758 0.012484 0.014641
0 0.159172 0.657273 0.030844 0.027047
0 0.283227 0.906609 0.044578 0.038219
0 0.292578 0.888281 0.038281 0.032813
0 0.909336 0.381937 0.015547 0.017000
1 0.969734 0.455195 0.061344 0.116641
1 0.978539 0.502453 0.041453 0.023656
