0 0.924219 0.988281 0.073438 0.023438
0 0.818750 0.482031 0.128125 0.073438
0 0.591406 0.087500 0.142187 0.084375
0 0.195312 0.597656 0.034375 0.029687
0 0.706250 0.085938 0.093750 0.078125
0 0.339844 0.821094 0.045312 0.048438
0 0.882031 0.296094 0.085938 0.067187
0 0.389062 0.915625 0.037500 0.037500
0 0.702344 0.526563 0.035937 0.021875
0 0.785156 0.681250 0.048438 0.031250
0 0.108594 0.085156 0.060937 0.098437
0 0.414062 0.878906 0.021875 0.020313
0 0.935156 0.705469 0.101562 0.060937
0 0.484375 0.964063 0.025000 0.031250
0 0.849219 0.050000 0.070312 0.056250
0 0.582812 0.503125 0.050000 0.034375
0 0.615625 0.234375 0.071875 0.050000
0 0.439844 0.501563 0.085938 0.050000
0 0.124219 0.261719 0.195312 0.182812
0 0.438281 0.700000 0.089063 0.040625
0 0.638281 0.971094 0.092188 0.057813
0 0.096875 0.621875 0.040625 0.034375
0 0.306250 0.525000 0.128125 0.090625
0 0.851562 0.185938 0.275000 0.209375
0 0.067187 0.089844 0.081250 0.092188
0 0.449219 0.942187 0.026562 0.028125
0 0.401562 0.678125 0.078125 0.031250
0 0.722656 0.966406 0.020313 0.020313
0 0.425781 0.984375 0.035937 0.025000
0 0.376563 0.860156 0.028125 0.029687
0 0.582812 0.811719 0.025000 0.023438
0 0.139844 0.606250 0.067187 0.040625
0 0.122656 0.367969 0.035937 0.035937
0 0.042969 0.012500 0.020313 0.025000
0 0.207031 0.960156 0.023438 0.023438
0 0.492969 0.722656 0.039062 0.039062
0 0.520312 0.623437 0.053125 0.046875
0 0.334375 0.604688 0.100000 0.056250
0 0.162500 0.407813 0.059375 0.078125
0 0.343750 0.116406 0.068750 0.101562
0 0.811719 0.969531 0.051562 0.035937
0 0.023438 0.274219 0.021875 0.079687
0 0.929688 0.973437 0.018750 0.018750
0 0.560156 0.992969 0.023438 0.014063
0 0.553906 0.352344 0.067187 0.051562
0 0.403125 0.201563 0.150000 0.109375
0 0.559375 0.765625 0.062500 0.056250
0 0.652344 0.475781 0.048438 0.035937
0 0.749219 0.971094 0.017188 0.020313
0 0.480469 0.793750 0.017188 0.018750
0 0.949219 0.549219 0.101562 0.070312
0 0.899219 0.578906 0.110937 0.064062
0 0.499219 0.490625 0.048438 0.037500
0 0.358594 0.043750 0.060937 0.087500
0 0.185938 0.135937 0.087500 0.090625
0 0.152344 0.517969 0.051562 0.045312
0 0.200781 0.501563 0.048438 0.040625
0 0.774219 0.044531 0.076563 0.054688
0 0.754687 0.828125 0.053125 0.062500
0 0.322656 0.706250 0.114062 0.081250
0 0.940625 0.798438 0.028125 0.021875
0 0.418750 0.550000 0.043750 0.025000
0 0.739062 0.514844 0.081250 0.039062
0 0.356250 0.640625 0.059375 0.053125
0 0.599219 0.139063 0.076563 0.065625
0 0.775000 0.361719 0.131250 0.073438
0 0.841406 0.535156 0.064062 0.042188
0 0.401562 0.618750 0.046875 0.034375
0 0.021875 0.596094 0.043750 0.042188
0 0.604688 0.726562 0.065625 0.056250
0 0.185156 0.968750 0.032813 0.021875
0 0.292187 0.853906 0.028125 0.023438
0 0.514062 0.546875 0.103125 0.068750
0 0.031250 0.442188 0.059375 0.056250
0 0.503906 0.959375 0.035937 0.028125
0 0.333594 0.954688 0.023438 0.025000
0 0.530469 0.024219 0.129688 0.048438
0 0.214062 0.747656 0.034375 0.045312
0 0.152344 0.916406 0.085938 0.073438
0 0.458594 0.839063 0.035937 0.028125
0 0.223438 0.566406 0.093750 0.060937
0 0.243750 0.635938 0.125000 0.046875
0 0.013281 0.561719 0.026562 0.035937
0 0.515625 0.239063 0.071875 0.056250
0 0.283594 0.875781 0.020313 0.023438
0 0.650781 0.041406 0.089063 0.057813
0 0.286719 0.462500 0.079687 0.075000
0 0.338281 0.915625 0.035937 0.034375
0 0.455469 0.601562 0.064062 0.034375
0 0.867188 0.968750 0.021875 0.021875
0 0.935937 0.058594 0.128125 0.067187
0 0.556250 0.961719 0.025000 0.020313
0 0.070312 0.686719 0.140625 0.117188
0 0.444531 0.771094 0.035937 0.035937
0 0.509375 0.165625 0.078125 0.087500
0 0.687500 0.402344 0.115625 0.051562
0 0.214844 0.111719 0.123438 0.104688
0 0.178125 0.456250 0.068750 0.046875
0 0.418750 0.300781 0.225000 0.114062
0 0.256250 0.942969 0.040625 0.026562
0 0.385156 0.402344 0.326562 0.192188
0 0.223438 0.388281 0.084375 0.067187
0 0.221875 0.032813 0.234375 0.065625
0 0.144531 0.580469 0.060937 0.042188
0 0.369531 0.797656 0.057813 0.045312
0 0.695312 0.988281 0.021875 0.020313
0 0.060156 0.529687 0.120313 0.075000
0 0.196094 0.710156 0.026562 0.026562
0 0.742188 0.333594 0.081250 0.064062
0 0.694531 0.292969 0.067187 0.067187
0 0.625781 0.413281 0.101562 0.070312
0 0.885938 0.683594 0.025000 0.014063
0 0.917188 0.732031 0.025000 0.014063
0 0.296875 0.960938 0.015625 0.012500
0 0.310156 0.964844 0.017188 0.014063
0 0.295312 0.975781 0.031250 0.014063
0 0.251563 0.925000 0.015625 0.015625
0 0.428125 0.953125 0.021875 0.015625
0 0.389844 0.960938 0.020313 0.015625
0 0.502344 0.992969 0.051562 0.014063
0 0.493750 0.921875 0.015625 0.009375
0 0.589063 0.992969 0.021875 0.014063
0 0.667969 0.946094 0.017188 0.017188
0 0.696875 0.949219 0.031250 0.026562
0 0.689844 0.839063 0.014063 0.015625
0 0.655469 0.722656 0.017188 0.020313
0 0.648438 0.743750 0.012500 0.012500
0 0.623437 0.810937 0.031250 0.018750
0 0.605469 0.788281 0.020313 0.014063
0 0.588281 0.792188 0.017188 0.015625
1 0.704688 0.785937 0.062500 0.078125
1 0.736719 0.898438 0.229687 0.096875
1 0.600000 0.864844 0.153125 0.079687
1 0.511719 0.829688 0.060937 0.075000
1 0.515625 0.879687 0.096875 0.043750
1 0.590625 0.923438 0.218750 0.093750
1 0.270313 0.781250 0.090625 0.125000
1 0.212500 0.825781 0.134375 0.160938
0 0.232031 0.678906 0.035937 0.035937
0 0.165625 0.645312 0.103125 0.025000
0 0.565625 0.185156 0.053125 0.064062
0 0.784375 0.092969 0.031250 0.035937
0 0.944531 0.266406 0.029687 0.026562
0 0.875781 0.393750 0.023438 0.021875
0 0.240625 0.244531 0.131250 0.076563
0 0.309375 0.187500 0.068750 0.112500
0 0.026562 0.210156 0.018750 0.035937
0 0.531250 0.669531 0.128125 0.048438
0 0.554688 0.705469 0.018750 0.023438
0 0.618750 0.685156 0.043750 0.023438
0 0.593750 0.582031 0.034375 0.026562
0 0.613281 0.478906 0.039062 0.029687
1 0.591406 0.757031 0.192188 0.142187
1 0.445312 0.970313 0.175000 0.059375
