0 0.589844 0.964844 0.107813 0.070312
0 0.508594 0.675781 0.042188 0.057813
0 0.859375 0.343750 0.065625 0.075000
0 0.748437 0.203125 0.028125 0.028125
0 0.103906 0.597656 0.067187 0.085938
0 0.741406 0.358594 0.085938 0.089063
0 0.716406 0.189844 0.039062 0.070312
0 0.439063 0.134375 0.037500 0.034375
0 0.957031 0.541406 0.085938 0.098437
0 0.832812 0.099219 0.034375 0.048438
0 0.628906 0.685156 0.057813 0.079687
0 0.191406 0.024219 0.060937 0.048438
0 0.650000 0.160938 0.037500 0.040625
0 0.580469 0.203125 0.123438 0.200000
0 0.814844 0.470313 0.045312 0.046875
0 0.444531 0.607031 0.048438 0.060937
0 0.809375 0.225781 0.090625 0.085938
0 0.925781 0.731250 0.054688 0.050000
0 0.946875 0.158594 0.106250 0.129688
0 0.715625 0.060156 0.278125 0.110937
0 0.290625 0.153906 0.021875 0.023438
0 0.203906 0.773438 0.020313 0.028125
0 0.504687 0.831250 0.046875 0.075000
0 0.279687 0.097656 0.037500 0.048438
0 0.470313 0.963281 0.134375 0.073438
0 0.889062 0.709375 0.043750 0.065625
0 0.325781 0.545312 0.020313 0.021875
0 0.317188 0.135937 0.031250 0.040625
0 0.863281 0.453125 0.042188 0.053125
0 0.455469 0.758594 0.151562 0.185938
0 0.724219 0.603125 0.048438 0.081250
0 0.856250 0.039844 0.028125 0.032813
0 0.521094 0.414062 0.085938 0.140625
0 0.388281 0.296094 0.020313 0.023438
0 0.356250 0.307812 0.040625 0.062500
0 0.985938 0.606250 0.018750 0.043750
0 0.814063 0.141406 0.028125 0.023438
0 0.517188 0.253906 0.034375 0.045312
0 0.288281 0.878906 0.014063 0.017188
0 0.597656 0.540625 0.051562 0.062500
0 0.688281 0.403906 0.067187 0.064062
0 0.481250 0.333594 0.065625 0.073438
0 0.967187 0.805469 0.028125 0.048438
0 0.450000 0.188281 0.056250 0.092188
0 0.683594 0.179688 0.023438 0.031250
0 0.360938 0.864062 0.128125 0.165625
0 0.850000 0.767969 0.031250 0.023438
0 0.886719 0.646875 0.045312 0.046875
0 0.646875 0.281250 0.093750 0.137500
0 0.925781 0.452344 0.085938 0.082812
0 0.523438 0.103906 0.040625 0.051562
0 0.117969 0.928125 0.110937 0.093750
0 0.303906 0.977344 0.073438 0.026562
0 0.405469 0.856250 0.014063 0.021875
0 0.377344 0.182031 0.020313 0.026562
0 0.753125 0.036719 0.090625 0.039062
0 0.188281 0.297656 0.020313 0.017188
0 0.751563 0.953906 0.075000 0.092188
0 0.683594 0.497656 0.114062 0.126562
0 0.589844 0.699219 0.054688 0.076563
0 0.400000 0.608594 0.050000 0.051562
0 0.897656 0.041406 0.064062 0.032813
0 0.333594 0.045312 0.064062 0.081250
0 0.311719 0.735156 0.042188 0.073438
0 0.548438 0.332031 0.034375 0.042188
0 0.585938 0.424219 0.028125 0.026562
0 0.734375 0.280469 0.084375 0.082812
0 0.410938 0.462500 0.018750 0.025000
0 0.357031 0.442188 0.042188 0.043750
0 0.671875 0.950781 0.071875 0.067187
0 0.349219 0.642969 0.073438 0.123438
0 0.461719 0.010156 0.029687 0.020313
0 0.642969 0.384375 0.073438 0.078125
0 0.855469 0.564844 0.051562 0.085938
0 0.974219 0.374219 0.051562 0.048438
0 0.924219 0.952344 0.051562 0.067187
0 0.560156 0.033594 0.035937 0.048438
0 0.486719 0.191406 0.045312 0.085938
0 0.734375 0.721094 0.025000 0.017188
0 0.686719 0.814844 0.229687 0.173437
1 0.715625 0.830469 0.440625 0.270313
1 0.768750 0.291406 0.437500 0.348438
1 0.739844 0.098437 0.335938 0.187500
1 0.277344 0.026562 0.107813 0.053125
0 0.299219 0.458594 0.045312 0.082812
0 0.151562 0.302344 0.015625 0.014063
