0 0.560156 0.943750 0.054688 0.050000
0 0.506250 0.732031 0.065625 0.076563
0 0.107813 0.679688 0.056250 0.062500
0 0.608594 0.863281 0.054688 0.054688
0 0.580469 0.914844 0.045312 0.035937
0 0.296094 0.707031 0.042188 0.048438
0 0.221094 0.502344 0.042188 0.051562
0 0.221094 0.793750 0.048438 0.037500
0 0.554688 0.628906 0.021875 0.017188
0 0.644531 0.737500 0.048438 0.040625
0 0.232031 0.318750 0.076563 0.103125
0 0.539062 0.137500 0.050000 0.071875
0 0.446875 0.360938 0.021875 0.028125
0 0.252344 0.840625 0.070312 0.059375
0 0.984375 0.389844 0.018750 0.042188
0 0.885938 0.455469 0.115625 0.167187
0 0.335156 0.450000 0.054688 0.056250
0 0.221875 0.176563 0.106250 0.109375
0 0.580469 0.500781 0.023438 0.023438
0 0.976562 0.796875 0.046875 0.043750
0 0.666406 0.029687 0.101562 0.059375
0 0.485938 0.628906 0.037500 0.039062
0 0.814063 0.225000 0.112500 0.121875
0 0.206250 0.667188 0.050000 0.040625
0 0.335938 0.768750 0.034375 0.028125
0 0.176563 0.339062 0.081250 0.078125
0 0.272656 0.069531 0.101562 0.104688
0 0.546875 0.721094 0.034375 0.029687
0 0.582812 0.110937 0.018750 0.018750
0 0.968750 0.475781 0.062500 0.129688
0 0.483594 0.252344 0.035937 0.039062
0 0.963281 0.928125 0.045312 0.037500
0 0.600000 0.066406 0.018750 0.023438
0 0.354687 0.682031 0.021875 0.017188
0 0.897656 0.657813 0.107813 0.153125
0 0.539062 0.357812 0.084375 0.187500
0 0.169531 0.121094 0.026562 0.029687
0 0.493750 0.667969 0.043750 0.032813
0 0.589844 0.633594 0.054688 0.045312
0 0.472656 0.867969 0.095312 0.110937
0 0.564063 0.819531 0.046875 0.035937
0 0.422656 0.432812 0.048438 0.046875
0 0.438281 0.725781 0.076563 0.070312
0 0.176563 0.489063 0.056250 0.071875
0 0.775000 0.763281 0.181250 0.164062
0 0.610938 0.354687 0.037500 0.043750
0 0.575781 0.732031 0.026562 0.035937
0 0.413281 0.650000 0.098437 0.109375
0 0.631250 0.552344 0.062500 0.054688
0 0.605469 0.801562 0.023438 0.018750
0 0.595313 0.676562 0.056250 0.053125
0 0.414062 0.774219 0.043750 0.035937
0 0.682813 0.557031 0.025000 0.023438
0 0.661719 0.417969 0.054688 0.060937
0 0.974219 0.869531 0.051562 0.042188
0 0.044531 0.376563 0.064062 0.075000
0 0.316406 0.521094 0.057813 0.067187
0 0.444531 0.526563 0.117188 0.125000
0 0.396875 0.482812 0.068750 0.078125
0 0.058594 0.296875 0.067187 0.078125
0 0.646094 0.441406 0.067187 0.064062
0 0.546094 0.867969 0.029687 0.039062
0 0.565625 0.866406 0.034375 0.035937
0 0.197656 0.420312 0.057813 0.068750
