0 0.632812 0.394531 0.046875 0.045312
0 0.663281 0.434375 0.042188 0.046875
0 0.648438 0.303125 0.043750 0.031250
0 0.700781 0.429688 0.035937 0.018750
1 0.155469 0.538281 0.082812 0.117188
0 0.817187 0.546875 0.021875 0.021875
1 0.233594 0.734820 0.064062 0.082141
0 0.946484 0.578953 0.108594 0.073531
0 0.185156 0.295312 0.029687 0.025000
0 0.153906 0.354687 0.029687 0.028125
0 0.065625 0.356250 0.034375 0.028125
0 0.961719 0.845313 0.032813 0.031250
0 0.249219 0.602344 0.017188 0.020313
0 0.610938 0.305563 0.034375 0.036125
0 0.314844 0.332813 0.032813 0.025000
0 0.394531 0.316406 0.032813 0.026562
0 0.144531 0.251563 0.026562 0.025000
0 0.720313 0.412500 0.034375 0.028125
0 0.318750 0.396875 0.031250 0.028125
0 0.332813 0.447656 0.021875 0.017188
1 0.445328 0.540672 0.068781 0.112594
0 0.196875 0.631250 0.040625 0.040625
0 0.349219 0.367969 0.039062 0.048438
0 0.721875 0.368750 0.040625 0.031250
0 0.975000 0.514062 0.050000 0.068750
0 0.053125 0.642188 0.043750 0.046875
1 0.606242 0.561477 0.143734 0.110453
1 0.268750 0.781250 0.084375 0.103125
0 0.835156 0.186719 0.045312 0.032813
0 0.685156 0.673438 0.020313 0.015625
0 0.668750 0.757812 0.018750 0.015625
0 0.866406 0.546875 0.035937 0.034375
0 0.736719 0.689063 0.035937 0.046875
1 0.247656 0.675492 0.076563 0.079109
0 0.667188 0.501563 0.050000 0.031250
1 0.204102 0.449203 0.120703 0.135906
0 0.275000 0.326562 0.043750 0.040625
0 0.346094 0.337500 0.017188 0.012500
0 0.068750 0.415625 0.034375 0.025000
0 0.771875 0.604688 0.053125 0.043750
0 0.281250 0.602344 0.015625 0.014063
0 0.837250 0.051461 0.158875 0.077922
0 0.779687 0.351562 0.034375 0.028125
0 0.204687 0.474219 0.046875 0.045312
0 0.841797 0.505172 0.171094 0.072844
0 0.756250 0.207031 0.050000 0.082812
1 0.083594 0.272656 0.104688 0.104688
1 0.128125 0.314063 0.040625 0.065625
1 0.462594 0.411602 0.031438 0.073203
0 0.722656 0.293750 0.057813 0.046875
0 0.696875 0.535937 0.053125 0.037500
0 0.144531 0.796875 0.042188 0.046875
0 0.683594 0.335938 0.054688 0.046875
0 0.259375 0.498437 0.075000 0.084375
0 0.738281 0.573438 0.051562 0.046875
0 0.897656 0.375000 0.101562 0.062500
0 0.781250 0.427344 0.043750 0.032813
0 0.988281 0.698438 0.023438 0.034375
0 0.415625 0.282813 0.075000 0.059375
1 0.189844 0.218750 0.085938 0.071875
1 0.348438 0.268750 0.103125 0.065625
0 0.957812 0.150000 0.084375 0.071875
0 0.723437 0.850000 0.015625 0.018750
1 0.535156 0.451562 0.114062 0.125000
0 0.649656 0.267484 0.033687 0.038094
1 0.481922 0.555555 0.041969 0.067359
1 0.459281 0.648758 0.056063 0.103766
1 0.270008 0.605469 0.040016 0.070312
1 0.212258 0.417234 0.052641 0.037594
1 0.273852 0.252727 0.141453 0.096078
1 0.171914 0.617156 0.037578 0.071813
0 0.114891 0.642094 0.014156 0.012313
0 0.159477 0.613383 0.012703 0.014266
0 0.117516 0.330289 0.013156 0.013703
0 0.632812 0.394531 0.046875 0.045312
0 0.663281 0.434375 0.042188 0.046875
0 0.648438 0.303125 0.043750 0.031250
0 0.700781 0.429688 0.035937 0.018750
1 0.155469 0.538281 0.082812 0.117188
0 0.817187 0.546875 0.021875 0.021875
1 0.233594 0.734820 0.064062 0.082141
0 0.946484 0.578953 0.108594 0.073531
0 0.185156 0.295312 0.029687 0.025000
0 0.153906 0.354687 0.029687 0.028125
0 0.065625 0.356250 0.034375 0.028125
0 0.961719 0.845313 0.032813 0.031250
0 0.249219 0.602344 0.017188 0.020313
0 0.610938 0.305563 0.034375 0.036125
0 0.314844 0.332813 0.032813 0.025000
0 0.394531 0.316406 0.032813 0.026562
0 0.144531 0.251563 0.026562 0.025000
0 0.720313 0.412500 0.034375 0.028125
0 0.318750 0.396875 0.031250 0.028125
0 0.332813 0.447656 0.021875 0.017188
1 0.445328 0.540672 0.068781 0.112594
0 0.196875 0.631250 0.040625 0.040625
0 0.349219 0.367969 0.039062 0.048438
0 0.721875 0.368750 0.040625 0.031250
0 0.975000 0.514062 0.050000 0.068750
0 0.053125 0.642188 0.043750 0.046875
1 0.606242 0.561477 0.143734 0.110453
1 0.268750 0.781250 0.084375 0.103125
0 0.835156 0.186719 0.045312 0.032813
0 0.685156 0.673438 0.020313 0.015625
0 0.668750 0.757812 0.018750 0.015625
0 0.866406 0.546875 0.035937 0.034375
0 0.736719 0.689063 0.035937 0.046875
1 0.247656 0.675492 0.076563 0.079109
0 0.667188 0.501563 0.050000 0.031250
1 0.204102 0.449203 0.120703 0.135906
0 0.275000 0.326562 0.043750 0.040625
0 0.346094 0.337500 0.017188 0.012500
0 0.068750 0.415625 0.034375 0.025000
0 0.771875 0.604688 0.053125 0.043750
0 0.281250 0.602344 0.015625 0.014063
0 0.837250 0.051461 0.158875 0.077922
0 0.779687 0.351562 0.034375 0.028125
0 0.204687 0.474219 0.046875 0.045312
0 0.841797 0.505172 0.171094 0.072844
0 0.756250 0.207031 0.050000 0.082812
1 0.083594 0.272656 0.104688 0.104688
1 0.128125 0.314063 0.040625 0.065625
1 0.462594 0.411602 0.031438 0.073203
0 0.722656 0.293750 0.057813 0.046875
0 0.696875 0.535937 0.053125 0.037500
0 0.144531 0.796875 0.042188 0.046875
0 0.683594 0.335938 0.054688 0.046875
0 0.259375 0.498437 0.075000 0.084375
0 0.738281 0.573438 0.051562 0.046875
0 0.897656 0.375000 0.101562 0.062500
0 0.781250 0.427344 0.043750 0.032813
0 0.988281 0.698438 0.023438 0.034375
0 0.415625 0.282813 0.075000 0.059375
1 0.189844 0.218750 0.085938 0.071875
1 0.348438 0.268750 0.103125 0.065625
0 0.957812 0.150000 0.084375 0.071875
0 0.723437 0.850000 0.015625 0.018750
1 0.535156 0.451562 0.114062 0.125000
0 0.649656 0.267484 0.033687 0.038094
1 0.481922 0.555555 0.041969 0.067359
1 0.459281 0.648758 0.056063 0.103766
1 0.270008 0.605469 0.040016 0.070312
1 0.212258 0.417234 0.052641 0.037594
1 0.273852 0.252727 0.141453 0.096078
1 0.171914 0.617156 0.037578 0.071813
0 0.114891 0.642094 0.014156 0.012313
0 0.159477 0.613383 0.012703 0.014266
0 0.117516 0.330289 0.013156 0.013703
