0 0.850781 0.547656 0.095312 0.092188
0 0.646094 0.767969 0.073438 0.032813
0 0.266406 0.763281 0.045312 0.042188
0 0.377344 0.117188 0.032813 0.046875
0 0.357812 0.641406 0.050000 0.035937
0 0.293750 0.382031 0.018750 0.017188
0 0.272656 0.832031 0.051562 0.082812
0 0.746094 0.850781 0.051562 0.054688
0 0.769531 0.009375 0.035937 0.018750
0 0.147656 0.689063 0.029687 0.031250
0 0.146094 0.741406 0.020313 0.017188
0 0.674219 0.983594 0.029687 0.023438
0 0.416406 0.628125 0.020313 0.021875
0 0.060937 0.680469 0.021875 0.020313
0 0.095312 0.859375 0.040625 0.062500
0 0.082812 0.184375 0.084375 0.056250
0 0.707031 0.081250 0.035937 0.028125
0 0.698438 0.240625 0.012500 0.015625
0 0.446094 0.336719 0.039062 0.039062
0 0.424219 0.299219 0.079687 0.035937
0 0.174219 0.695312 0.026562 0.021875
0 0.270313 0.134375 0.093750 0.103125
0 0.640625 0.576562 0.075000 0.056250
0 0.355469 0.390625 0.014063 0.015625
0 0.184375 0.283594 0.015625 0.010937
0 0.449219 0.657813 0.017188 0.015625
0 0.183594 0.892188 0.032813 0.056250
0 0.463281 0.028125 0.045312 0.050000
0 0.248438 0.028125 0.053125 0.040625
0 0.646875 0.028906 0.031250 0.042188
0 0.836719 0.347656 0.048438 0.032813
0 0.551562 0.331250 0.050000 0.040625
0 0.432812 0.645312 0.015625 0.018750
0 0.589844 0.582031 0.035937 0.039062
0 0.787500 0.654687 0.021875 0.025000
0 0.507031 0.336719 0.035937 0.035937
0 0.570312 0.301563 0.040625 0.031250
0 0.333594 0.082031 0.114062 0.104688
0 0.258594 0.655469 0.039062 0.029687
0 0.675781 0.198437 0.017188 0.018750
0 0.743750 0.360156 0.037500 0.029687
0 0.742188 0.703906 0.071875 0.057813
0 0.641406 0.852344 0.014063 0.017188
0 0.635938 0.282031 0.071875 0.067187
0 0.182031 0.935937 0.029687 0.028125
0 0.607031 0.215625 0.057813 0.078125
0 0.224219 0.066406 0.029687 0.048438
0 0.525781 0.794531 0.042188 0.039062
0 0.253906 0.392188 0.014063 0.015625
0 0.434375 0.038281 0.037500 0.042188
0 0.590625 0.324219 0.025000 0.023438
0 0.089063 0.419531 0.021875 0.017188
0 0.467969 0.500000 0.029687 0.025000
0 0.032813 0.763281 0.028125 0.023438
0 0.710938 0.671875 0.040625 0.043750
0 0.481250 0.771094 0.018750 0.017188
0 0.017969 0.514844 0.023438 0.026562
0 0.579688 0.529687 0.100000 0.087500
0 0.413281 0.403125 0.098437 0.087500
0 0.137500 0.097656 0.018750 0.017188
0 0.751563 0.536719 0.040625 0.045312
0 0.391406 0.597656 0.064062 0.048438
0 0.462500 0.825781 0.018750 0.017188
0 0.381250 0.682813 0.062500 0.040625
0 0.293750 0.418750 0.015625 0.018750
0 0.470313 0.200781 0.125000 0.079687
0 0.028906 0.708594 0.026562 0.023438
0 0.603906 0.776563 0.029687 0.025000
0 0.624219 0.329688 0.035937 0.037500
0 0.494531 0.166406 0.048438 0.026562
0 0.773438 0.236719 0.034375 0.023438
0 0.644531 0.000781 0.026562 0.001563
0 0.317188 0.660156 0.043750 0.051562
0 0.674219 0.355469 0.029687 0.026562
0 0.408594 0.896094 0.079687 0.073438
0 0.369531 0.017969 0.048438 0.029687
0 0.317188 0.300781 0.062500 0.054688
0 0.564844 0.219531 0.026562 0.029687
0 0.741406 0.332813 0.098437 0.062500
0 0.405469 0.485156 0.079687 0.067187
0 0.732031 0.274219 0.076563 0.057813
0 0.845313 0.244531 0.068750 0.073438
0 0.716406 0.186719 0.032813 0.026562
0 0.666406 0.145313 0.032813 0.031250
0 0.931250 0.489844 0.040625 0.042188
0 0.422656 0.964063 0.045312 0.071875
0 0.194531 0.338281 0.026562 0.020313
0 0.515625 0.653906 0.084375 0.054688
0 0.257031 0.243750 0.039062 0.034375
0 0.321875 0.819531 0.050000 0.042188
0 0.798438 0.739844 0.034375 0.035937
0 0.853906 0.449219 0.023438 0.023438
0 0.543750 0.483594 0.053125 0.048438
0 0.551562 0.596875 0.028125 0.034375
0 0.496094 0.537500 0.060937 0.062500
0 0.517188 0.731250 0.096875 0.034375
0 0.505469 0.416406 0.126562 0.126562
0 0.056250 0.739062 0.028125 0.025000
0 0.646875 0.228906 0.031250 0.035937
0 0.634375 0.632812 0.121875 0.078125
0 0.109375 0.256250 0.078125 0.062500
0 0.417187 0.787500 0.065625 0.068750
0 0.230469 0.213281 0.067187 0.051562
0 0.835938 0.457813 0.021875 0.021875
0 0.060156 0.570312 0.048438 0.040625
0 0.772656 0.102344 0.098437 0.051562
0 0.752344 0.154688 0.035937 0.028125
0 0.431250 0.667969 0.021875 0.020313
0 0.052344 0.457031 0.054688 0.048438
0 0.046094 0.304688 0.067187 0.046875
0 0.649219 0.896875 0.032813 0.059375
0 0.503906 0.815625 0.039062 0.037500
0 0.721094 0.783594 0.032813 0.029687
0 0.398438 0.343750 0.043750 0.037500
0 0.388281 0.718750 0.032813 0.034375
0 0.669531 0.042969 0.035937 0.032813
0 0.180469 0.760156 0.026562 0.026562
0 0.365625 0.438281 0.056250 0.042188
0 0.178125 0.379688 0.018750 0.015625
0 0.511719 0.091406 0.164062 0.104688
0 0.127344 0.997656 0.045312 0.004687
0 0.567187 0.875781 0.021875 0.023438
0 0.680469 0.919531 0.035937 0.054688
0 0.344531 0.764844 0.029687 0.026562
0 0.592187 0.366406 0.050000 0.051562
0 0.759375 0.946094 0.096875 0.089063
0 0.474219 0.307031 0.029687 0.032813
0 0.191406 0.475781 0.039062 0.035937
0 0.552344 0.157812 0.045312 0.056250
0 0.405469 0.217969 0.020313 0.010937
0 0.339062 0.558594 0.065625 0.042188
0 0.551562 0.260156 0.059375 0.054688
0 0.628906 0.692969 0.070312 0.064062
0 0.664844 0.311719 0.035937 0.042188
0 0.910937 0.385156 0.040625 0.032813
0 0.314844 0.713281 0.067187 0.057813
0 0.459375 0.390625 0.012500 0.012500
0 0.520312 0.300781 0.046875 0.045312
0 0.381250 0.970313 0.053125 0.059375
0 0.478125 0.700000 0.125000 0.053125
0 0.619531 0.956250 0.048438 0.059375
0 0.354687 0.193750 0.100000 0.059375
0 0.578906 0.844531 0.035937 0.035937
0 0.906250 0.525000 0.018750 0.015625
0 0.046094 0.807031 0.029687 0.026562
0 0.886719 0.621094 0.035937 0.060937
0 0.452344 0.254688 0.145313 0.075000
0 0.536719 0.859375 0.026562 0.025000
0 0.671875 0.715625 0.037500 0.037500
0 0.618750 0.414062 0.075000 0.062500
0 0.064844 0.632031 0.029687 0.023438
0 0.775781 0.610156 0.107813 0.035937
0 0.665625 0.782813 0.065625 0.025000
0 0.499219 0.715625 0.095312 0.040625
0 0.131250 0.499219 0.037500 0.014063
1 0.582812 0.542188 0.321875 0.190625
0 0.476562 0.339844 0.034375 0.035937
0 0.617969 0.065625 0.020313 0.015625
1 0.522656 0.100781 0.304688 0.145313
0 0.373437 0.035156 0.021875 0.020313
