0 0.268750 0.852344 0.084375 0.107813
0 0.456250 0.543750 0.050000 0.065625
0 0.397656 0.595313 0.054688 0.062500
0 0.742969 0.734375 0.051562 0.050000
0 0.315625 0.692187 0.018750 0.025000
0 0.315625 0.392188 0.078125 0.081250
0 0.225781 0.671094 0.032813 0.020313
0 0.168750 0.860156 0.034375 0.032813
0 0.392188 0.307812 0.015625 0.015625
0 0.953906 0.576562 0.051562 0.040625
0 0.504687 0.540625 0.062500 0.062500
0 0.870313 0.460156 0.034375 0.042188
0 0.060156 0.311719 0.101562 0.117188
0 0.021875 0.056250 0.043750 0.037500
0 0.566406 0.878125 0.042188 0.078125
0 0.350000 0.420312 0.040625 0.025000
0 0.740625 0.416406 0.028125 0.042188
0 0.355469 0.499219 0.076563 0.139063
0 0.878906 0.558594 0.085938 0.054688
0 0.542188 0.170313 0.031250 0.031250
0 0.980469 0.706250 0.039062 0.043750
0 0.343750 0.198437 0.093750 0.084375
0 0.522656 0.125000 0.026562 0.021875
0 0.819531 0.182812 0.042188 0.037500
0 0.556250 0.705469 0.015625 0.026562
0 0.113281 0.781250 0.076563 0.071875
0 0.050781 0.735156 0.035937 0.023438
0 0.811719 0.532813 0.057813 0.043750
0 0.212500 0.438281 0.081250 0.157812
0 0.223438 0.785937 0.021875 0.050000
0 0.666406 0.476562 0.117188 0.109375
0 0.428125 0.817969 0.009375 0.017188
0 0.855469 0.622656 0.073438 0.064062
0 0.471875 0.764844 0.106250 0.089063
0 0.008594 0.636719 0.017188 0.054688
0 0.977344 0.745313 0.045312 0.034375
0 0.403125 0.878906 0.015625 0.010937
0 0.006250 0.521094 0.012500 0.042188
0 0.868750 0.349219 0.071875 0.060937
0 0.052344 0.441406 0.104688 0.117188
0 0.832812 0.250867 0.071875 0.067359
0 0.861719 0.595313 0.079687 0.096875
0 0.189844 0.547656 0.067187 0.076563
0 0.832812 0.691406 0.071875 0.064062
0 0.748437 0.290625 0.046875 0.031250
0 0.007812 0.122656 0.015625 0.032813
0 0.889844 0.667969 0.073438 0.054688
0 0.846875 0.412500 0.046875 0.043750
0 0.420312 0.363281 0.103125 0.110937
0 0.340625 0.353125 0.031250 0.025000
0 0.739062 0.223438 0.043750 0.034375
0 0.129688 0.468750 0.053125 0.109375
0 0.307812 0.157031 0.046875 0.032813
0 0.309375 0.540625 0.015625 0.018750
0 0.103906 0.556250 0.067187 0.118750
0 0.221094 0.305469 0.107813 0.107813
0 0.215625 0.628906 0.037500 0.039062
0 0.105469 0.353125 0.017188 0.018750
0 0.710156 0.741406 0.082812 0.070312
0 0.877344 0.821875 0.101562 0.096875
0 0.941406 0.465625 0.042188 0.040625
0 0.339062 0.075000 0.103125 0.100000
0 0.321875 0.284375 0.121875 0.078125
0 0.757812 0.168750 0.068750 0.053125
0 0.785156 0.696875 0.032813 0.028125
0 0.829688 0.472656 0.046875 0.045312
0 0.061719 0.665625 0.035937 0.028125
0 0.991406 0.603125 0.014063 0.015625
0 0.085156 0.131250 0.126562 0.134375
0 0.064062 0.596875 0.031250 0.034375
0 0.178906 0.645312 0.032813 0.034375
0 0.221875 0.547656 0.112500 0.089063
0 0.981250 0.421875 0.034375 0.050000
0 0.438281 0.090625 0.048438 0.059375
0 0.019633 0.326687 0.039266 0.053375
0 0.471875 0.873437 0.046875 0.034375
0 0.435937 0.616406 0.021875 0.039062
0 0.914062 0.295312 0.053125 0.050000
0 0.158594 0.817187 0.039062 0.025000
0 0.317969 0.611500 0.032813 0.038625
0 0.672656 0.672656 0.035937 0.082812
0 0.689063 0.367969 0.115625 0.104688
0 0.166406 0.246875 0.039062 0.034375
0 0.551562 0.422656 0.103125 0.057813
0 0.931250 0.350000 0.034375 0.046875
0 0.250000 0.033594 0.115625 0.067187
0 0.841406 0.455469 0.048438 0.064062
0 0.478125 0.665625 0.056250 0.028125
0 0.044531 0.550781 0.057813 0.057813
0 0.503234 0.344617 0.059594 0.061109
0 0.121875 0.652344 0.071875 0.135937
0 0.728906 0.441406 0.026562 0.035937
0 0.221875 0.087500 0.046875 0.040625
0 0.314063 0.586719 0.043750 0.045312
0 0.257812 0.547656 0.071875 0.085938
0 0.688281 0.278125 0.051562 0.034375
0 0.973437 0.782813 0.021875 0.015625
0 0.059375 0.689844 0.028125 0.020313
0 0.896094 0.753906 0.067187 0.064062
0 0.519531 0.273438 0.076563 0.081250
0 0.036719 0.632031 0.048438 0.048438
0 0.012500 0.691406 0.021875 0.060937
0 0.357031 0.802344 0.117188 0.145313
0 0.985156 0.864844 0.026562 0.032813
0 0.281367 0.635813 0.018984 0.021625
0 0.724219 0.589063 0.135937 0.134375
0 0.545312 0.756250 0.034375 0.037500
0 0.591406 0.340625 0.089063 0.109375
0 0.521875 0.475000 0.125000 0.068750
0 0.514844 0.671875 0.042188 0.037500
0 0.978125 0.553125 0.040625 0.043750
0 0.444531 0.163281 0.107813 0.076563
0 0.778125 0.384375 0.071875 0.106250
0 0.900422 0.207031 0.085219 0.076563
0 0.123438 0.848437 0.065625 0.071875
0 0.186719 0.184375 0.054688 0.040625
0 0.710156 0.835156 0.026562 0.026562
0 0.531664 0.419313 0.032078 0.026125
0 0.659031 0.547562 0.018063 0.020125
0 0.994852 0.460156 0.011578 0.029687
