0 0.545312 0.672656 0.159375 0.126562
0 0.736719 0.277344 0.026562 0.023438
0 0.215625 0.532031 0.025000 0.032813
0 0.721875 0.650781 0.037500 0.048438
0 0.309375 0.485938 0.065625 0.025000
0 0.625000 0.957812 0.171875 0.084375
0 0.432031 0.450000 0.023438 0.028125
0 0.254688 0.682813 0.046875 0.062500
0 0.297656 0.766406 0.095312 0.132812
0 0.701562 0.802344 0.025000 0.035937
0 0.397656 0.344531 0.101562 0.085938
0 0.387500 0.605469 0.043750 0.060937
0 0.367188 0.465625 0.015625 0.021875
0 0.782031 0.674219 0.051562 0.073438
0 0.785937 0.836719 0.040625 0.060937
0 0.385156 0.778125 0.057813 0.068750
0 0.037500 0.657813 0.075000 0.143750
0 0.644531 0.675000 0.051562 0.068750
0 0.012500 0.954688 0.025000 0.053125
0 0.134375 0.764062 0.050000 0.059375
0 0.597656 0.450781 0.120313 0.051562
0 0.819531 0.360156 0.023438 0.048438
0 0.754687 0.603125 0.068750 0.040625
0 0.314063 0.861719 0.050000 0.060937
0 0.318750 0.419531 0.040625 0.048438
0 0.247656 0.256250 0.029687 0.034375
0 0.357031 0.358594 0.042188 0.023438
0 0.185156 0.270313 0.032813 0.034375
0 0.594531 0.281250 0.054688 0.075000
0 0.035156 0.857031 0.070312 0.142187
0 0.306250 0.225000 0.034375 0.021875
0 0.320312 0.257031 0.034375 0.042188
0 0.725000 0.702344 0.040625 0.085938
0 0.403906 0.400000 0.023438 0.028125
0 0.123438 0.409375 0.046875 0.050000
0 0.370312 0.517188 0.031250 0.037500
0 0.801562 0.784375 0.034375 0.037500
0 0.039844 0.973437 0.026562 0.025000
0 0.355469 0.398438 0.045312 0.050000
0 0.440625 0.860938 0.034375 0.043750
0 0.311719 0.390625 0.032813 0.028125
0 0.421875 0.804688 0.050000 0.046875
0 0.327344 0.677344 0.089063 0.092188
0 0.490625 0.835938 0.053125 0.078125
0 0.566406 0.759375 0.035937 0.050000
0 0.278906 0.471094 0.045312 0.035937
0 0.699219 0.840625 0.020313 0.025000
0 0.596875 0.406250 0.025000 0.040625
0 0.409375 0.919531 0.059375 0.060937
0 0.751563 0.762500 0.037500 0.053125
0 0.229687 0.932031 0.056250 0.070312
0 0.096094 0.864844 0.089063 0.101562
0 0.164844 0.332031 0.092188 0.076563
0 0.371094 0.833594 0.048438 0.048438
0 0.363281 0.949219 0.051562 0.048438
0 0.237500 0.671094 0.050000 0.064062
0 0.196875 0.792969 0.043750 0.067187
0 0.343750 0.305469 0.034375 0.042188
0 0.007812 0.778906 0.015625 0.057813
0 0.435156 0.747656 0.054688 0.064062
0 0.806250 0.738281 0.034375 0.035937
0 0.378125 0.726562 0.025000 0.043750
0 0.669531 0.419531 0.042188 0.045312
0 0.697656 0.900000 0.048438 0.106250
0 0.189844 0.608594 0.039062 0.042188
0 0.608594 0.776563 0.039062 0.053125
0 0.644531 0.351562 0.067187 0.078125
0 0.296094 0.345313 0.032813 0.028125
0 0.512500 0.303906 0.025000 0.029687
0 0.063281 0.728125 0.045312 0.062500
0 0.708594 0.617969 0.026562 0.039062
0 0.669531 0.461719 0.039062 0.057813
0 0.573438 0.351562 0.031250 0.050000
0 0.554688 0.332031 0.018750 0.035937
0 0.515625 0.393750 0.025000 0.031250
0 0.390625 0.462500 0.028125 0.028125
0 0.385156 0.429688 0.032813 0.034375
0 0.319531 0.361719 0.029687 0.029687
0 0.278906 0.312500 0.032813 0.043750
0 0.271094 0.287500 0.051562 0.037500
0 0.478125 0.275781 0.018750 0.026562
1 0.385937 0.249219 0.090625 0.051562
1 0.547656 0.264062 0.085938 0.050000
1 0.665625 0.253906 0.075000 0.017188
1 0.569531 0.876563 0.404687 0.246875
1 0.612500 0.448437 0.434375 0.156250
1 0.342187 0.596875 0.281250 0.203125
1 0.175781 0.537500 0.182812 0.106250
