0 0.457031 0.444531 0.070312 0.101562
0 0.460156 0.910156 0.076563 0.107813
0 0.539844 0.685937 0.032813 0.050000
0 0.329688 0.847656 0.025000 0.035937
0 0.303906 0.018750 0.023438 0.012500
0 0.653906 0.823438 0.051562 0.062500
0 0.394531 0.785156 0.029687 0.042188
0 0.510156 0.201563 0.057813 0.075000
0 0.470313 0.722656 0.059375 0.135937
0 0.188281 0.957812 0.026562 0.056250
0 0.907031 0.932031 0.101562 0.085938
0 0.287500 0.047656 0.015625 0.026562
0 0.156250 0.624219 0.028125 0.032813
0 0.481250 0.221094 0.040625 0.057813
0 0.293750 0.812500 0.037500 0.043750
0 0.124219 0.289844 0.073438 0.042188
0 0.169531 0.530469 0.020313 0.026562
0 0.102344 0.667188 0.020313 0.028125
0 0.356250 0.524219 0.040625 0.070312
0 0.650781 0.170313 0.023438 0.034375
0 0.587500 0.687500 0.034375 0.053125
0 0.059375 0.292969 0.075000 0.085938
0 0.327344 0.502344 0.023438 0.048438
0 0.742188 0.322656 0.071875 0.101562
0 0.039844 0.231250 0.032813 0.046875
0 0.121094 0.689844 0.020313 0.023438
0 0.271875 0.609375 0.034375 0.053125
0 0.688281 0.195312 0.048438 0.078125
0 0.576562 0.572656 0.109375 0.085938
0 0.130469 0.471094 0.070312 0.085938
0 0.200781 0.778125 0.017188 0.028125
0 0.196875 0.245312 0.053125 0.062500
0 0.730469 0.766406 0.048438 0.067187
0 0.780469 0.235937 0.107813 0.115625
0 0.208594 0.573438 0.023438 0.040625
0 0.354687 0.098437 0.056250 0.075000
0 0.431250 0.507812 0.028125 0.040625
0 0.011719 0.572656 0.017188 0.067187
0 0.471094 0.592187 0.045312 0.043750
0 0.107813 0.800781 0.056250 0.089063
0 0.246875 0.751563 0.028125 0.053125
0 0.294531 0.527344 0.026562 0.039062
0 0.385937 0.975781 0.037500 0.048438
0 0.389062 0.223438 0.034375 0.053125
0 0.692969 0.597656 0.051562 0.070312
0 0.193750 0.643750 0.025000 0.040625
0 0.353906 0.874219 0.035937 0.051562
0 0.538281 0.765625 0.076563 0.121875
0 0.271094 0.769531 0.026562 0.048438
0 0.405469 0.430469 0.032813 0.048438
0 0.335156 0.574219 0.023438 0.035937
0 0.273438 0.502344 0.025000 0.039062
0 0.561719 0.891406 0.189062 0.217188
0 0.444531 0.014063 0.054688 0.025000
0 0.389844 0.160156 0.054688 0.057813
0 0.782031 0.565625 0.073438 0.081250
0 0.732031 0.182031 0.064062 0.101562
0 0.244531 0.885156 0.032813 0.051562
0 0.395313 0.824219 0.031250 0.032813
0 0.721875 0.705469 0.059375 0.073438
0 0.295312 0.652344 0.031250 0.054688
0 0.258594 0.437500 0.095312 0.146875
0 0.574219 0.860938 0.032813 0.037500
0 0.328125 0.786719 0.056250 0.073438
0 0.463281 0.368750 0.039062 0.065625
0 0.199219 0.085156 0.020313 0.026562
0 0.747656 0.039844 0.092188 0.079687
0 0.608594 0.006250 0.039062 0.012500
0 0.044531 0.117188 0.045312 0.075000
0 0.316406 0.605469 0.014063 0.020313
0 0.324219 0.724219 0.020313 0.032813
0 0.457813 0.175000 0.053125 0.037500
0 0.082812 0.539062 0.081250 0.109375
0 0.349219 0.235937 0.039062 0.037500
0 0.178906 0.912500 0.032813 0.053125
0 0.228906 0.598437 0.023438 0.037500
0 0.109375 0.408594 0.037500 0.042188
0 0.364063 0.443750 0.025000 0.043750
0 0.262500 0.126562 0.050000 0.068750
0 0.829688 0.814063 0.103125 0.128125
0 0.302344 0.114062 0.070312 0.087500
0 0.189844 0.353906 0.023438 0.026562
0 0.267969 0.703906 0.020313 0.035937
0 0.572656 0.315625 0.048438 0.053125
0 0.614062 0.496875 0.090625 0.078125
0 0.309375 0.699219 0.031250 0.045312
0 0.228906 0.654687 0.020313 0.034375
0 0.335938 0.955469 0.075000 0.089063
0 0.427344 0.060156 0.129688 0.114062
0 0.400781 0.867188 0.032813 0.043750
0 0.455469 0.544531 0.035937 0.045312
0 0.535156 0.042969 0.101562 0.085938
0 0.442188 0.990625 0.028125 0.018750
0 0.054688 0.814844 0.021875 0.026562
0 0.386719 0.660937 0.114062 0.178125
0 0.186719 0.467187 0.020313 0.025000
0 0.502344 0.535156 0.079687 0.092188
0 0.687500 0.922656 0.084375 0.107813
0 0.185156 0.037500 0.045312 0.031250
0 0.247656 0.678906 0.020313 0.032813
0 0.435937 0.794531 0.040625 0.060937
0 0.391406 0.327344 0.035937 0.054688
0 0.650781 0.065625 0.110937 0.131250
0 0.885938 0.591406 0.084375 0.117188
0 0.772656 0.709375 0.060937 0.068750
0 0.227344 0.762500 0.029687 0.056250
0 0.839063 0.668750 0.056250 0.075000
0 0.618750 0.226562 0.100000 0.109375
0 0.338281 0.385156 0.023438 0.029687
0 0.246094 0.196875 0.076563 0.081250
0 0.271875 0.338281 0.056250 0.039062
0 0.409375 0.470313 0.034375 0.059375
0 0.401562 0.543750 0.015625 0.018750
0 0.514844 0.974219 0.104688 0.051562
1 0.397656 0.852344 0.073438 0.264062
1 0.459375 0.531250 0.181250 0.256250
1 0.637500 0.543750 0.221875 0.290625
1 0.705469 0.323437 0.148438 0.184375
1 0.395313 0.201563 0.262500 0.159375
