0 0.314063 0.542070 0.043750 0.096641
0 0.807031 0.051562 0.098437 0.081250
0 0.573438 0.249219 0.034375 0.026562
0 0.989062 0.660156 0.021875 0.020313
0 0.993750 0.690625 0.012500 0.025000
0 0.892188 0.107813 0.031250 0.037500
0 0.924219 0.045312 0.039062 0.031250
0 0.651563 0.489063 0.078125 0.106250
0 0.817187 0.696094 0.096875 0.142187
0 0.596094 0.538281 0.017188 0.010937
0 0.882812 0.932031 0.021875 0.014063
0 0.796875 0.543750 0.015625 0.015625
0 0.590852 0.717453 0.106703 0.116156
0 0.190625 0.632812 0.015625 0.018750
0 0.878906 0.206250 0.060937 0.043750
1 0.401562 0.604688 0.071875 0.115625
0 0.671875 0.663281 0.015625 0.014063
0 0.216406 0.217969 0.039062 0.054688
0 0.597656 0.585938 0.057813 0.084375
0 0.765625 0.359375 0.034375 0.103125
0 0.189836 0.505969 0.026547 0.024438
0 0.262500 0.823438 0.021875 0.021875
0 0.382812 0.119531 0.128125 0.067187
0 0.108594 0.542188 0.032813 0.100000
0 0.309375 0.978125 0.025000 0.018750
0 0.287500 0.401672 0.021875 0.031469
0 0.989844 0.909375 0.020313 0.018750
0 0.282813 0.467187 0.034375 0.034375
0 0.016453 0.615688 0.032906 0.025125
0 0.939063 0.482031 0.046875 0.029687
0 0.568750 0.147656 0.056250 0.042188
0 0.232813 0.800008 0.012500 0.028141
0 0.336492 0.712133 0.026109 0.052391
0 0.646875 0.805438 0.021875 0.017125
0 0.146094 0.723437 0.017188 0.018750
0 0.610156 0.271094 0.035937 0.026562
0 0.978125 0.635938 0.021875 0.015625
0 0.208594 0.964063 0.017188 0.018750
0 0.242188 0.323813 0.037500 0.085125
0 0.522656 0.525000 0.148438 0.106250
0 0.836719 0.489063 0.051562 0.025000
0 0.989062 0.761719 0.021875 0.023438
0 0.771875 0.758594 0.043750 0.057813
0 0.669531 0.727344 0.014063 0.014063
0 0.326562 0.757031 0.021875 0.020313
0 0.415625 0.665625 0.021875 0.015625
0 0.855422 0.801898 0.085844 0.063172
0 0.931250 0.978906 0.031250 0.020313
0 0.141742 0.545422 0.030359 0.025219
0 0.128125 0.607812 0.025000 0.028125
0 0.958594 0.733594 0.035937 0.029687
0 0.130414 0.562828 0.020203 0.019406
0 0.853125 0.445312 0.084375 0.059375
0 0.556250 0.903906 0.015625 0.023438
0 0.742188 0.145313 0.062500 0.056250
0 0.082031 0.617188 0.020313 0.034375
0 0.189844 0.771875 0.014063 0.040625
0 0.726562 0.697656 0.084375 0.064062
0 0.185258 0.537836 0.029891 0.028797
0 0.760938 0.211719 0.078125 0.079687
0 0.149445 0.457031 0.027016 0.026562
0 0.974969 0.596281 0.043688 0.042562
0 0.786719 0.450000 0.039062 0.084375
0 0.963281 0.389844 0.035937 0.026562
0 0.071094 0.568750 0.020313 0.025000
0 0.891406 0.679688 0.023438 0.018750
0 0.173437 0.908594 0.025000 0.026562
0 0.291406 0.471875 0.023438 0.028125
0 0.332813 0.576562 0.028125 0.025000
0 0.619531 0.900000 0.017188 0.015625
0 0.159375 0.421875 0.037500 0.037500
0 0.918750 0.733594 0.034375 0.023438
0 0.331250 0.949219 0.040625 0.029687
0 0.539844 0.422656 0.042188 0.026562
0 0.381250 0.184375 0.112500 0.068750
0 0.887500 0.393750 0.043750 0.037500
0 0.155469 0.682031 0.029687 0.032813
0 0.121094 0.900781 0.014063 0.014063
0 0.442188 0.461719 0.087500 0.073438
0 0.353125 0.613281 0.028125 0.029687
0 0.788281 0.867188 0.017188 0.015625
0 0.010430 0.515672 0.020859 0.037594
0 0.707781 0.771875 0.068687 0.065625
0 0.414062 0.745313 0.059375 0.059375
0 0.910156 0.696875 0.032813 0.021875
0 0.464062 0.612500 0.021875 0.015625
0 0.185156 0.679688 0.026562 0.031250
0 0.138727 0.652227 0.024328 0.026328
0 0.705469 0.284375 0.026562 0.015625
0 0.239063 0.555469 0.046875 0.064062
0 0.467969 0.914844 0.023438 0.017188
0 0.840625 0.148438 0.046875 0.037500
0 0.569531 0.018750 0.067187 0.031250
0 0.715211 0.448391 0.024172 0.021781
0 0.835156 0.539844 0.051562 0.082812
0 0.264062 0.471094 0.021875 0.026562
0 0.596875 0.816406 0.025000 0.017188
0 0.665625 0.367969 0.168750 0.110937
0 0.946094 0.872656 0.045312 0.039062
0 0.227344 0.686719 0.020313 0.042188
0 0.154688 0.945312 0.021875 0.021875
0 0.028906 0.489063 0.026562 0.021875
0 0.158594 0.569531 0.023438 0.020313
0 0.791406 0.908594 0.020313 0.014063
0 0.872656 0.737500 0.026562 0.031250
0 0.517188 0.446875 0.021875 0.018750
0 0.954688 0.284375 0.046875 0.031250
0 0.409375 0.525781 0.037500 0.029687
0 0.013617 0.743508 0.027234 0.080766
0 0.601562 0.473438 0.028125 0.018750
0 0.267969 0.778906 0.026562 0.026562
0 0.285938 0.725000 0.028125 0.031250
0 0.064062 0.510938 0.056250 0.078125
0 0.235156 0.610938 0.029687 0.028125
0 0.729688 0.585680 0.040625 0.036984
0 0.487500 0.634375 0.034375 0.028125
0 0.242188 0.267969 0.021875 0.029687
0 0.161719 0.961719 0.017188 0.014063
0 0.010937 0.465625 0.021875 0.034375
0 0.290625 0.508594 0.021875 0.020313
0 0.891406 0.641406 0.023438 0.017188
0 0.381250 0.902344 0.043750 0.032813
0 0.265625 0.434375 0.028125 0.037500
0 0.757031 0.525000 0.026562 0.043750
0 0.897656 0.759375 0.032813 0.018750
0 0.128906 0.712500 0.020313 0.015625
0 0.179336 0.961602 0.008672 0.013828
0 0.313414 0.858164 0.033078 0.028828
0 0.229047 0.840078 0.023719 0.039531
0 0.166070 0.806383 0.013391 0.012766
0 0.182758 0.868570 0.012391 0.012141
0 0.198711 0.872750 0.022422 0.023625
0 0.195461 0.895813 0.009672 0.013500
0 0.134133 0.854336 0.012016 0.011797
0 0.144508 0.839203 0.014016 0.012781
0 0.150375 0.802086 0.007000 0.010422
0 0.154781 0.766977 0.012687 0.012078
0 0.107758 0.749406 0.012391 0.023813
0 0.111656 0.706180 0.017063 0.046734
0 0.165563 0.720539 0.021750 0.034828
0 0.183453 0.714453 0.020031 0.032031
0 0.199523 0.714625 0.024047 0.023000
0 0.215047 0.702625 0.011344 0.033375
0 0.210945 0.675312 0.009391 0.010000
0 0.210414 0.665547 0.008328 0.012344
0 0.264766 0.720109 0.007656 0.008969
0 0.198273 0.648453 0.009047 0.009406
0 0.030172 0.711711 0.010344 0.020297
0 0.011391 0.638023 0.022781 0.029172
0 0.210914 0.506664 0.009328 0.013328
0 0.083687 0.526258 0.017375 0.018141
0 0.090719 0.541500 0.012687 0.011125
0 0.204336 0.391969 0.008672 0.012063
0 0.194289 0.454250 0.007328 0.011625
0 0.235742 0.429516 0.018359 0.034031
0 0.271000 0.361148 0.035750 0.053547
0 0.314797 0.310734 0.042094 0.071469
0 0.347242 0.429375 0.016359 0.030625
1 0.315039 0.380484 0.058203 0.157844
1 0.216742 0.427711 0.058484 0.139797
0 0.226656 0.351344 0.012687 0.021438
0 0.263273 0.541438 0.020297 0.020375
1 0.262273 0.535000 0.058922 0.085625
0 0.109570 0.846141 0.056641 0.111031
1 0.142984 0.923398 0.073469 0.084297
1 0.217250 0.889711 0.068875 0.129422
1 0.287109 0.822086 0.055469 0.094172
1 0.289922 0.820547 0.104844 0.187969
1 0.344859 0.828617 0.080344 0.200984
0 0.612109 0.650445 0.077344 0.047766
0 0.656148 0.580102 0.046672 0.038328
0 0.989922 0.871031 0.020469 0.020188
0 0.995117 0.621141 0.008984 0.011031
0 0.772383 0.504281 0.044766 0.033563
0 0.744062 0.471289 0.044375 0.033203
0 0.924391 0.354680 0.076906 0.034359
0 0.907328 0.331117 0.027156 0.015359
0 0.871109 0.299031 0.110969 0.076187
0 0.646547 0.213141 0.011844 0.010656
0 0.434117 0.333656 0.024484 0.017313
1 0.686352 0.229219 0.147703 0.133438
1 0.620258 0.061055 0.156141 0.122109
1 0.552430 0.358078 0.179859 0.109906
1 0.552492 0.341555 0.401859 0.233109
0 0.528594 0.369500 0.010312 0.007750
1 0.613680 0.771070 0.133609 0.142141
0 0.627992 0.830937 0.018484 0.015000
