0 0.881250 0.228906 0.050000 0.060937
0 0.795312 0.066406 0.037500 0.035937
0 0.100781 0.285156 0.070312 0.042188
0 0.200781 0.272656 0.051562 0.039062
0 0.987500 0.643750 0.025000 0.034375
0 0.816406 0.169531 0.026562 0.029687
0 0.491406 0.090625 0.023438 0.021875
0 0.294531 0.367969 0.035937 0.032813
0 0.092969 0.323437 0.029687 0.028125
0 0.087500 0.099219 0.175000 0.189062
0 0.373437 0.250000 0.037500 0.034375
0 0.558594 0.089844 0.039062 0.032813
0 0.268750 0.466406 0.084375 0.073438
0 0.229687 0.185938 0.200000 0.143750
0 0.864062 0.080469 0.046875 0.045312
0 0.007812 0.424219 0.015625 0.060937
0 0.248438 0.269531 0.043750 0.026562
0 0.019531 0.139844 0.039062 0.076563
0 0.728125 0.279687 0.025000 0.034375
0 0.595313 0.072656 0.015625 0.029687
0 0.412500 0.146875 0.040625 0.034375
0 0.914062 0.090625 0.018750 0.018750
0 0.029687 0.536719 0.059375 0.051562
0 0.428125 0.204687 0.031250 0.037500
0 0.545312 0.017188 0.059375 0.034375
0 0.278125 0.332031 0.081250 0.060937
0 0.103906 0.553125 0.057813 0.043750
0 0.545312 0.053125 0.053125 0.043750
0 0.836719 0.265625 0.039062 0.056250
0 0.845313 0.527344 0.056250 0.051562
1 0.664062 0.471875 0.156250 0.190625
0 0.850000 0.002344 0.034375 0.004687
0 0.333594 0.318750 0.029687 0.031250
0 0.932813 0.017188 0.109375 0.034375
0 0.629687 0.025000 0.015625 0.015625
0 0.871094 0.455469 0.051562 0.051562
0 0.053906 0.199219 0.076563 0.060937
0 0.025781 0.248438 0.051562 0.046875
0 0.406250 0.237500 0.034375 0.028125
0 0.457813 0.128906 0.043750 0.039062
0 0.164062 0.134375 0.028125 0.031250
0 0.853125 0.359375 0.034375 0.031250
0 0.042188 0.371094 0.084375 0.098437
0 0.852344 0.165625 0.039062 0.037500
0 0.192188 0.450000 0.081250 0.090625
0 0.357031 0.227344 0.032813 0.029687
0 0.275000 0.032813 0.087500 0.050000
0 0.931250 0.379688 0.059375 0.059375
0 0.926562 0.596875 0.056250 0.059375
0 0.954688 0.244531 0.053125 0.042188
0 0.297656 0.274219 0.054688 0.054688
0 0.289062 0.417187 0.015625 0.021875
0 0.961719 0.199219 0.051562 0.042188
1 0.555469 0.058594 0.135937 0.117188
1 0.673438 0.020313 0.121875 0.040625
0 0.392969 0.045312 0.135937 0.075000
0 0.349219 0.084375 0.117188 0.065625
0 0.215625 0.035937 0.053125 0.034375
0 0.126562 0.319531 0.040625 0.039062
0 0.025781 0.564063 0.048438 0.034375
