0 0.233594 0.857812 0.076563 0.096875
0 0.579688 0.954688 0.037500 0.031250
0 0.360938 0.574219 0.168750 0.117188
0 0.774219 0.070312 0.045312 0.040625
0 0.236719 0.726562 0.026562 0.040625
0 0.547656 0.910156 0.026562 0.045312
0 0.751563 0.292187 0.065625 0.103125
0 0.786719 0.909375 0.101562 0.121875
0 0.084375 0.896875 0.028125 0.028125
0 0.475000 0.669531 0.096875 0.110937
0 0.229687 0.935156 0.075000 0.060937
0 0.041406 0.217969 0.035937 0.054688
0 0.543750 0.785156 0.021875 0.048438
0 0.160156 0.659375 0.085938 0.103125
0 0.121094 0.120313 0.035937 0.046875
0 0.079687 0.637500 0.093750 0.059375
0 0.303906 0.803906 0.023438 0.035937
0 0.346875 0.709375 0.018750 0.034375
0 0.596094 0.719531 0.123438 0.095312
1 0.695312 0.894531 0.156250 0.207813
1 0.135937 0.964063 0.128125 0.071875
0 0.795312 0.442969 0.059375 0.082812
0 0.153125 0.918750 0.028125 0.025000
0 0.589063 0.182031 0.293750 0.279687
0 0.388281 0.981250 0.126562 0.037500
0 0.233594 0.024219 0.123438 0.039062
0 0.013281 0.878125 0.010937 0.018750
0 0.365625 0.702344 0.018750 0.023438
0 0.167187 0.515625 0.031250 0.046875
0 0.245312 0.587500 0.040625 0.046875
0 0.036719 0.900781 0.014063 0.020313
0 0.461719 0.821094 0.070312 0.095312
0 0.043750 0.330469 0.034375 0.051562
0 0.116406 0.904687 0.029687 0.040625
0 0.992969 0.972656 0.014063 0.032813
0 0.968750 0.082812 0.046875 0.050000
0 0.842969 0.528125 0.064062 0.068750
0 0.244531 0.634375 0.095312 0.059375
0 0.766406 0.142969 0.051562 0.070312
0 0.369531 0.925781 0.098437 0.054688
0 0.501563 0.903906 0.062500 0.092188
0 0.056250 0.950781 0.096875 0.098437
0 0.914844 0.895312 0.117188 0.121875
0 0.867969 0.382031 0.073438 0.104688
0 0.076563 0.051562 0.068750 0.075000
0 0.906250 0.613281 0.187500 0.198437
0 0.995313 0.924219 0.009375 0.067187
0 0.267969 0.078906 0.051562 0.079687
0 0.239063 0.378906 0.059375 0.060937
0 0.278125 0.600000 0.012500 0.015625
0 0.967969 0.311719 0.064062 0.273438
0 0.902344 0.539844 0.067187 0.085938
0 0.526563 0.980469 0.043750 0.039062
0 0.208594 0.421094 0.023438 0.029687
0 0.171094 0.296094 0.057813 0.048438
0 0.826562 0.898438 0.028125 0.025000
0 0.626563 0.410938 0.071875 0.071875
0 0.378125 0.350000 0.059375 0.050000
0 0.432031 0.948438 0.023438 0.025000
0 0.760938 0.638281 0.150000 0.157812
0 0.331250 0.398438 0.059375 0.084375
0 0.260156 0.143750 0.064062 0.081250
0 0.506250 0.017969 0.075000 0.035937
0 0.627344 0.606250 0.029687 0.046875
0 0.403906 0.185156 0.267188 0.201563
1 0.357031 0.772656 0.120313 0.176563
1 0.370312 0.726562 0.125000 0.184375
0 0.543750 0.935156 0.021875 0.014063
1 0.576562 0.856250 0.225000 0.278125
