0 0.941406 0.287500 0.026562 0.034375
0 0.010937 0.145313 0.021875 0.059375
0 0.500000 0.734375 0.021875 0.021875
0 0.956250 0.568750 0.037500 0.043750
0 0.918750 0.561719 0.012500 0.014063
0 0.188281 0.499219 0.023438 0.023438
0 0.809375 0.560937 0.046875 0.059375
0 0.257812 0.601562 0.034375 0.031250
0 0.211719 0.378906 0.026562 0.026562
0 0.765625 0.093750 0.146875 0.146875
0 0.285156 0.433594 0.029687 0.026562
0 0.696875 0.559375 0.040625 0.043750
0 0.963281 0.353906 0.045312 0.060937
0 0.118750 0.196094 0.028125 0.039062
0 0.359375 0.610156 0.015625 0.023438
0 0.392969 0.398438 0.017188 0.025000
0 0.957812 0.650000 0.071875 0.109375
0 0.237500 0.310156 0.021875 0.026562
0 0.009375 0.548438 0.018750 0.028125
0 0.314063 0.418750 0.015625 0.018750
0 0.435156 0.442188 0.070312 0.184375
0 0.220312 0.739844 0.018750 0.020313
0 0.349219 0.765625 0.035937 0.031250
0 0.391406 0.429688 0.020313 0.021875
0 0.942187 0.118750 0.021875 0.028125
0 0.710156 0.459375 0.060937 0.109375
0 0.503906 0.025781 0.029687 0.026562
0 0.169531 0.520312 0.020313 0.025000
0 0.208594 0.478906 0.023438 0.023438
0 0.191406 0.400781 0.026562 0.026562
0 0.203906 0.053125 0.114062 0.106250
0 0.904687 0.622656 0.046875 0.054688
0 0.284375 0.315625 0.084375 0.159375
0 0.561719 0.305469 0.085938 0.104688
0 0.365625 0.451562 0.028125 0.034375
0 0.025000 0.298438 0.050000 0.059375
0 0.171875 0.328906 0.071875 0.070312
0 0.796875 0.625781 0.043750 0.035937
0 0.010156 0.702344 0.020313 0.045312
0 0.133594 0.422656 0.076563 0.054688
0 0.204687 0.617969 0.062500 0.067187
0 0.482812 0.482812 0.125000 0.212500
0 0.398438 0.131250 0.015625 0.018750
0 0.778125 0.449219 0.046875 0.042188
0 0.915625 0.351562 0.065625 0.084375
0 0.099219 0.025000 0.079687 0.050000
0 0.185156 0.203125 0.017188 0.021875
0 0.006250 0.512500 0.009375 0.034375
0 0.219531 0.175781 0.029687 0.032813
0 0.903906 0.092969 0.076563 0.085938
0 0.482031 0.635938 0.073438 0.106250
0 0.896875 0.675000 0.034375 0.034375
0 0.375000 0.283594 0.106250 0.207813
0 0.128906 0.649219 0.020313 0.020313
0 0.466406 0.296094 0.048438 0.060937
0 0.538281 0.775781 0.070312 0.104688
0 0.685937 0.015625 0.050000 0.031250
0 0.370312 0.153906 0.046875 0.051562
0 0.282031 0.639062 0.032813 0.028125
0 0.528906 0.053906 0.039062 0.067187
0 0.232813 0.407813 0.034375 0.034375
0 0.215625 0.280469 0.037500 0.026562
0 0.728125 0.607031 0.043750 0.042188
0 0.985156 0.422656 0.026562 0.085938
0 0.492188 0.342187 0.034375 0.031250
0 0.759375 0.365625 0.031250 0.040625
0 0.966406 0.196875 0.064062 0.143750
0 0.862500 0.224219 0.053125 0.070312
0 0.103125 0.174219 0.028125 0.039062
0 0.084375 0.388281 0.043750 0.070312
0 0.326562 0.496875 0.031250 0.031250
0 0.084375 0.205469 0.025000 0.048438
0 0.470313 0.375781 0.012500 0.010937
0 0.329688 0.445312 0.037500 0.068750
0 0.841406 0.185156 0.026562 0.039062
0 0.286719 0.150781 0.023438 0.029687
0 0.491406 0.216406 0.057813 0.089063
0 0.900000 0.303906 0.059375 0.067187
0 0.310156 0.121875 0.029687 0.031250
0 0.575781 0.004687 0.032813 0.009375
0 0.365625 0.507031 0.015625 0.020313
0 0.117969 0.487500 0.020313 0.056250
0 0.864062 0.071094 0.028125 0.051562
0 0.084375 0.342711 0.012500 0.013547
0 0.673438 0.806250 0.043750 0.034375
0 0.841406 0.683594 0.082812 0.123438
0 0.199219 0.715625 0.032813 0.034375
0 0.762500 0.499219 0.050000 0.042188
0 0.290625 0.040625 0.034375 0.034375
0 0.266406 0.557813 0.035937 0.028125
0 0.027344 0.497656 0.032813 0.023438
0 0.335156 0.678906 0.054688 0.079687
0 0.799219 0.018750 0.139063 0.037500
0 0.017188 0.246875 0.034375 0.043750
0 0.093750 0.686719 0.021875 0.020313
0 0.075000 0.707031 0.021875 0.020313
0 0.100781 0.458594 0.020313 0.017188
0 0.843750 0.614062 0.031250 0.031250
0 0.775000 0.716406 0.021875 0.020313
0 0.678125 0.867969 0.028125 0.020313
0 0.891406 0.798438 0.020313 0.021875
0 0.985938 0.539844 0.028125 0.045312
0 0.757031 0.403906 0.020313 0.023438
0 0.780469 0.410156 0.023438 0.026562
0 0.659375 0.671094 0.018750 0.054688
0 0.021359 0.434664 0.042719 0.050578
0 0.015055 0.473539 0.030109 0.022078
0 0.215203 0.432711 0.014781 0.024797
0 0.924977 0.515906 0.062453 0.072438
0 0.914164 0.492820 0.068953 0.063766
0 0.689086 0.371836 0.028172 0.034297
0 0.627945 0.468664 0.024641 0.018578
