0 0.087906 0.563289 0.060188 0.114078
0 0.547656 0.630938 0.098437 0.043125
0 0.832812 0.525000 0.065625 0.071875
0 0.104688 0.266406 0.190625 0.132812
0 0.990234 0.126891 0.021094 0.091281
0 0.978125 0.029687 0.037500 0.059375
0 0.507031 0.881250 0.048438 0.071875
0 0.133594 0.361719 0.079687 0.039062
0 0.185156 0.279687 0.023438 0.031250
0 0.917969 0.174219 0.045312 0.039062
0 0.884375 0.565625 0.071875 0.034375
0 0.739844 0.024219 0.095312 0.048438
0 0.623672 0.009883 0.081719 0.019766
0 0.174219 0.171094 0.026562 0.020313
0 0.586719 0.317188 0.095312 0.062500
0 0.550781 0.857031 0.042188 0.042188
0 0.603125 0.155469 0.134375 0.145313
0 0.697891 0.304445 0.117656 0.080766
0 0.217188 0.385156 0.040625 0.060937
0 0.988281 0.071094 0.020313 0.026562
1 0.401633 0.507062 0.190766 0.195375
0 0.127344 0.050000 0.079687 0.087500
0 0.138945 0.921914 0.152891 0.156328
0 0.685156 0.628125 0.067187 0.071875
0 0.974219 0.973437 0.051562 0.053125
0 0.434547 0.760594 0.037844 0.064938
0 0.503906 0.566406 0.048438 0.035937
0 0.957422 0.716445 0.086719 0.054766
0 0.664844 0.917969 0.276562 0.164062
0 0.517969 0.053906 0.067187 0.045312
0 0.057813 0.387500 0.112500 0.121875
0 0.139063 0.485156 0.065625 0.060937
0 0.975195 0.585914 0.050391 0.081203
0 0.046094 0.489844 0.054688 0.073438
0 0.403125 0.175781 0.071875 0.054688
0 0.316992 0.902289 0.130859 0.126453
0 0.624219 0.039062 0.082812 0.043750
0 0.072656 0.039062 0.101562 0.078125
0 0.469531 0.819531 0.042188 0.073438
0 0.419531 0.391406 0.114062 0.101562
0 0.083766 0.825633 0.167531 0.188766
0 0.840625 0.358594 0.103125 0.067187
0 0.628875 0.572164 0.048375 0.081828
0 0.841648 0.807383 0.317672 0.227266
0 0.978125 0.530469 0.043750 0.035937
0 0.347656 0.314844 0.189062 0.154688
0 0.286719 0.165625 0.067187 0.053125
0 0.916406 0.992188 0.070312 0.015625
0 0.915625 0.133594 0.046875 0.045312
0 0.940625 0.288281 0.043750 0.029687
0 0.847656 0.632031 0.135937 0.104688
0 0.484375 0.728125 0.046875 0.031250
0 0.549219 0.237500 0.032813 0.031250
0 0.656250 0.276562 0.093750 0.062500
0 0.568750 0.469531 0.134375 0.145313
0 0.502281 0.213398 0.045188 0.067422
0 0.058594 0.955469 0.020313 0.020313
0 0.859375 0.014063 0.168750 0.025000
0 0.460156 0.249219 0.039062 0.060937
0 0.491586 0.158102 0.061297 0.050578
0 0.321875 0.059375 0.178125 0.118750
0 0.432812 0.565625 0.046875 0.034375
0 0.032031 0.145313 0.054688 0.065625
1 0.808352 0.124297 0.288578 0.189219
0 0.301563 0.992969 0.046875 0.014063
0 0.448437 0.316406 0.034375 0.032813
0 0.779687 0.510156 0.037500 0.026562
0 0.475781 0.296094 0.048438 0.042188
0 0.845313 0.181250 0.118750 0.078125
0 0.694531 0.525781 0.101562 0.073438
0 0.161148 0.643313 0.028547 0.042875
0 0.021586 0.559336 0.030672 0.103047
0 0.005008 0.592328 0.010016 0.062781
0 0.004320 0.481797 0.008641 0.079219
