0 0.152344 0.441406 0.092188 0.089063
0 0.364063 0.228906 0.071875 0.029687
0 0.743750 0.245312 0.043750 0.040625
0 0.610938 0.888281 0.031250 0.045312
0 0.647656 0.364063 0.048438 0.034375
0 0.703125 0.625781 0.018750 0.017188
0 0.739844 0.176563 0.048438 0.081250
0 0.267188 0.142187 0.050000 0.053125
0 0.214062 0.985938 0.034375 0.028125
0 0.859375 0.324219 0.028125 0.029687
0 0.863281 0.272656 0.020313 0.017188
0 0.344531 0.010937 0.029687 0.021875
0 0.588281 0.375000 0.020313 0.021875
0 0.945312 0.336719 0.021875 0.020313
0 0.917969 0.155469 0.039062 0.060937
0 0.907031 0.831250 0.082812 0.053125
0 0.278125 0.911719 0.034375 0.026562
0 0.293750 0.753125 0.012500 0.015625
0 0.548438 0.665625 0.037500 0.037500
0 0.570312 0.703906 0.078125 0.032813
0 0.833594 0.317969 0.026562 0.020313
0 0.717187 0.873437 0.090625 0.100000
0 0.361719 0.420312 0.073438 0.053125
0 0.641406 0.615625 0.014063 0.015625
0 0.809375 0.728906 0.015625 0.010937
0 0.557031 0.345313 0.017188 0.015625
0 0.831250 0.119531 0.031250 0.054688
0 0.520312 0.972656 0.043750 0.048438
0 0.735156 0.980469 0.051562 0.039062
0 0.336719 0.965625 0.029687 0.040625
0 0.157812 0.640625 0.046875 0.031250
0 0.442969 0.667969 0.048438 0.039062
0 0.571875 0.357812 0.015625 0.018750
0 0.414062 0.415625 0.034375 0.037500
0 0.217969 0.335938 0.020313 0.025000
0 0.489063 0.664062 0.034375 0.034375
0 0.424219 0.697656 0.039062 0.029687
0 0.652344 0.924219 0.110937 0.101562
0 0.748437 0.353125 0.037500 0.028125
0 0.314844 0.795312 0.017188 0.018750
0 0.252344 0.632812 0.035937 0.028125
0 0.266406 0.288281 0.070312 0.054688
0 0.371094 0.142969 0.014063 0.017188
0 0.357031 0.714844 0.070312 0.064062
0 0.834375 0.075781 0.028125 0.026562
0 0.383594 0.782031 0.054688 0.076563
0 0.760938 0.943750 0.028125 0.046875
0 0.484375 0.204687 0.040625 0.037500
0 0.742969 0.617188 0.014063 0.015625
0 0.550781 0.965625 0.035937 0.040625
0 0.403125 0.673438 0.025000 0.021875
0 0.909375 0.594531 0.021875 0.017188
0 0.532813 0.500781 0.028125 0.023438
0 0.976562 0.253125 0.028125 0.021875
0 0.296094 0.322656 0.039062 0.042188
0 0.528125 0.230469 0.018750 0.017188
0 0.982812 0.502344 0.021875 0.026562
0 0.421875 0.467187 0.096875 0.084375
0 0.585156 0.600000 0.095312 0.084375
0 0.850000 0.916406 0.018750 0.017188
0 0.250781 0.454688 0.039062 0.043750
0 0.612500 0.407813 0.062500 0.046875
0 0.550000 0.177344 0.018750 0.017188
0 0.625781 0.322656 0.060937 0.039062
0 0.704688 0.589063 0.015625 0.018750
0 0.520312 0.800000 0.121875 0.075000
0 0.978906 0.309375 0.026562 0.021875
0 0.406250 0.221094 0.028125 0.023438
0 0.371875 0.666406 0.034375 0.035937
0 0.493750 0.834375 0.046875 0.025000
0 0.217188 0.754687 0.034375 0.021875
0 0.338281 0.996875 0.026562 0.006250
0 0.689844 0.346875 0.042188 0.050000
0 0.321875 0.639062 0.028125 0.025000
0 0.607031 0.107031 0.076563 0.070312
0 0.614062 0.985938 0.046875 0.028125
0 0.677344 0.706250 0.060937 0.053125
0 0.426563 0.778125 0.025000 0.028125
0 0.253125 0.659375 0.096875 0.059375
0 0.595313 0.517969 0.078125 0.064062
0 0.260937 0.717969 0.075000 0.054688
0 0.146875 0.743750 0.065625 0.071875
0 0.273438 0.806250 0.031250 0.025000
0 0.321875 0.849219 0.031250 0.029687
0 0.069531 0.495312 0.039062 0.040625
0 0.592969 0.037500 0.042188 0.071875
0 0.800781 0.673438 0.026562 0.018750
0 0.489844 0.346094 0.082812 0.051562
0 0.734375 0.764844 0.037500 0.032813
0 0.689844 0.187500 0.048438 0.040625
0 0.210156 0.251563 0.032813 0.034375
0 0.145313 0.538281 0.021875 0.023438
0 0.457031 0.515625 0.051562 0.046875
0 0.452344 0.402344 0.026562 0.032813
0 0.506250 0.463281 0.059375 0.060937
0 0.491406 0.268750 0.095312 0.031250
0 0.492188 0.584375 0.121875 0.121875
0 0.952344 0.277344 0.026562 0.023438
0 0.344531 0.765625 0.029687 0.034375
0 0.370312 0.363281 0.118750 0.073438
0 0.883594 0.757812 0.076563 0.059375
0 0.592969 0.216406 0.064062 0.067187
0 0.759375 0.796875 0.065625 0.050000
0 0.164062 0.531250 0.021875 0.021875
0 0.942187 0.446094 0.046875 0.039062
0 0.214062 0.888281 0.096875 0.048438
0 0.235937 0.836719 0.034375 0.026562
0 0.575000 0.335156 0.021875 0.020313
0 0.946875 0.559375 0.053125 0.046875
0 0.946875 0.711719 0.065625 0.045312
0 0.365625 0.099219 0.031250 0.057813
0 0.507812 0.185156 0.037500 0.035937
0 0.289062 0.209375 0.031250 0.028125
0 0.597656 0.660156 0.042188 0.035937
0 0.620313 0.285156 0.031250 0.032813
0 0.315625 0.951562 0.034375 0.031250
0 0.828125 0.251563 0.025000 0.025000
0 0.633594 0.567187 0.054688 0.040625
0 0.817187 0.631250 0.018750 0.015625
0 0.475781 0.908594 0.160938 0.098437
0 0.889844 0.008594 0.045312 0.017188
0 0.447656 0.122656 0.020313 0.023438
0 0.334375 0.075000 0.034375 0.053125
0 0.665625 0.240625 0.028125 0.025000
0 0.403906 0.631250 0.048438 0.050000
0 0.256250 0.046094 0.093750 0.085938
0 0.520312 0.693750 0.028125 0.031250
0 0.807813 0.535937 0.037500 0.034375
0 0.437500 0.839844 0.043750 0.054688
0 0.585156 0.786719 0.020313 0.010937
0 0.663281 0.448437 0.064062 0.040625
0 0.441406 0.739062 0.057813 0.053125
0 0.378125 0.303906 0.068750 0.060937
0 0.329688 0.682813 0.034375 0.040625
0 0.086719 0.601562 0.039062 0.031250
0 0.692187 0.293750 0.065625 0.056250
0 0.537500 0.612500 0.012500 0.012500
0 0.474219 0.700000 0.045312 0.043750
0 0.635156 0.032031 0.051562 0.060937
0 0.530469 0.300781 0.123438 0.048438
0 0.396875 0.041406 0.046875 0.057813
0 0.635156 0.810937 0.098437 0.056250
0 0.434375 0.153125 0.034375 0.034375
0 0.095312 0.462500 0.018750 0.015625
0 0.964063 0.209375 0.028125 0.025000
0 0.118750 0.365625 0.034375 0.059375
0 0.539844 0.747656 0.142187 0.070312
0 0.476562 0.141406 0.025000 0.023438
0 0.336719 0.278906 0.035937 0.035937
0 0.378906 0.582812 0.073438 0.059375
0 0.941406 0.384375 0.029687 0.021875
0 0.229687 0.382031 0.106250 0.032813
0 0.345313 0.213281 0.065625 0.023438
0 0.509375 0.284375 0.093750 0.037500
0 0.870313 0.514062 0.037500 0.012500
1 0.420312 0.455469 0.315625 0.179688
0 0.519531 0.662500 0.032813 0.034375
0 0.367969 0.929688 0.020313 0.015625
1 0.464062 0.898438 0.300000 0.134375
0 0.610938 0.969531 0.021875 0.020313
