0 0.498437 0.294531 0.015625 0.017188
0 0.696875 0.746875 0.037500 0.050000
0 0.243750 0.082812 0.009375 0.012500
0 0.608594 0.404687 0.045312 0.037500
0 0.209375 0.476562 0.025000 0.028125
0 0.741406 0.553125 0.145313 0.168750
0 0.474219 0.324219 0.070312 0.079687
0 0.378906 0.760938 0.020313 0.028125
0 0.796875 0.948438 0.046875 0.065625
0 0.487500 0.549219 0.106250 0.201563
0 0.559375 0.039844 0.150000 0.079687
0 0.361719 0.388281 0.085938 0.107813
0 0.049219 0.254688 0.023438 0.025000
0 0.844531 0.635938 0.045312 0.062500
0 0.600000 0.440625 0.062500 0.071875
0 0.371094 0.312500 0.042188 0.050000
0 0.469531 0.044531 0.017188 0.020313
0 0.858594 0.525000 0.089063 0.137500
0 0.163281 0.173437 0.020313 0.021875
0 0.441406 0.102344 0.217188 0.114062
0 0.424219 0.653125 0.076563 0.071875
0 0.728125 0.457813 0.046875 0.037500
0 0.670312 0.180469 0.040625 0.054688
0 0.826562 0.016406 0.053125 0.032813
0 0.708594 0.807813 0.035937 0.037500
0 0.450781 0.962500 0.148438 0.075000
0 0.410938 0.035937 0.087500 0.050000
0 0.643750 0.032813 0.031250 0.034375
0 0.646875 0.541406 0.043750 0.060937
0 0.064062 0.971094 0.028125 0.026562
0 0.551562 0.936719 0.037500 0.039062
0 0.433594 0.594531 0.023438 0.032813
0 0.509375 0.749219 0.081250 0.154688
0 0.648438 0.398438 0.034375 0.040625
0 0.249219 0.023438 0.017188 0.015625
0 0.340625 0.903906 0.034375 0.051562
0 0.265625 0.993750 0.025000 0.012500
0 0.811719 0.137500 0.060937 0.075000
0 0.581250 0.958594 0.037500 0.048438
0 0.653125 0.970313 0.046875 0.040625
0 0.167969 0.106250 0.017188 0.021875
0 0.364063 0.575781 0.025000 0.026562
0 0.669531 0.240625 0.060937 0.053125
0 0.014063 0.157031 0.015625 0.023438
0 0.055469 0.427344 0.020313 0.023438
0 0.125781 0.990625 0.032813 0.018750
0 0.695312 0.906250 0.046875 0.062500
0 0.862500 0.912500 0.081250 0.118750
0 0.423438 0.478125 0.040625 0.037500
0 0.552344 0.350781 0.101562 0.139063
0 0.685156 0.631250 0.092188 0.112500
0 0.271094 0.111719 0.054688 0.039062
0 0.788281 0.668750 0.054688 0.062500
0 0.191406 0.060156 0.035937 0.032813
0 0.303125 0.164062 0.012500 0.012500
0 0.383594 0.175000 0.017188 0.018750
0 0.767188 0.149219 0.021875 0.035937
0 0.766406 0.832031 0.107813 0.148438
0 0.160156 0.687500 0.035937 0.037500
0 0.378125 0.482031 0.050000 0.042188
0 0.653906 0.087500 0.051562 0.075000
0 0.430469 0.226562 0.045312 0.040625
0 0.160156 0.195312 0.023438 0.028125
0 0.207031 0.427344 0.042188 0.045312
0 0.742188 0.767188 0.034375 0.053125
0 0.749219 0.956250 0.045312 0.056250
0 0.331250 0.083594 0.018750 0.014063
0 0.490625 0.875781 0.121875 0.114062
0 0.264844 0.375781 0.101562 0.104688
0 0.603125 0.084375 0.053125 0.056250
0 0.164062 0.599219 0.028125 0.029687
0 0.325000 0.986719 0.037500 0.026562
0 0.749219 0.648438 0.029687 0.053125
0 0.761719 0.225000 0.042188 0.053125
0 0.811719 0.378906 0.148438 0.223438
0 0.613281 0.826562 0.142187 0.178125
0 0.568750 0.598437 0.153125 0.118750
0 0.210938 0.046094 0.012500 0.014063
0 0.469531 0.226562 0.045312 0.050000
0 0.570312 0.470313 0.046875 0.059375
0 0.161719 0.480469 0.020313 0.023438
0 0.525781 0.177344 0.054688 0.054688
0 0.684375 0.028125 0.056250 0.056250
0 0.777344 0.003125 0.035937 0.006250
0 0.703125 0.964063 0.050000 0.046875
0 0.053125 0.978906 0.040625 0.039062
0 0.185156 0.985156 0.029687 0.029687
0 0.314063 0.526563 0.084375 0.087500
0 0.834375 0.221094 0.053125 0.092188
0 0.292187 0.088281 0.031250 0.020313
0 0.343750 0.039062 0.031250 0.046875
0 0.354687 0.069531 0.021875 0.017188
0 0.035937 0.237500 0.012500 0.012500
0 0.125781 0.199219 0.017188 0.010937
0 0.191406 0.162500 0.039062 0.021875
0 0.196094 0.139063 0.023438 0.025000
0 0.176563 0.150781 0.009375 0.007812
0 0.217969 0.134375 0.026562 0.021875
0 0.239063 0.121094 0.021875 0.023438
0 0.256250 0.129688 0.012500 0.012500
1 0.410156 0.039062 0.210938 0.078125
0 0.739844 0.003906 0.032813 0.007812
0 0.217969 0.360938 0.148438 0.128125
1 0.159375 0.028906 0.118750 0.020313
1 0.088281 0.039062 0.029687 0.025000
1 0.056250 0.174219 0.112500 0.148438
0 0.481250 0.621875 0.046875 0.075000
0 0.457031 0.767969 0.029687 0.032813
0 0.367969 0.938281 0.032813 0.051562
0 0.373437 0.964844 0.034375 0.039062
