0 0.154688 0.173437 0.040625 0.031250
0 0.423438 0.599219 0.062500 0.064062
0 0.897656 0.782031 0.123438 0.067187
0 0.488281 0.803906 0.029687 0.029687
0 0.232031 0.216406 0.035937 0.035937
0 0.221094 0.775000 0.017188 0.031250
0 0.341406 0.110156 0.029687 0.023438
0 0.735156 0.034375 0.067187 0.040625
0 0.810156 0.422656 0.079687 0.079687
0 0.429688 0.847656 0.037500 0.048438
0 0.660937 0.058594 0.087500 0.101562
0 0.329688 0.860156 0.056250 0.054688
0 0.810937 0.720313 0.087500 0.053125
0 0.392969 0.344531 0.057813 0.057813
0 0.239063 0.573438 0.050000 0.040625
0 0.348438 0.525000 0.050000 0.059375
0 0.610156 0.859375 0.032813 0.034375
0 0.673438 0.732812 0.031250 0.028125
0 0.471875 0.258594 0.034375 0.035937
0 0.182031 0.872656 0.020313 0.020313
0 0.421094 0.792188 0.073438 0.046875
0 0.798438 0.560156 0.150000 0.154688
0 0.753125 0.310937 0.150000 0.150000
0 0.589844 0.087500 0.076563 0.093750
0 0.331250 0.941406 0.021875 0.017188
0 0.444531 0.516406 0.035937 0.045312
0 0.639844 0.986719 0.032813 0.026562
0 0.783594 0.929688 0.035937 0.034375
0 0.796875 0.978125 0.050000 0.028125
0 0.369531 0.965625 0.051562 0.021875
0 0.330469 0.793750 0.060937 0.062500
0 0.543750 0.862500 0.046875 0.025000
0 0.617969 0.692969 0.057813 0.067187
0 0.631250 0.242969 0.165625 0.101562
0 0.342187 0.492188 0.037500 0.037500
0 0.135937 0.952344 0.090625 0.051562
0 0.300000 0.138281 0.040625 0.048438
0 0.722656 0.193750 0.045312 0.050000
0 0.460938 0.925000 0.075000 0.040625
0 0.541406 0.567187 0.054688 0.062500
0 0.408594 0.966406 0.023438 0.014063
0 0.495312 0.492188 0.040625 0.034375
0 0.575000 0.837500 0.093750 0.034375
0 0.860938 0.207813 0.050000 0.053125
0 0.514062 0.826562 0.034375 0.031250
0 0.698438 0.507031 0.078125 0.064062
0 0.890625 0.526563 0.037500 0.040625
0 0.641406 0.317188 0.082812 0.103125
0 0.482031 0.640625 0.057813 0.062500
0 0.591406 0.314063 0.023438 0.034375
0 0.842187 0.853125 0.090625 0.050000
0 0.572656 0.439063 0.039062 0.050000
0 0.412500 0.528906 0.034375 0.042188
0 0.292187 0.800000 0.053125 0.075000
0 0.939844 0.754687 0.054688 0.046875
0 0.385937 0.863281 0.031250 0.057813
0 0.564063 0.978125 0.071875 0.031250
0 0.350000 0.078906 0.046875 0.042188
0 0.317969 0.236719 0.042188 0.039062
0 0.357812 0.782031 0.021875 0.032813
0 0.245312 0.920312 0.015625 0.012500
0 0.728906 0.992188 0.054688 0.015625
0 0.502344 0.585938 0.054688 0.075000
0 0.700781 0.146094 0.048438 0.051562
0 0.596094 0.949219 0.101562 0.039062
0 0.419531 0.248438 0.029687 0.037500
0 0.388281 0.807813 0.029687 0.031250
0 0.228125 0.596875 0.021875 0.021875
0 0.363281 0.923438 0.032813 0.025000
0 0.883594 0.037500 0.039062 0.025000
0 0.734375 0.733594 0.084375 0.054688
0 0.188281 0.931250 0.042188 0.031250
0 0.130469 0.071094 0.032813 0.026562
0 0.728906 0.431250 0.079687 0.078125
0 0.730469 0.690625 0.023438 0.021875
0 0.728906 0.794531 0.079687 0.042188
0 0.982812 0.455469 0.034375 0.057813
0 0.696875 0.773438 0.050000 0.034375
0 0.860156 0.892188 0.060937 0.040625
0 0.783594 0.138281 0.048438 0.051562
0 0.505469 0.943750 0.032813 0.018750
0 0.573438 0.190625 0.021875 0.028125
0 0.410938 0.471094 0.015625 0.023438
0 0.953906 0.862500 0.048438 0.040625
0 0.494531 0.960938 0.098437 0.040625
0 0.794531 0.809375 0.079687 0.046875
0 0.470313 0.519531 0.018750 0.020313
0 0.562500 0.893750 0.021875 0.018750
0 0.335938 0.907031 0.021875 0.023438
0 0.383594 0.907031 0.029687 0.023438
0 0.275000 0.954688 0.137500 0.059375
0 0.209375 0.908594 0.018750 0.010937
0 0.713281 0.893750 0.060937 0.062500
0 0.437500 0.990625 0.028125 0.012500
0 0.814063 0.992969 0.103125 0.014063
0 0.092969 0.690625 0.045312 0.050000
0 0.891406 0.982031 0.039062 0.035937
0 0.237500 0.878125 0.043750 0.031250
0 0.235156 0.850781 0.026562 0.035937
0 0.257031 0.832812 0.042188 0.040625
0 0.267188 0.864062 0.015625 0.015625
1 0.264062 0.902344 0.075000 0.035937
0 0.509375 0.870313 0.040625 0.021875
0 0.645312 0.935937 0.018750 0.015625
0 0.661719 0.917969 0.026562 0.039062
0 0.686719 0.940625 0.017188 0.012500
0 0.689063 0.987500 0.037500 0.025000
0 0.971094 0.823438 0.017188 0.012500
0 0.638281 0.752344 0.045312 0.026562
0 0.656250 0.767188 0.021875 0.018750
0 0.634375 0.782813 0.059375 0.050000
0 0.433594 0.755469 0.023438 0.032813
0 0.449219 0.749219 0.014063 0.014063
0 0.356250 0.906250 0.025000 0.015625
0 0.240625 0.731250 0.053125 0.075000
0 0.232813 0.703125 0.056250 0.062500
0 0.303125 0.568750 0.028125 0.056250
0 0.292187 0.500781 0.056250 0.051562
0 0.398438 0.558594 0.012500 0.014063
0 0.455469 0.559375 0.054688 0.050000
0 0.499219 0.420312 0.117188 0.118750
0 0.496094 0.010156 0.026562 0.020313
0 0.527344 0.320312 0.017188 0.018750
0 0.954688 0.621094 0.084375 0.092188
0 0.918750 0.698438 0.143750 0.090625
0 0.854688 0.613281 0.081250 0.082812
0 0.602344 0.575000 0.057813 0.056250
0 0.650000 0.639062 0.106250 0.118750
0 0.482812 0.730469 0.012500 0.014063
0 0.439063 0.714063 0.090625 0.084375
0 0.417187 0.697656 0.034375 0.017188
1 0.392188 0.667188 0.059375 0.040625
1 0.468750 0.726562 0.225000 0.184375
1 0.408594 0.846875 0.239063 0.137500
1 0.682813 0.896875 0.275000 0.143750
0 0.235156 0.496875 0.064062 0.050000
