0 0.962500 0.376563 0.075000 0.103125
0 0.675781 0.478906 0.054688 0.039062
0 0.319531 0.153906 0.070312 0.060937
0 0.186719 0.274219 0.026562 0.026562
0 0.625000 0.889844 0.081250 0.060937
0 0.342187 0.269531 0.084375 0.079687
0 0.176563 0.306250 0.068750 0.034375
0 0.139063 0.586719 0.031250 0.035937
0 0.510938 0.040625 0.093750 0.081250
0 0.078125 0.196875 0.046875 0.031250
0 0.675781 0.359375 0.076563 0.053125
0 0.035156 0.842187 0.070312 0.056250
0 0.152344 0.375000 0.039062 0.034375
0 0.199219 0.441406 0.192188 0.110937
0 0.448437 0.188281 0.043750 0.042188
0 0.610156 0.548438 0.057813 0.043750
0 0.203906 0.211719 0.079687 0.085938
0 0.701562 0.060156 0.046875 0.051562
0 0.128125 0.063281 0.121875 0.126562
0 0.046094 0.317188 0.092188 0.271875
0 0.170313 0.733594 0.021875 0.020313
0 0.794531 0.776563 0.026562 0.018750
0 0.829688 0.472656 0.071875 0.042188
0 0.114062 0.748437 0.046875 0.034375
0 0.964844 0.499219 0.064062 0.129688
0 0.681250 0.099219 0.062500 0.039062
0 0.082812 0.007812 0.078125 0.015625
0 0.557031 0.671875 0.020313 0.018750
0 0.149219 0.707812 0.039062 0.028125
0 0.428125 0.141406 0.050000 0.039062
0 0.760156 0.527344 0.176563 0.139063
0 0.587500 0.270313 0.078125 0.043750
0 0.015625 0.177344 0.031250 0.026562
0 0.413281 0.485156 0.135937 0.076563
0 0.304688 0.626563 0.021875 0.018750
0 0.318750 0.658594 0.059375 0.035937
0 0.571094 0.007812 0.042188 0.015625
0 0.120313 0.211719 0.021875 0.026562
0 0.253125 0.501563 0.043750 0.031250
0 0.892188 0.685937 0.015625 0.012500
0 0.534375 0.400000 0.059375 0.046875
0 0.390625 0.318750 0.059375 0.062500
0 0.334375 0.532031 0.068750 0.060937
0 0.771875 0.012500 0.046875 0.025000
0 0.192969 0.573438 0.089063 0.050000
0 0.167969 0.340625 0.029687 0.021875
0 0.872656 0.614844 0.157812 0.117188
0 0.743750 0.132031 0.021875 0.029687
0 0.620313 0.103906 0.043750 0.042188
0 0.271875 0.368750 0.131250 0.084375
0 0.422656 0.079687 0.076563 0.081250
0 0.103906 0.504687 0.048438 0.037500
0 0.953906 0.852344 0.085938 0.104688
0 0.989062 0.662500 0.021875 0.071875
0 0.861719 0.568750 0.020313 0.012500
0 0.192188 0.645312 0.025000 0.018750
0 0.021094 0.280469 0.032813 0.089063
0 0.320312 0.825000 0.015625 0.018750
0 0.946094 0.216406 0.107813 0.067187
0 0.484375 0.317188 0.118750 0.106250
0 0.692969 0.396875 0.073438 0.050000
0 0.616406 0.593750 0.048438 0.046875
0 0.014063 0.135937 0.028125 0.062500
0 0.058594 0.698438 0.076563 0.059375
0 0.747656 0.671875 0.070312 0.037500
0 0.328125 0.464062 0.040625 0.031250
0 0.418750 0.421094 0.025000 0.026562
0 0.265625 0.282031 0.078125 0.079687
0 0.469531 0.592969 0.023438 0.017188
0 0.453125 0.647656 0.040625 0.039062
0 0.937500 0.297656 0.062500 0.067187
0 0.653125 0.640625 0.118750 0.065625
0 0.011719 0.573438 0.023438 0.028125
0 0.374219 0.367188 0.073438 0.068750
0 0.539844 0.141406 0.082812 0.045312
0 0.341406 0.036719 0.045312 0.048438
0 0.921094 0.046875 0.064062 0.046875
0 0.031250 0.474219 0.046875 0.032813
0 0.192969 0.536719 0.082812 0.039062
0 0.703008 0.250789 0.015391 0.023453
0 0.800648 0.290961 0.157547 0.219422
1 0.814195 0.262234 0.240891 0.424469
1 0.273891 0.246961 0.319656 0.415797
1 0.082719 0.290320 0.165437 0.324391
1 0.033664 0.754570 0.067328 0.102891
0 0.472539 0.703211 0.079453 0.040797
0 0.327922 0.861844 0.012094 0.014313
