0 0.660937 0.028125 0.046875 0.050000
0 0.530766 0.541563 0.042781 0.039375
0 0.601562 0.848437 0.018750 0.018750
0 0.179688 0.025781 0.046875 0.026562
0 0.131250 0.916406 0.021875 0.020313
0 0.418750 0.123438 0.053125 0.053125
0 0.705859 0.597914 0.036719 0.039578
0 0.327344 0.807031 0.010937 0.017188
0 0.533594 0.299219 0.042188 0.057813
0 0.446094 0.257031 0.079687 0.057813
0 0.228125 0.874219 0.018750 0.020313
0 0.735156 0.397656 0.029687 0.048438
0 0.117188 0.382812 0.034375 0.050000
0 0.150781 0.641406 0.064062 0.032813
0 0.434375 0.309375 0.059375 0.034375
0 0.150781 0.795312 0.032813 0.031250
0 0.660156 0.150781 0.039062 0.039062
0 0.340625 0.842969 0.015625 0.010937
0 0.780656 0.444156 0.058188 0.094563
0 0.121875 0.553906 0.031250 0.026562
0 0.330469 0.009375 0.067187 0.018750
0 0.466406 0.735938 0.067187 0.034375
0 0.643750 0.122656 0.028125 0.032813
0 0.821875 0.675781 0.028125 0.023438
0 0.247656 0.555469 0.039062 0.026562
0 0.303906 0.077344 0.060937 0.048438
0 0.414844 0.470313 0.039062 0.043750
0 0.841508 0.700000 0.017391 0.015625
0 0.852344 0.765625 0.023438 0.018750
0 0.415625 0.928125 0.012500 0.021875
0 0.754687 0.596875 0.018750 0.025000
0 0.182031 0.395313 0.039062 0.021875
0 0.540625 0.448437 0.018750 0.015625
0 0.621398 0.908594 0.014672 0.014063
0 0.736719 0.492844 0.035937 0.041938
0 0.130469 0.593750 0.060937 0.050000
0 0.344727 0.435672 0.048828 0.036969
0 0.628906 0.925781 0.014063 0.014063
0 0.673438 0.479687 0.018750 0.018750
0 0.697656 0.042188 0.039062 0.037500
1 0.727586 0.903063 0.080172 0.068625
0 0.659852 0.322273 0.044703 0.044547
0 0.214062 0.637500 0.059375 0.078125
0 0.794531 0.199219 0.032813 0.042188
0 0.791406 0.155469 0.020313 0.035937
0 0.395313 0.190625 0.156250 0.056250
0 0.342187 0.497656 0.056250 0.042188
0 0.831250 0.721875 0.021875 0.021875
0 0.450000 0.056820 0.140625 0.113641
0 0.708594 0.291406 0.057813 0.039062
0 0.338828 0.543680 0.074531 0.052984
0 0.734375 0.784375 0.031250 0.037500
0 0.369531 0.245312 0.073438 0.068750
0 0.622656 0.266406 0.039062 0.092188
0 0.614062 0.446094 0.059375 0.070312
0 0.167187 0.909375 0.040625 0.034375
0 0.171094 0.060937 0.082812 0.046875
0 0.570312 0.584375 0.043750 0.037500
0 0.367188 0.473211 0.034375 0.021422
0 0.114844 0.428125 0.026562 0.046875
0 0.401562 0.358594 0.059375 0.048438
1 0.678125 0.903906 0.046875 0.057813
0 0.706250 0.626563 0.031250 0.021875
0 0.557813 0.866789 0.046875 0.042953
0 0.535156 0.618750 0.023438 0.012500
0 0.353125 0.044531 0.037500 0.032813
0 0.553906 0.643750 0.039062 0.015625
0 0.729688 0.568750 0.018750 0.021875
0 0.887500 0.921094 0.018750 0.014063
0 0.264844 0.693750 0.057813 0.040625
0 0.631250 0.081250 0.040625 0.053125
0 0.526563 0.929688 0.015625 0.018750
0 0.832812 0.164062 0.046875 0.071875
0 0.494531 0.138281 0.039062 0.039062
0 0.514844 0.606250 0.042188 0.040625
0 0.165625 0.442188 0.037500 0.028125
0 0.595516 0.644289 0.041031 0.022953
0 0.393750 0.768750 0.021875 0.015625
0 0.808594 0.729688 0.023438 0.021875
0 0.703453 0.453484 0.025656 0.041344
0 0.571875 0.739844 0.059375 0.051562
0 0.878125 0.607812 0.034375 0.028125
0 0.798438 0.241406 0.028125 0.039062
0 0.145313 0.833594 0.021875 0.020313
0 0.722656 0.607812 0.020313 0.021875
0 0.507812 0.222656 0.046875 0.029687
0 0.617969 0.888281 0.014063 0.020313
0 0.837891 0.781250 0.013281 0.021875
0 0.285156 0.361719 0.189062 0.132812
0 0.299219 0.553906 0.023438 0.020313
0 0.864844 0.885156 0.023438 0.017188
0 0.488281 0.667969 0.070312 0.060937
0 0.538281 0.068750 0.039062 0.068750
0 0.438281 0.581250 0.051562 0.034375
0 0.271875 0.192188 0.125000 0.156250
0 0.828906 0.907813 0.045312 0.034375
0 0.215625 0.484375 0.065625 0.065625
0 0.772656 0.619531 0.023438 0.017188
0 0.762500 0.345313 0.031250 0.037500
0 0.392188 0.687500 0.021875 0.018750
0 0.532813 0.713281 0.015625 0.014063
0 0.377344 0.943750 0.010937 0.018750
0 0.203125 0.414062 0.034375 0.031250
0 0.853906 0.496875 0.060937 0.037500
0 0.846094 0.867188 0.039062 0.031250
0 0.506422 0.893781 0.015969 0.021937
0 0.464062 0.910156 0.015625 0.010937
0 0.600000 0.739062 0.021875 0.018750
0 0.814063 0.597656 0.046875 0.042188
0 0.519531 0.689063 0.035937 0.025000
0 0.524219 0.907813 0.014063 0.021875
0 0.862531 0.528969 0.028187 0.020438
0 0.622656 0.323437 0.023438 0.037500
0 0.119531 0.141406 0.035937 0.054688
0 0.872656 0.814063 0.054688 0.025000
0 0.265625 0.468750 0.040625 0.018750
0 0.341406 0.107813 0.067187 0.059375
0 0.157031 0.209375 0.104688 0.128125
0 0.187500 0.980469 0.012500 0.007812
0 0.557813 0.827344 0.043750 0.035937
0 0.557031 0.796875 0.048438 0.034375
0 0.403125 0.513281 0.046875 0.023438
0 0.806922 0.333453 0.041969 0.107531
0 0.584781 0.903836 0.041438 0.070172
0 0.653109 0.908687 0.012469 0.017375
0 0.647945 0.889391 0.014641 0.016281
0 0.631023 0.871523 0.015172 0.014922
0 0.644984 0.834336 0.011844 0.015547
0 0.669984 0.814781 0.011844 0.010812
0 0.633727 0.805992 0.011203 0.015109
0 0.641430 0.795602 0.010984 0.013078
0 0.665836 0.782562 0.012922 0.018250
0 0.843477 0.903359 0.011953 0.009844
0 0.518195 0.881133 0.011391 0.012266
0 0.529750 0.878758 0.009500 0.013766
0 0.522953 0.852586 0.008406 0.023922
0 0.534906 0.856680 0.013562 0.016484
0 0.528656 0.828273 0.007312 0.012797
0 0.561406 0.912531 0.010312 0.012562
0 0.578430 0.801945 0.034984 0.050766
1 0.622734 0.834477 0.029844 0.059578
0 0.646383 0.808445 0.008391 0.010641
1 0.617445 0.775766 0.025516 0.070281
0 0.635391 0.767734 0.011406 0.019844
0 0.646055 0.779023 0.010859 0.020547
0 0.638789 0.749758 0.011953 0.015141
0 0.647742 0.763461 0.011109 0.014422
0 0.741734 0.594422 0.008469 0.016969
0 0.759734 0.537672 0.010094 0.015969
0 0.895680 0.545047 0.010109 0.011969
0 0.832188 0.657961 0.033125 0.022172
0 0.859148 0.616000 0.012047 0.010125
0 0.896102 0.653086 0.007828 0.012422
0 0.897766 0.606461 0.004906 0.009797
0 0.883453 0.733375 0.032531 0.035500
0 0.889914 0.762516 0.020453 0.015656
0 0.895023 0.775969 0.008797 0.008188
0 0.870180 0.746672 0.024734 0.015219
0 0.613938 0.384375 0.031000 0.034375
0 0.763078 0.401469 0.041781 0.052938
0 0.734508 0.449289 0.019016 0.023578
0 0.711938 0.441641 0.023875 0.033281
0 0.686703 0.382820 0.076531 0.093766
0 0.671102 0.237211 0.067203 0.080672
1 0.576742 0.392836 0.144109 0.082547
1 0.576562 0.234367 0.084375 0.224984
1 0.581141 0.112148 0.071656 0.224297
0 0.141719 0.363867 0.036562 0.018359
1 0.415133 0.641039 0.164641 0.125828
1 0.459859 0.479305 0.147844 0.174234
1 0.419562 0.485164 0.267250 0.201578
1 0.164883 0.102250 0.182891 0.204500
1 0.777164 0.396852 0.066828 0.287453
1 0.840320 0.645086 0.074391 0.055797
