0 0.303906 0.660156 0.017188 0.026562
0 0.460156 0.019531 0.101562 0.039062
0 0.483594 0.411719 0.057813 0.060937
0 0.267969 0.752344 0.032813 0.045312
0 0.316406 0.785937 0.045312 0.062500
0 0.525781 0.478125 0.035937 0.043750
0 0.750781 0.800781 0.114062 0.114062
0 0.267188 0.401562 0.040625 0.043750
0 0.277344 0.577344 0.048438 0.064062
0 0.504687 0.509375 0.053125 0.062500
0 0.277344 0.802344 0.032813 0.048438
0 0.233594 0.577344 0.035937 0.045312
0 0.307812 0.514062 0.040625 0.043750
0 0.385937 0.071094 0.096875 0.114062
0 0.198437 0.264062 0.043750 0.043750
0 0.385156 0.816406 0.076563 0.089063
0 0.509375 0.125781 0.096875 0.098437
0 0.488281 0.843750 0.017188 0.021875
0 0.415625 0.896094 0.206250 0.129688
0 0.497656 0.357812 0.039062 0.050000
0 0.667188 0.054688 0.065625 0.075000
0 0.442969 0.581250 0.017188 0.021875
0 0.274219 0.214844 0.048438 0.076563
0 0.307031 0.005469 0.039062 0.010937
0 0.635156 0.121875 0.067187 0.093750
0 0.118750 0.815625 0.021875 0.034375
0 0.403125 0.752344 0.040625 0.051562
0 0.655469 0.978125 0.051562 0.043750
0 0.639844 0.021875 0.026562 0.012500
0 0.800000 0.225781 0.115625 0.126562
0 0.211719 0.450000 0.070312 0.062500
0 0.494531 0.765625 0.032813 0.040625
0 0.513281 0.942969 0.220312 0.114062
0 0.349219 0.008594 0.067187 0.017188
0 0.790625 0.907031 0.046875 0.070312
0 0.685156 0.627344 0.107813 0.085938
0 0.575000 0.678906 0.046875 0.060937
0 0.623437 0.703125 0.031250 0.037500
0 0.514062 0.638281 0.040625 0.042188
0 0.710156 0.347656 0.042188 0.045312
0 0.685937 0.843750 0.018750 0.021875
0 0.384375 0.171094 0.043750 0.045312
0 0.721094 0.722656 0.045312 0.057813
0 0.328906 0.611719 0.051562 0.067187
0 0.532813 0.836719 0.040625 0.051562
0 0.191406 0.650000 0.107813 0.134375
0 0.360156 0.767188 0.045312 0.059375
0 0.608594 0.282813 0.051562 0.056250
0 0.592969 0.778125 0.029687 0.037500
0 0.471875 0.206250 0.018750 0.021875
0 0.485156 0.272656 0.073438 0.098437
0 0.317969 0.721094 0.054688 0.073438
0 0.779687 0.557813 0.106250 0.215625
0 0.328125 0.225000 0.043750 0.046875
0 0.464844 0.779687 0.067187 0.078125
0 0.589844 0.566406 0.098437 0.085938
0 0.639062 0.672656 0.046875 0.067187
0 0.746875 0.733594 0.034375 0.042188
0 0.592969 0.619531 0.107813 0.098437
0 0.243750 0.121094 0.084375 0.148438
0 0.210156 0.750000 0.042188 0.059375
0 0.809375 0.769531 0.037500 0.035937
0 0.198437 0.539844 0.087500 0.076563
0 0.667969 0.524219 0.017188 0.023438
0 0.446875 0.105469 0.059375 0.095312
0 0.336719 0.375000 0.070312 0.090625
0 0.467969 0.690625 0.167187 0.096875
0 0.538281 0.743750 0.045312 0.065625
0 0.253906 0.257812 0.051562 0.071875
0 0.483594 0.569531 0.048438 0.060937
0 0.238281 0.949219 0.035937 0.035937
0 0.711719 0.125000 0.104688 0.121875
0 0.514844 0.207813 0.045312 0.062500
0 0.146875 0.747656 0.043750 0.070312
0 0.769531 0.661719 0.104688 0.126562
0 0.449219 0.526563 0.054688 0.071875
0 0.518750 0.023438 0.046875 0.046875
0 0.649219 0.724219 0.029687 0.039062
0 0.606250 0.828125 0.037500 0.068750
0 0.782813 0.117188 0.096875 0.096875
0 0.882031 0.122656 0.054688 0.057813
0 0.581250 0.730469 0.043750 0.051562
0 0.238281 0.737500 0.045312 0.062500
0 0.683594 0.601562 0.026562 0.015625
0 0.407031 0.663281 0.167187 0.101562
0 0.539844 0.261719 0.035937 0.029687
0 0.653906 0.378906 0.039062 0.026562
1 0.469531 0.296875 0.220312 0.318750
1 0.443750 0.525000 0.187500 0.193750
0 0.300000 0.136719 0.043750 0.070312
0 0.279687 0.150781 0.040625 0.067187
