0 0.616406 0.762500 0.032813 0.078125
0 0.703906 0.749219 0.114062 0.098437
0 0.863281 0.540625 0.101562 0.184375
0 0.553906 0.730469 0.129688 0.073438
0 0.959375 0.868750 0.081250 0.087500
0 0.617969 0.219531 0.029687 0.048438
0 0.087500 0.570312 0.031250 0.021875
0 0.382812 0.746094 0.046875 0.039062
0 0.178906 0.439063 0.039062 0.040625
0 0.547656 0.515625 0.048438 0.043750
0 0.388281 0.526563 0.060937 0.087500
0 0.962500 0.276562 0.034375 0.037500
0 0.525000 0.396875 0.028125 0.031250
0 0.378125 0.474219 0.031250 0.026562
0 0.556250 0.807031 0.056250 0.070312
0 0.668750 0.284375 0.056250 0.109375
0 0.520312 0.578125 0.056250 0.065625
0 0.176563 0.562500 0.046875 0.040625
0 0.753906 0.973437 0.054688 0.043750
0 0.589844 0.579688 0.089063 0.096875
0 0.755469 0.337500 0.048438 0.034375
0 0.110937 0.446875 0.037500 0.037500
0 0.228906 0.413281 0.039062 0.039062
0 0.959375 0.940625 0.081250 0.090625
0 0.668750 0.547656 0.034375 0.032813
0 0.275781 0.298438 0.032813 0.025000
0 0.148438 0.073438 0.037500 0.028125
0 0.979688 0.346094 0.037500 0.048438
0 0.333594 0.465625 0.023438 0.021875
0 0.703125 0.260156 0.021875 0.017188
0 0.932031 0.101562 0.076563 0.084375
0 0.975781 0.412500 0.048438 0.043750
0 0.978125 0.050000 0.043750 0.046875
0 0.167187 0.363281 0.025000 0.020313
0 0.545312 0.910156 0.062500 0.042188
0 0.398438 0.396094 0.059375 0.076563
0 0.319531 0.314063 0.048438 0.043750
0 0.732031 0.587500 0.114062 0.084375
0 0.341406 0.499219 0.020313 0.023438
0 0.455469 0.565625 0.070312 0.065625
0 0.637500 0.810156 0.071875 0.101562
0 0.037500 0.447656 0.059375 0.048438
0 0.276562 0.353906 0.028125 0.042188
0 0.623437 0.335938 0.015625 0.018750
0 0.078906 0.674219 0.020313 0.017188
0 0.475781 0.934375 0.082812 0.093750
0 0.079687 0.645312 0.040625 0.046875
0 0.743750 0.384375 0.103125 0.050000
0 0.612500 0.562500 0.103125 0.225000
0 0.444531 0.854688 0.048438 0.040625
0 0.737500 0.685156 0.084375 0.126562
0 0.009375 0.296875 0.018750 0.034375
0 0.506250 0.985156 0.037500 0.029687
0 0.578125 0.584375 0.062500 0.053125
0 0.240625 0.311719 0.040625 0.039062
0 0.946875 0.810937 0.046875 0.106250
0 0.707031 0.431250 0.067187 0.053125
0 0.278125 0.012500 0.034375 0.025000
0 0.441406 0.672656 0.042188 0.032813
0 0.199219 0.765625 0.057813 0.053125
0 0.633594 0.991406 0.054688 0.017188
0 0.836719 0.973437 0.073438 0.034375
0 0.051562 0.124219 0.025000 0.020313
0 0.839063 0.839844 0.056250 0.045312
0 0.540625 0.850000 0.071875 0.059375
0 0.125000 0.691406 0.040625 0.039062
0 0.035937 0.231250 0.034375 0.028125
0 0.928125 0.499219 0.043750 0.135937
0 0.256250 0.800000 0.043750 0.034375
0 0.307812 0.671875 0.046875 0.046875
0 0.585938 0.645312 0.050000 0.084375
0 0.632031 0.921875 0.089063 0.050000
0 0.963281 0.696094 0.073438 0.092188
0 0.058594 0.064062 0.057813 0.059375
0 0.886719 0.425000 0.045312 0.037500
0 0.084375 0.716406 0.037500 0.032813
0 0.967187 0.534375 0.065625 0.196875
0 0.878125 0.309375 0.146875 0.125000
0 0.596094 0.432812 0.032813 0.028125
0 0.321094 0.228125 0.051562 0.059375
0 0.671094 0.600000 0.042188 0.062500
0 0.845313 0.690625 0.059375 0.046875
0 0.978906 0.983594 0.035937 0.026562
0 0.190625 0.012500 0.034375 0.021875
0 0.032813 0.279687 0.028125 0.025000
0 0.571875 0.944531 0.021875 0.017188
0 0.372656 0.232813 0.057813 0.084375
0 0.743750 0.487500 0.131250 0.084375
0 0.104688 0.486719 0.053125 0.051562
0 0.804688 0.416406 0.106250 0.039062
0 0.707812 0.814844 0.031250 0.023438
0 0.521094 0.638281 0.070312 0.054688
0 0.240625 0.673438 0.046875 0.040625
0 0.075781 0.158594 0.035937 0.035937
0 0.323437 0.628906 0.043750 0.048438
0 0.016406 0.615625 0.029687 0.021875
0 0.444531 0.506250 0.032813 0.025000
0 0.757031 0.896875 0.107813 0.056250
0 0.570312 0.364844 0.084375 0.098437
0 0.560937 0.236719 0.056250 0.132812
0 0.511719 0.323437 0.029687 0.028125
0 0.413281 0.325781 0.020313 0.029687
0 0.947656 0.513281 0.014063 0.026562
0 0.725781 0.682813 0.017188 0.021875
0 0.850781 0.993750 0.073438 0.012500
0 0.017188 0.510156 0.034375 0.042188
0 0.017188 0.550781 0.034375 0.026562
0 0.239844 0.248438 0.032813 0.025000
1 0.416406 0.584375 0.167187 0.218750
