0 0.136719 0.475000 0.051562 0.062500
0 0.288281 0.378906 0.023438 0.023438
0 0.467969 0.247656 0.057813 0.064062
0 0.419531 0.588281 0.045312 0.045312
0 0.632812 0.383594 0.031250 0.035937
0 0.421094 0.962500 0.064062 0.065625
0 0.541406 0.678906 0.045312 0.039062
0 0.520312 0.880469 0.037500 0.026562
0 0.132031 0.689063 0.079687 0.081250
0 0.800781 0.182031 0.051562 0.064062
0 0.587500 0.873437 0.031250 0.037500
0 0.542188 0.906250 0.062500 0.081250
0 0.658594 0.154688 0.107813 0.196875
0 0.258594 0.358594 0.023438 0.023438
0 0.306250 0.589844 0.021875 0.023438
0 0.778125 0.475781 0.040625 0.051562
0 0.561719 0.097656 0.042188 0.067187
0 0.417969 0.835938 0.039062 0.040625
0 0.901563 0.164062 0.050000 0.065625
0 0.338281 0.650781 0.029687 0.029687
0 0.526563 0.739062 0.028125 0.031250
0 0.351562 0.742188 0.150000 0.131250
0 0.264844 0.756250 0.051562 0.046875
0 0.503906 0.728125 0.029687 0.031250
0 0.583594 0.809375 0.042188 0.043750
0 0.367969 0.789062 0.073438 0.062500
0 0.352344 0.972656 0.042188 0.029687
0 0.845313 0.176563 0.056250 0.065625
0 0.135937 0.788281 0.025000 0.032813
0 0.784375 0.059375 0.059375 0.062500
0 0.547656 0.443750 0.026562 0.037500
0 0.857812 0.244531 0.037500 0.057813
0 0.963281 0.240625 0.073438 0.078125
0 0.678125 0.442969 0.040625 0.032813
0 0.146875 0.273438 0.090625 0.106250
0 0.315625 0.936719 0.031250 0.035937
0 0.924219 0.054688 0.023438 0.015625
0 0.747656 0.187500 0.020313 0.025000
0 0.278906 0.953906 0.048438 0.048438
0 0.110156 0.925781 0.017188 0.023438
0 0.505469 0.846094 0.045312 0.067187
0 0.207031 0.563281 0.023438 0.029687
0 0.772656 0.159375 0.026562 0.034375
0 0.632812 0.929688 0.043750 0.062500
0 0.832031 0.444531 0.076563 0.082812
0 0.390625 0.282031 0.021875 0.023438
0 0.431250 0.895312 0.040625 0.046875
0 0.517969 0.980469 0.095312 0.039062
0 0.612500 0.869531 0.031250 0.032813
0 0.641406 0.985938 0.029687 0.028125
0 0.527344 0.607031 0.082812 0.057813
0 0.385156 0.681250 0.054688 0.037500
0 0.358594 0.835156 0.048438 0.048438
0 0.206250 0.819531 0.068750 0.085938
0 0.241406 0.726562 0.039062 0.050000
0 0.441406 0.685156 0.039062 0.045312
0 0.428906 0.566406 0.029687 0.032813
0 0.414844 0.760938 0.060937 0.065625
0 0.219531 0.697656 0.014063 0.017188
0 0.789844 0.285156 0.045312 0.057813
0 0.469531 0.438281 0.142187 0.129688
0 0.337500 0.868750 0.034375 0.037500
0 0.242969 0.626563 0.085938 0.096875
0 0.328125 0.491406 0.018750 0.023438
0 0.663281 0.298438 0.145313 0.153125
0 0.276562 0.678125 0.021875 0.025000
0 0.424219 0.089063 0.064062 0.062500
0 0.657031 0.400000 0.032813 0.046875
0 0.191406 0.589063 0.020313 0.021875
0 0.710156 0.053125 0.054688 0.065625
0 0.387500 0.870313 0.059375 0.062500
0 0.359375 0.388281 0.018750 0.020313
0 0.189062 0.467969 0.021875 0.026562
0 0.356250 0.349219 0.056250 0.057813
0 0.158594 0.350000 0.029687 0.034375
0 0.408594 0.380469 0.057813 0.054688
0 0.665625 0.936719 0.040625 0.054688
0 0.367188 0.600000 0.021875 0.028125
0 0.637500 0.855469 0.034375 0.042188
0 0.536719 0.143750 0.032813 0.059375
0 0.492188 0.487500 0.071875 0.065625
0 0.592969 0.617969 0.073438 0.085938
0 0.703906 0.398438 0.039062 0.043750
0 0.574219 0.315625 0.060937 0.078125
0 0.160156 0.376563 0.026562 0.025000
0 0.576562 0.711719 0.031250 0.029687
0 0.145313 0.516406 0.084375 0.076563
0 0.138281 0.328125 0.026562 0.025000
0 0.281250 0.614062 0.021875 0.025000
0 0.242188 0.304688 0.031250 0.034375
0 0.482031 0.675000 0.035937 0.046875
0 0.797656 0.345313 0.064062 0.084375
0 0.746875 0.339844 0.025000 0.032813
0 0.285156 0.502344 0.023438 0.023438
0 0.300000 0.034375 0.037500 0.062500
0 0.617969 0.703906 0.039062 0.045312
0 0.191406 0.395313 0.023438 0.028125
0 0.221094 0.412500 0.020313 0.021875
0 0.492969 0.314844 0.064062 0.076563
0 0.483594 0.896094 0.032813 0.032813
0 0.471875 0.839063 0.050000 0.065625
0 0.732812 0.393750 0.046875 0.075000
0 0.175781 0.778906 0.064062 0.060937
0 0.211719 0.770312 0.070312 0.062500
0 0.313281 0.821094 0.070312 0.057813
0 0.272656 0.817187 0.057813 0.059375
0 0.525000 0.697656 0.068750 0.035937
0 0.560937 0.923438 0.034375 0.037500
0 0.660937 0.431250 0.053125 0.059375
0 0.184375 0.063281 0.184375 0.126562
0 0.129688 0.207813 0.031250 0.031250
0 0.357812 0.126562 0.512500 0.253125
0 0.470313 0.189844 0.328125 0.204687
0 0.394531 0.535156 0.035937 0.048438
0 0.342187 0.538281 0.087500 0.114062
0 0.122656 0.952344 0.020313 0.010937
0 0.440625 0.756250 0.015625 0.018750
0 0.317969 0.978125 0.020313 0.009375
