0 0.366406 0.729688 0.023438 0.015625
0 0.414062 0.466406 0.046875 0.029687
0 0.539062 0.865625 0.025000 0.028125
0 0.468750 0.847656 0.028125 0.035937
0 0.505469 0.857031 0.017188 0.017188
0 0.343750 0.674219 0.043750 0.035937
0 0.191406 0.860938 0.026562 0.018750
0 0.153906 0.780469 0.023438 0.023438
0 0.375781 0.389844 0.126562 0.067187
0 0.469531 0.780469 0.020313 0.017188
0 0.221875 0.373437 0.059375 0.043750
0 0.582031 0.571094 0.029687 0.023438
0 0.467187 0.541406 0.050000 0.039062
0 0.174219 0.785156 0.023438 0.023438
0 0.422656 0.519531 0.039062 0.035937
0 0.734375 0.149219 0.071875 0.051562
0 0.648438 0.428906 0.021875 0.017188
0 0.725000 0.399219 0.012500 0.017188
0 0.420312 0.619531 0.046875 0.032813
0 0.485938 0.465625 0.087500 0.071875
0 0.653125 0.609375 0.034375 0.040625
0 0.195312 0.586719 0.018750 0.017188
0 0.417187 0.718750 0.028125 0.028125
0 0.388281 0.599219 0.042188 0.035937
0 0.771875 0.404687 0.050000 0.040625
0 0.364844 0.815625 0.020313 0.018750
0 0.161719 0.707031 0.029687 0.029687
0 0.444531 0.490625 0.064062 0.043750
0 0.343750 0.853125 0.021875 0.021875
0 0.333594 0.604688 0.048438 0.046875
0 0.762500 0.438281 0.034375 0.035937
0 0.296094 0.661719 0.035937 0.035937
0 0.536719 0.357812 0.042188 0.034375
0 0.338281 0.454688 0.014063 0.015625
0 0.725000 0.429688 0.031250 0.034375
0 0.569531 0.454688 0.026562 0.025000
0 0.376563 0.749219 0.021875 0.023438
0 0.332813 0.874219 0.021875 0.023438
0 0.557813 0.792188 0.015625 0.015625
0 0.323437 0.571875 0.068750 0.050000
0 0.392969 0.846875 0.017188 0.021875
0 0.386719 0.346094 0.032813 0.023438
0 0.522656 0.670312 0.035937 0.031250
0 0.400000 0.868750 0.015625 0.018750
0 0.801562 0.428125 0.031250 0.031250
0 0.615625 0.624219 0.025000 0.029687
0 0.499219 0.832812 0.017188 0.018750
0 0.239844 0.457031 0.029687 0.020313
0 0.632031 0.554688 0.017188 0.021875
0 0.364063 0.857031 0.021875 0.020313
0 0.432812 0.595313 0.034375 0.028125
0 0.163281 0.807813 0.023438 0.025000
0 0.300000 0.462500 0.018750 0.015625
0 0.167187 0.833594 0.012500 0.014063
0 0.306250 0.175781 0.100000 0.079687
0 0.426563 0.880469 0.050000 0.029687
0 0.653906 0.510156 0.026562 0.026562
0 0.582031 0.533594 0.014063 0.014063
0 0.646094 0.454688 0.060937 0.046875
0 0.249219 0.811719 0.051562 0.045312
0 0.275000 0.874219 0.021875 0.010937
0 0.571094 0.492188 0.079687 0.065625
0 0.305469 0.414062 0.029687 0.021875
0 0.533594 0.617188 0.026562 0.034375
0 0.415625 0.765625 0.031250 0.028125
0 0.168750 0.524219 0.071875 0.060937
0 0.387500 0.817969 0.021875 0.023438
0 0.234375 0.562500 0.065625 0.065625
0 0.403125 0.739844 0.015625 0.014063
0 0.392969 0.800781 0.017188 0.020313
0 0.368750 0.772656 0.021875 0.023438
0 0.172656 0.685937 0.020313 0.021875
0 0.374219 0.838281 0.017188 0.017188
0 0.303125 0.798438 0.021875 0.021875
0 0.320312 0.851562 0.034375 0.037500
0 0.353906 0.789844 0.014063 0.017188
0 0.472656 0.886719 0.026562 0.026562
0 0.372656 0.451562 0.017188 0.015625
0 0.817187 0.446875 0.040625 0.037500
0 0.596875 0.451562 0.028125 0.034375
0 0.627344 0.491406 0.045312 0.045312
0 0.736719 0.487500 0.089063 0.059375
0 0.449219 0.774219 0.017188 0.017188
1 0.776563 0.237500 0.053125 0.071875
0 0.453906 0.339844 0.060937 0.035937
0 0.145313 0.290625 0.046875 0.043750
0 0.171875 0.323437 0.015625 0.012500
0 0.205469 0.340625 0.017188 0.012500
0 0.436719 0.889062 0.020313 0.015625
0 0.487500 0.378125 0.015625 0.012500
