1 0.534375 0.343750 0.075000 0.081250
0 0.675781 0.516406 0.035937 0.048438
0 0.364844 0.329688 0.035937 0.050000
0 0.364844 0.453125 0.048438 0.050000
1 0.278906 0.689844 0.242188 0.182812
0 0.378125 0.304688 0.025000 0.031250
0 0.821875 0.223438 0.068750 0.093750
0 0.492188 0.439844 0.031250 0.042188
1 0.499219 0.214844 0.101562 0.135937
1 0.439844 0.981250 0.070312 0.037500
0 0.435156 0.055469 0.026562 0.039062
0 0.392969 0.875000 0.029687 0.031250
0 0.581250 0.373437 0.037500 0.062500
0 0.792188 0.517188 0.012500 0.015625
0 0.664062 0.830469 0.021875 0.029687
0 0.748437 0.426563 0.031250 0.028125
0 0.418750 0.086719 0.034375 0.054688
0 0.561719 0.184375 0.026562 0.031250
0 0.721875 0.309375 0.028125 0.034375
0 0.344531 0.270313 0.032813 0.053125
0 0.702344 0.488281 0.026562 0.032813
0 0.339062 0.920312 0.059375 0.053125
0 0.222656 0.970313 0.014063 0.034375
0 0.245312 0.894531 0.018750 0.029687
0 0.288281 0.824219 0.057813 0.092188
0 0.197656 0.875000 0.032813 0.040625
0 0.400781 0.032813 0.014063 0.018750
1 0.181250 0.677344 0.084375 0.129688
0 0.410938 0.128906 0.028125 0.035937
0 0.759375 0.303125 0.021875 0.028125
0 0.342187 0.800781 0.018750 0.023438
1 0.255469 0.957812 0.095312 0.065625
0 0.649219 0.422656 0.089063 0.098437
0 0.824219 0.371875 0.020313 0.028125
0 0.810156 0.510938 0.014063 0.015625
0 0.644531 0.485156 0.026562 0.039062
0 0.396875 0.495312 0.034375 0.046875
0 0.703125 0.007031 0.018750 0.014063
0 0.793750 0.007812 0.053125 0.015625
0 0.669531 0.342969 0.020313 0.026562
0 0.596875 0.236719 0.034375 0.042188
0 0.581250 0.068750 0.015625 0.018750
0 0.435937 0.764062 0.059375 0.062500
0 0.346094 0.845313 0.029687 0.043750
0 0.246875 0.464844 0.093750 0.135937
0 0.272656 0.971875 0.026562 0.031250
1 0.071094 0.558594 0.073438 0.145313
0 0.607812 0.111719 0.028125 0.042188
0 0.766406 0.064062 0.023438 0.043750
0 0.513281 0.089063 0.023438 0.034375
0 0.380469 0.089063 0.035937 0.059375
0 0.585938 0.394531 0.021875 0.026562
0 0.013281 0.137500 0.026562 0.062500
0 0.537500 0.975781 0.056250 0.048438
0 0.516406 0.834375 0.029687 0.040625
0 0.313281 0.410938 0.032813 0.046875
0 0.536719 0.162500 0.032813 0.046875
0 0.528125 0.612500 0.015625 0.021875
0 0.103906 0.235156 0.039062 0.054688
0 0.437500 0.369531 0.034375 0.048438
0 0.691406 0.132812 0.020313 0.028125
0 0.659375 0.976562 0.062500 0.040625
0 0.396094 0.727344 0.085938 0.132812
0 0.121875 0.650781 0.037500 0.048438
1 0.161719 0.885938 0.054688 0.209375
0 0.364063 0.972656 0.034375 0.035937
0 0.099219 0.179688 0.029687 0.040625
0 0.631250 0.347656 0.034375 0.042188
1 0.442969 0.318750 0.076563 0.093750
0 0.729688 0.179688 0.056250 0.046875
0 0.620313 0.296875 0.053125 0.043750
1 0.463281 0.932031 0.107813 0.079687
1 0.779687 0.828906 0.078125 0.129688
0 0.220312 0.208594 0.040625 0.054688
0 0.557813 0.260937 0.043750 0.053125
0 0.720313 0.566406 0.018750 0.029687
0 0.160938 0.055469 0.175000 0.101562
0 0.865625 0.509375 0.018750 0.021875
0 0.323437 0.335156 0.034375 0.045312
0 0.791406 0.033594 0.020313 0.029687
0 0.276562 0.904687 0.031250 0.043750
0 0.437500 0.809375 0.018750 0.021875
0 0.056250 0.029687 0.034375 0.031250
0 0.687500 0.365625 0.028125 0.034375
0 0.821875 0.267188 0.031250 0.037500
0 0.694531 0.926562 0.010937 0.018750
0 0.836719 0.128125 0.020313 0.031250
0 0.434375 0.439844 0.068750 0.095312
0 0.496094 0.804688 0.026562 0.040625
0 0.360938 0.574219 0.053125 0.035937
0 0.605469 0.965625 0.029687 0.034375
0 0.502344 0.182812 0.023438 0.028125
0 0.605469 0.048438 0.014063 0.021875
0 0.295312 0.562500 0.065625 0.056250
0 0.298438 0.600781 0.034375 0.045312
0 0.493750 0.114062 0.031250 0.046875
0 0.361719 0.021094 0.045312 0.039062
0 0.405469 0.224219 0.101562 0.142187
0 0.317969 0.125781 0.117188 0.157812
0 0.162500 0.272656 0.087500 0.085938
0 0.221094 0.282813 0.054688 0.056250
1 0.448437 0.860938 0.062500 0.071875
0 0.217969 0.568750 0.039062 0.087500
0 0.696094 0.026562 0.010937 0.012500
0 0.453125 0.878906 0.012500 0.007812
0 0.508594 0.643750 0.107813 0.062500
0 0.520312 0.528125 0.100000 0.118750
1 0.665625 0.713281 0.106250 0.173437
1 0.662500 0.732812 0.196875 0.315625
0 0.457031 0.319531 0.017188 0.035937
0 0.551562 0.328125 0.025000 0.025000
