0 0.995313 0.198437 0.009375 0.075000
0 0.258594 0.401562 0.048438 0.037500
0 0.575781 0.560156 0.151562 0.082812
0 0.489844 0.301563 0.089063 0.053125
0 0.731250 0.494531 0.090625 0.060937
0 0.546875 0.271875 0.062500 0.084375
0 0.115625 0.547656 0.040625 0.042188
0 0.795312 0.731250 0.068750 0.046875
0 0.385156 0.692969 0.026562 0.023438
0 0.233594 0.629687 0.035937 0.037500
0 0.635156 0.878125 0.129688 0.071875
0 0.087500 0.478125 0.015625 0.012500
0 0.332031 0.256250 0.035937 0.028125
0 0.314844 0.567969 0.092188 0.126562
0 0.073438 0.402344 0.100000 0.082812
0 0.332813 0.336719 0.056250 0.045312
0 0.734375 0.655469 0.081250 0.064062
0 0.133594 0.592969 0.042188 0.032813
0 0.710156 0.123438 0.042188 0.031250
0 0.061719 0.054688 0.029687 0.028125
0 0.225781 0.592969 0.029687 0.035937
0 0.364063 0.738281 0.053125 0.023438
1 0.900000 0.401562 0.181250 0.146875
0 0.161719 0.056250 0.079687 0.087500
0 0.667969 0.826562 0.057813 0.040625
0 0.140625 0.421094 0.040625 0.032813
0 0.491406 0.641406 0.085938 0.110937
0 0.574219 0.147656 0.026562 0.023438
0 0.373437 0.646094 0.043750 0.032813
0 0.103906 0.517969 0.032813 0.032813
0 0.447656 0.632812 0.035937 0.043750
0 0.565625 0.640625 0.046875 0.081250
0 0.919531 0.162500 0.054688 0.040625
0 0.367969 0.187500 0.064062 0.075000
0 0.382031 0.110156 0.104688 0.060937
0 0.423438 0.253125 0.059375 0.081250
0 0.567187 0.411719 0.068750 0.067187
0 0.863281 0.753906 0.026562 0.029687
0 0.713281 0.885938 0.092188 0.059375
0 0.684375 0.551562 0.125000 0.084375
0 0.442969 0.207813 0.035937 0.034375
0 0.863281 0.228125 0.057813 0.037500
0 0.606250 0.764844 0.059375 0.042188
0 0.768750 0.362500 0.128125 0.078125
0 0.199219 0.575781 0.026562 0.023438
0 0.311719 0.207031 0.057813 0.073438
0 0.235156 0.211719 0.023438 0.023438
0 0.096094 0.250781 0.182812 0.279687
0 0.665625 0.196094 0.056250 0.035937
0 0.440625 0.332031 0.028125 0.051562
0 0.009375 0.515625 0.018750 0.018750
0 0.703906 0.611719 0.057813 0.035937
0 0.839844 0.591406 0.060937 0.039062
1 0.900000 0.488281 0.187500 0.148438
0 0.681250 0.796094 0.018750 0.020313
0 0.673438 0.703125 0.103125 0.062500
0 0.291406 0.622656 0.082812 0.067187
0 0.767188 0.278125 0.053125 0.037500
0 0.030469 0.103906 0.026562 0.020313
0 0.585156 0.717969 0.076563 0.057813
0 0.046875 0.535937 0.037500 0.034375
0 0.272656 0.441406 0.017188 0.029687
0 0.171875 0.254688 0.084375 0.081250
0 0.308594 0.705469 0.045312 0.035937
0 0.627344 0.488281 0.117188 0.057813
0 0.566406 0.819531 0.067187 0.051562
0 0.496875 0.378906 0.059375 0.039062
0 0.042969 0.301563 0.032813 0.018750
0 0.474219 0.749219 0.067187 0.054688
0 0.227344 0.011719 0.035937 0.023438
0 0.308594 0.483594 0.057813 0.051562
0 0.082812 0.578125 0.034375 0.021875
0 0.071875 0.313281 0.037500 0.026562
0 0.868750 0.317188 0.065625 0.046875
0 0.973437 0.276562 0.053125 0.081250
0 0.969531 0.409375 0.060937 0.056250
0 0.030469 0.207813 0.032813 0.037500
0 0.752344 0.224219 0.060937 0.039062
0 0.781250 0.606250 0.028125 0.018750
0 0.643750 0.319531 0.143750 0.207813
0 0.389062 0.667969 0.028125 0.035937
0 0.111719 0.658594 0.048438 0.054688
0 0.236719 0.315625 0.020313 0.015625
0 0.266406 0.339844 0.045312 0.035937
0 0.928125 0.572656 0.143750 0.164062
0 0.802344 0.241406 0.051562 0.048438
0 0.303906 0.732812 0.029687 0.025000
0 0.107031 0.490625 0.017188 0.015625
0 0.214844 0.438281 0.076563 0.070312
0 0.719531 0.027344 0.048438 0.035937
0 0.607031 0.029687 0.039062 0.025000
0 0.767969 0.048438 0.057813 0.040625
0 0.850781 0.640625 0.054688 0.043750
0 0.221875 0.668750 0.056250 0.053125
0 0.353125 0.386719 0.065625 0.064062
0 0.029687 0.458594 0.050000 0.057813
0 0.464844 0.435937 0.057813 0.040625
0 0.021875 0.555469 0.043750 0.042188
0 0.314063 0.121094 0.103125 0.098437
0 0.173437 0.472656 0.062500 0.048438
0 0.786719 0.553906 0.070312 0.067187
0 0.288281 0.274219 0.048438 0.045312
0 0.436719 0.822656 0.082812 0.048438
0 0.465625 0.712500 0.062500 0.040625
0 0.880469 0.285938 0.060937 0.043750
0 0.779687 0.428906 0.065625 0.045312
0 0.832031 0.121875 0.057813 0.040625
0 0.615625 0.818750 0.040625 0.028125
0 0.720313 0.753125 0.087500 0.109375
0 0.225781 0.242969 0.035937 0.029687
0 0.445312 0.387500 0.028125 0.043750
