0 0.703125 0.702344 0.081250 0.032813
0 0.575000 0.381250 0.106250 0.100000
0 0.480469 0.173437 0.070312 0.053125
0 0.826562 0.230469 0.056250 0.045312
0 0.697656 0.626563 0.082812 0.075000
0 0.866406 0.537500 0.029687 0.018750
0 0.329688 0.574219 0.062500 0.026562
0 0.121875 0.796875 0.021875 0.021875
0 0.821094 0.542188 0.048438 0.034375
0 0.918750 0.641406 0.056250 0.042188
0 0.253125 0.449219 0.193750 0.135937
0 0.699219 0.752344 0.064062 0.035937
0 0.875000 0.714063 0.056250 0.028125
0 0.257031 0.685937 0.026562 0.034375
0 0.214062 0.675000 0.062500 0.034375
0 0.041406 0.042188 0.082812 0.084375
0 0.635156 0.714063 0.026562 0.018750
0 0.147656 0.878125 0.026562 0.018750
0 0.920312 0.921875 0.015625 0.012500
0 0.659375 0.745313 0.025000 0.015625
0 0.453906 0.597656 0.117188 0.073438
0 0.731250 0.770312 0.037500 0.021875
0 0.060937 0.114844 0.096875 0.054688
0 0.842969 0.332031 0.026562 0.026562
0 0.101562 0.500000 0.046875 0.031250
0 0.600000 0.222656 0.065625 0.048438
0 0.736719 0.570312 0.126562 0.028125
0 0.953125 0.260937 0.087500 0.115625
0 0.646875 0.298438 0.043750 0.034375
0 0.267188 0.239063 0.087500 0.071875
0 0.775781 0.532031 0.017188 0.010937
0 0.361719 0.833594 0.023438 0.023438
0 0.474219 0.378125 0.070312 0.031250
0 0.988281 0.941406 0.020313 0.014063
0 0.757812 0.780469 0.028125 0.014063
0 0.871094 0.321875 0.029687 0.031250
0 0.710938 0.226562 0.043750 0.034375
0 0.894531 0.751563 0.029687 0.015625
0 0.665625 0.428906 0.112500 0.173437
0 0.046875 0.857812 0.034375 0.025000
0 0.346875 0.296094 0.040625 0.035937
0 0.609375 0.271875 0.071875 0.040625
0 0.931250 0.714063 0.040625 0.025000
0 0.806250 0.200000 0.065625 0.037500
0 0.694531 0.731250 0.026562 0.015625
0 0.426563 0.532813 0.043750 0.028125
0 0.545312 0.299219 0.121875 0.126562
0 0.460156 0.342187 0.064062 0.043750
0 0.784375 0.862500 0.090625 0.084375
0 0.814844 0.778125 0.064062 0.031250
0 0.792188 0.721875 0.084375 0.065625
0 0.681250 0.543750 0.021875 0.012500
0 0.570312 0.479687 0.068750 0.096875
0 0.941406 0.473438 0.110937 0.093750
0 0.876563 0.573438 0.075000 0.028125
0 0.010156 0.307031 0.020313 0.035937
0 0.201563 0.739062 0.071875 0.068750
0 0.066406 0.428906 0.089063 0.073438
0 0.317969 0.781250 0.048438 0.034375
0 0.756250 0.625781 0.028125 0.026562
0 0.786719 0.676562 0.054688 0.018750
0 0.042969 0.795312 0.085938 0.071875
0 0.430469 0.273438 0.045312 0.043750
0 0.875781 0.209375 0.039062 0.034375
0 0.864844 0.432812 0.064062 0.053125
0 0.945312 0.614062 0.059375 0.040625
0 0.890625 0.678906 0.075000 0.035937
0 0.031250 0.514062 0.062500 0.075000
0 0.644531 0.537500 0.026562 0.018750
0 0.080469 0.673438 0.060937 0.046875
0 0.937500 0.777344 0.040625 0.023438
0 0.983594 0.422656 0.029687 0.039062
0 0.865625 0.831250 0.040625 0.037500
0 0.978906 0.878125 0.017188 0.012500
0 0.607812 0.606250 0.112500 0.078125
0 0.941406 0.905469 0.017188 0.014063
0 0.372656 0.479687 0.117188 0.068750
0 0.387500 0.838281 0.015625 0.026562
0 0.489063 0.485938 0.087500 0.062500
0 0.817969 0.341406 0.032813 0.023438
0 0.328125 0.622656 0.118750 0.064062
0 0.309852 0.889844 0.032203 0.039062
0 0.236719 0.601562 0.026562 0.018750
0 0.066406 0.915625 0.110937 0.071875
0 0.620313 0.543750 0.025000 0.015625
0 0.338281 0.375000 0.048438 0.034375
0 0.753125 0.820312 0.034375 0.018750
0 0.635156 0.679688 0.082812 0.046875
0 0.559375 0.753906 0.043750 0.023438
0 0.910156 0.273438 0.039062 0.037500
0 0.890625 0.771094 0.043750 0.020313
0 0.966406 0.820312 0.045312 0.018750
1 0.905469 0.642188 0.182812 0.096875
0 0.834375 0.375781 0.059375 0.045312
0 0.596875 0.844531 0.018750 0.014063
0 0.263281 0.321094 0.120313 0.095312
0 0.034375 0.650781 0.062500 0.048438
0 0.182031 0.780469 0.029687 0.023438
0 0.892188 0.800000 0.087500 0.037500
0 0.084375 0.583594 0.146875 0.076563
0 0.946875 0.547656 0.096875 0.045312
0 0.810156 0.753125 0.079687 0.037500
0 0.734375 0.278125 0.128125 0.100000
0 0.707812 0.335938 0.031250 0.018750
0 0.239063 0.750781 0.050000 0.039062
0 0.972656 0.339844 0.039062 0.029687
0 0.485156 0.542969 0.029687 0.014063
0 0.818750 0.694531 0.018750 0.010937
0 0.968750 0.967187 0.021875 0.012500
0 0.860938 0.555469 0.025000 0.014063
0 0.717187 0.952344 0.021875 0.014063
0 0.695312 0.832031 0.018750 0.014063
0 0.990625 0.782031 0.018750 0.020313
0 0.351203 0.549297 0.027406 0.011094
0 0.558156 0.642312 0.016313 0.015875
