0 0.608594 0.262500 0.039062 0.050000
0 0.438281 0.575000 0.089063 0.153125
0 0.698438 0.496875 0.056250 0.090625
0 0.497656 0.732031 0.064062 0.092188
0 0.726562 0.554688 0.087500 0.065625
0 0.467187 0.113281 0.043750 0.042188
0 0.259375 0.786719 0.050000 0.070312
0 0.311719 0.379688 0.023438 0.028125
0 0.379688 0.229687 0.037500 0.037500
0 0.117969 0.622656 0.076563 0.132812
0 0.538281 0.088281 0.014063 0.017188
0 0.750000 0.341406 0.028125 0.035937
0 0.439844 0.313281 0.129688 0.095312
0 0.613281 0.077344 0.085938 0.101562
0 0.668750 0.339844 0.046875 0.057813
0 0.337500 0.729688 0.065625 0.084375
0 0.421875 0.130469 0.034375 0.042188
0 0.869531 0.724219 0.032813 0.042188
0 0.960938 0.077344 0.028125 0.029687
0 0.417969 0.222656 0.035937 0.029687
0 0.267188 0.355469 0.025000 0.054688
1 0.584375 0.902344 0.153125 0.185938
0 0.955469 0.177344 0.089063 0.082812
0 0.169531 0.656250 0.042188 0.059375
0 0.592187 0.143750 0.034375 0.040625
0 0.360156 0.485938 0.114062 0.090625
0 0.849219 0.585938 0.023438 0.028125
0 0.357812 0.368750 0.034375 0.043750
0 0.496094 0.102344 0.032813 0.032813
0 0.370312 0.442188 0.043750 0.037500
0 0.357031 0.560156 0.082812 0.048438
0 0.822656 0.931250 0.042188 0.056250
0 0.817187 0.379688 0.078125 0.065625
0 0.895312 0.395313 0.065625 0.106250
0 0.750781 0.432031 0.082812 0.060937
0 0.586719 0.570312 0.070312 0.071875
0 0.235156 0.853906 0.029687 0.026562
0 0.107813 0.700000 0.062500 0.093750
0 0.442188 0.682031 0.087500 0.126562
0 0.795312 0.452344 0.034375 0.035937
0 0.760156 0.871875 0.039062 0.059375
0 0.232031 0.596094 0.045312 0.060937
0 0.628125 0.774219 0.081250 0.129688
0 0.436719 0.196875 0.023438 0.028125
0 0.800000 0.321875 0.075000 0.059375
0 0.799219 0.245312 0.023438 0.025000
0 0.764062 0.103906 0.284375 0.192188
0 0.798438 0.675000 0.037500 0.056250
0 0.671094 0.446094 0.051562 0.029687
0 0.500781 0.010156 0.020313 0.020313
0 0.381250 0.699219 0.037500 0.057813
0 0.397656 0.835938 0.042188 0.062500
1 0.497656 0.900781 0.154688 0.192188
0 0.198437 0.671094 0.021875 0.020313
0 0.292187 0.666406 0.065625 0.104688
0 0.385156 0.288281 0.070312 0.085938
0 0.713281 0.775781 0.039062 0.054688
0 0.913281 0.045312 0.020313 0.028125
0 0.279687 0.578125 0.059375 0.078125
0 0.480469 0.046875 0.035937 0.037500
0 0.567187 0.274219 0.031250 0.017188
0 0.757812 0.180469 0.084375 0.085938
0 0.303125 0.300781 0.037500 0.045312
0 0.508594 0.626563 0.060937 0.118750
0 0.178906 0.554688 0.054688 0.068750
0 0.621094 0.500781 0.042188 0.060937
0 0.714063 0.051562 0.018750 0.034375
0 0.252344 0.465625 0.057813 0.068750
0 0.992188 0.244531 0.015625 0.035937
0 0.523438 0.307812 0.053125 0.059375
0 0.436719 0.080469 0.023438 0.035937
0 0.701562 0.079687 0.028125 0.037500
0 0.670312 0.875781 0.050000 0.067187
0 0.704688 0.976562 0.084375 0.046875
0 0.573438 0.971094 0.059375 0.057813
0 0.809375 0.040625 0.037500 0.034375
0 0.767969 0.760938 0.042188 0.062500
0 0.384375 0.778906 0.018750 0.029687
0 0.676562 0.649219 0.212500 0.151562
0 0.336719 0.384375 0.035937 0.028125
0 0.356250 0.106250 0.056250 0.050000
0 0.694531 0.243750 0.017188 0.021875
0 0.668750 0.271094 0.037500 0.045312
0 0.412500 0.925781 0.168750 0.148438
0 0.748437 0.810937 0.050000 0.053125
0 0.275000 0.296094 0.025000 0.029687
0 0.522656 0.107813 0.017188 0.018750
0 0.571875 0.217969 0.071875 0.079687
0 0.965625 0.736719 0.037500 0.048438
0 0.966406 0.622656 0.026562 0.039062
0 0.942969 0.782813 0.042188 0.059375
0 0.347656 0.845313 0.045312 0.056250
0 0.341406 0.216406 0.054688 0.057813
0 0.617969 0.356250 0.067187 0.068750
0 0.559375 0.032031 0.059375 0.051562
0 0.564844 0.467187 0.042188 0.059375
0 0.460938 0.021875 0.043750 0.043750
0 0.886719 0.326562 0.101562 0.106250
0 0.539844 0.174219 0.051562 0.064062
0 0.437500 0.785156 0.068750 0.073438
0 0.732812 0.295312 0.046875 0.050000
0 0.180469 0.425000 0.051562 0.084375
0 0.290625 0.457031 0.043750 0.064062
0 0.701562 0.887500 0.046875 0.062500
0 0.561719 0.782031 0.048438 0.067187
0 0.867969 0.845313 0.042188 0.059375
0 0.178906 0.604688 0.029687 0.040625
0 0.239063 0.710156 0.112500 0.092188
0 0.766406 0.235156 0.029687 0.035937
0 0.614062 0.449219 0.043750 0.029687
