0 0.024219 0.063992 0.048438 0.037359
0 0.167187 0.510938 0.075000 0.037500
0 0.526563 0.093750 0.059375 0.071875
0 0.040625 0.646875 0.081250 0.071875
0 0.860156 0.397656 0.145313 0.179688
0 0.310937 0.592187 0.043750 0.034375
0 0.066406 0.555469 0.042188 0.026562
0 0.453906 0.128125 0.045312 0.021875
0 0.099016 0.017156 0.069906 0.034313
0 0.500000 0.010156 0.146875 0.020313
0 0.886719 0.836719 0.185938 0.151562
0 0.090625 0.132812 0.034375 0.025000
0 0.024484 0.180438 0.048969 0.064000
0 0.066406 0.796094 0.042188 0.029687
0 0.641406 0.313281 0.039062 0.026562
0 0.394531 0.424219 0.170313 0.135937
0 0.390625 0.272656 0.143750 0.154688
0 0.241406 0.249219 0.170313 0.117188
0 0.896875 0.057031 0.078125 0.073438
0 0.121875 0.761719 0.034375 0.026562
0 0.035156 0.407031 0.054688 0.039062
0 0.728125 0.178906 0.059375 0.104688
0 0.940625 0.485156 0.053125 0.070312
0 0.173437 0.825781 0.037500 0.026562
0 0.925781 0.210938 0.057813 0.037500
0 0.986328 0.546438 0.028906 0.039750
0 0.447656 0.805469 0.145313 0.110937
0 0.391406 0.592969 0.070312 0.107813
0 0.260156 0.357812 0.048438 0.053125
0 0.247656 0.434375 0.095312 0.068750
0 0.013617 0.261680 0.027234 0.038984
0 0.068750 0.362500 0.065625 0.034375
0 0.618750 0.020313 0.081250 0.040625
0 0.100000 0.571875 0.040625 0.043750
0 0.346094 0.147656 0.079687 0.114062
0 0.834375 0.068750 0.053125 0.037500
0 0.976562 0.444531 0.040625 0.092188
0 0.129688 0.419531 0.053125 0.070312
0 0.666406 0.275781 0.035937 0.026562
0 0.559375 0.327344 0.028125 0.026562
0 0.678125 0.167969 0.090625 0.051562
0 0.082031 0.878125 0.098437 0.071875
0 0.235156 0.003906 0.026562 0.007812
0 0.621875 0.103125 0.059375 0.040625
0 0.036719 0.718547 0.073438 0.068344
0 0.542188 0.402344 0.096875 0.095312
0 0.136719 0.272656 0.039062 0.029687
0 0.182812 0.548438 0.040625 0.031250
0 0.046875 0.584375 0.046875 0.034375
0 0.562500 0.459375 0.028125 0.025000
0 0.561719 0.193750 0.023438 0.018750
0 0.507812 0.271094 0.093750 0.101562
0 0.482031 0.616406 0.023438 0.026562
0 0.844531 0.007031 0.082812 0.014063
0 0.971875 0.101562 0.050000 0.065625
0 0.714844 0.064844 0.101562 0.082812
0 0.410938 0.113281 0.087500 0.107813
0 0.757031 0.320312 0.148438 0.187500
0 0.166406 0.077344 0.032813 0.032813
0 0.161719 0.655469 0.204687 0.126562
