0 0.580469 0.659375 0.173437 0.146875
0 0.685156 0.233594 0.029687 0.026562
0 0.228125 0.590625 0.028125 0.034375
0 0.748437 0.601562 0.043750 0.053125
0 0.310937 0.526563 0.068750 0.034375
0 0.718750 0.925781 0.181250 0.114062
0 0.424219 0.465625 0.026562 0.031250
0 0.297656 0.730469 0.054688 0.067187
0 0.356250 0.803125 0.112500 0.143750
0 0.760156 0.754687 0.029687 0.037500
0 0.367969 0.369531 0.110937 0.098437
0 0.411719 0.626563 0.051562 0.065625
0 0.362500 0.493750 0.018750 0.025000
0 0.811719 0.611719 0.060937 0.079687
0 0.849219 0.770312 0.048438 0.065625
0 0.446094 0.796094 0.067187 0.076563
0 0.077344 0.752344 0.101562 0.151562
0 0.678906 0.640625 0.060937 0.075000
0 0.197656 0.834375 0.057813 0.065625
0 0.584375 0.432031 0.125000 0.067187
0 0.783594 0.297656 0.029687 0.051562
0 0.771094 0.548438 0.073438 0.050000
0 0.392969 0.891406 0.057813 0.067187
0 0.306250 0.459375 0.046875 0.053125
0 0.202344 0.315625 0.032813 0.037500
0 0.330469 0.392188 0.045312 0.028125
0 0.144531 0.340625 0.035937 0.037500
0 0.547656 0.265625 0.064062 0.081250
0 0.113281 0.935937 0.101562 0.128125
0 0.253125 0.271094 0.037500 0.026562
0 0.274219 0.299219 0.039062 0.045312
0 0.763281 0.650781 0.051562 0.089063
0 0.385156 0.421875 0.026562 0.031250
0 0.112500 0.489063 0.053125 0.056250
0 0.375781 0.543750 0.035937 0.040625
0 0.853906 0.715625 0.039062 0.040625
0 0.336719 0.430469 0.051562 0.054688
0 0.516406 0.865625 0.039062 0.046875
0 0.292969 0.432812 0.035937 0.031250
0 0.487500 0.814063 0.056250 0.053125
0 0.368750 0.709375 0.100000 0.103125
0 0.559375 0.829688 0.062500 0.084375
0 0.617969 0.739062 0.042188 0.053125
0 0.277344 0.517969 0.048438 0.042188
0 0.766406 0.792188 0.023438 0.028125
0 0.575781 0.388281 0.029687 0.042188
0 0.497656 0.929688 0.067187 0.068750
0 0.800000 0.704688 0.043750 0.056250
0 0.324219 0.969531 0.064062 0.060937
0 0.182031 0.940625 0.101562 0.112500
0 0.137500 0.406250 0.100000 0.087500
0 0.442969 0.853906 0.054688 0.054688
0 0.460156 0.967969 0.057813 0.054688
0 0.278906 0.722656 0.057813 0.070312
0 0.264062 0.850000 0.053125 0.071875
0 0.305469 0.341406 0.039062 0.045312
0 0.071875 0.876563 0.034375 0.059375
0 0.487500 0.755469 0.062500 0.070312
0 0.849219 0.669531 0.039062 0.039062
0 0.427344 0.747656 0.029687 0.045312
0 0.648438 0.385937 0.046875 0.050000
0 0.776563 0.849219 0.062500 0.110937
0 0.220312 0.671875 0.043750 0.046875
0 0.663281 0.747656 0.045312 0.057813
0 0.610156 0.325781 0.076563 0.085938
0 0.267969 0.392188 0.035937 0.031250
0 0.470313 0.306250 0.028125 0.031250
0 0.120313 0.813281 0.053125 0.067187
0 0.728125 0.573438 0.031250 0.040625
0 0.657813 0.426563 0.046875 0.062500
0 0.540625 0.340625 0.037500 0.053125
0 0.517969 0.324219 0.023438 0.039062
0 0.492188 0.392969 0.028125 0.032813
0 0.385937 0.485938 0.031250 0.031250
0 0.372656 0.456250 0.035937 0.037500
0 0.294531 0.402344 0.032813 0.032813
0 0.243750 0.362500 0.037500 0.046875
0 0.232813 0.339062 0.056250 0.043750
0 0.431250 0.285156 0.021875 0.029687
1 0.335938 0.278125 0.096875 0.062500
1 0.496875 0.260156 0.090625 0.060937
1 0.610156 0.224219 0.076563 0.026562
1 0.647656 0.852344 0.432812 0.295312
1 0.600000 0.426563 0.446875 0.212500
1 0.366406 0.627344 0.304688 0.239063
1 0.190625 0.603906 0.193750 0.129688
