0 0.164844 0.685937 0.073438 0.059375
0 0.375000 0.191406 0.162500 0.204687
0 0.152344 0.087500 0.067187 0.043750
0 0.225781 0.089844 0.098437 0.070312
0 0.082812 0.297656 0.143750 0.264062
0 0.022656 0.918750 0.045312 0.031250
0 0.288281 0.305469 0.214062 0.123438
0 0.904687 0.543750 0.190625 0.240625
0 0.026562 0.681250 0.053125 0.218750
0 0.528125 0.297656 0.050000 0.057813
0 0.951562 0.201563 0.090625 0.068750
0 0.428125 0.787500 0.081250 0.053125
0 0.433594 0.352344 0.057813 0.057813
0 0.167969 0.451562 0.151562 0.187500
0 0.499219 0.945312 0.173437 0.109375
0 0.478906 0.160156 0.170313 0.220312
0 0.230469 0.910156 0.226562 0.135937
0 0.225000 0.652344 0.065625 0.067187
0 0.110156 0.712500 0.101562 0.087500
0 0.860938 0.324219 0.278125 0.270313
0 0.586719 0.850781 0.101562 0.079687
0 0.231250 0.026562 0.140625 0.053125
0 0.054688 0.517188 0.109375 0.193750
0 0.224219 0.569531 0.110937 0.095312
0 0.341406 0.857031 0.248438 0.145313
0 0.185156 0.023438 0.039062 0.031250
0 0.813281 0.414844 0.079687 0.085938
0 0.202344 0.202344 0.076563 0.045312
0 0.438281 0.658594 0.064062 0.076563
0 0.035937 0.833594 0.071875 0.076563
0 0.281250 0.786719 0.050000 0.026562
0 0.666406 0.676562 0.107813 0.084375
0 0.840625 0.742188 0.140625 0.187500
0 0.691406 0.113281 0.307812 0.217188
