0 0.560156 0.152344 0.089063 0.092188
0 0.772461 0.364289 0.029297 0.072328
0 0.754687 0.743750 0.040625 0.043750
0 0.113281 0.610938 0.045312 0.031250
0 0.637500 0.647656 0.034375 0.048438
0 0.375781 0.703125 0.017188 0.018750
0 0.825000 0.738367 0.081250 0.048609
0 0.859375 0.267188 0.053125 0.050000
0 0.014063 0.214062 0.028125 0.034375
0 0.675781 0.859375 0.029687 0.028125
0 0.728906 0.863281 0.017188 0.020313
0 0.989062 0.344531 0.021875 0.029687
0 0.625000 0.588281 0.021875 0.020313
0 0.664844 0.945312 0.020313 0.021875
0 0.844531 0.917969 0.060937 0.039062
0 0.170313 0.907031 0.053125 0.082812
0 0.088281 0.278125 0.026562 0.034375
0 0.246875 0.293750 0.015625 0.012500
0 0.334531 0.548695 0.037812 0.038016
0 0.297656 0.570312 0.032813 0.078125
0 0.683594 0.833594 0.020313 0.026562
0 0.126562 0.717187 0.100000 0.090625
0 0.581250 0.361719 0.053125 0.073438
0 0.385937 0.641406 0.015625 0.014063
0 0.272500 0.807867 0.010625 0.015734
0 0.656250 0.557031 0.015625 0.017188
0 0.880469 0.829688 0.054688 0.031250
0 0.027344 0.520312 0.048438 0.043750
0 0.019531 0.735156 0.039062 0.051562
0 0.034375 0.336719 0.040625 0.029687
0 0.359375 0.157812 0.031250 0.046875
0 0.332031 0.442969 0.039062 0.048438
0 0.642188 0.571875 0.018750 0.015625
0 0.584375 0.414062 0.037500 0.034375
0 0.664062 0.217969 0.025000 0.020313
0 0.335938 0.489063 0.034375 0.034375
0 0.303906 0.424219 0.029687 0.039062
0 0.075781 0.652344 0.101562 0.110937
0 0.646875 0.748437 0.028125 0.037500
0 0.204687 0.314844 0.018750 0.017188
0 0.368750 0.252344 0.028125 0.035937
0 0.711719 0.266406 0.054688 0.070312
0 0.857031 0.371094 0.017188 0.014063
0 0.286719 0.357031 0.064062 0.070312
0 0.924219 0.834375 0.026562 0.028125
0 0.219531 0.383594 0.076563 0.054688
0 0.056250 0.760938 0.046875 0.028125
0 0.795312 0.484375 0.037500 0.040625
0 0.382812 0.742969 0.015625 0.014063
0 0.035937 0.550781 0.040625 0.035937
0 0.326562 0.403125 0.021875 0.025000
0 0.405469 0.909375 0.017188 0.021875
0 0.499219 0.532813 0.023438 0.028125
0 0.746875 0.976562 0.021875 0.028125
0 0.678906 0.296094 0.042188 0.039062
0 0.769531 0.528125 0.017188 0.018750
0 0.497656 0.982812 0.026562 0.021875
0 0.532813 0.421875 0.084375 0.096875
0 0.400000 0.585156 0.084375 0.095312
0 0.085156 0.850000 0.017188 0.018750
0 0.545312 0.250781 0.043750 0.039062
0 0.593750 0.612500 0.046875 0.062500
0 0.824219 0.550000 0.017188 0.018750
0 0.678906 0.625781 0.039062 0.060937
0 0.412500 0.704688 0.018750 0.015625
0 0.200000 0.520312 0.075000 0.121875
0 0.692187 0.978906 0.021875 0.026562
0 0.780469 0.406250 0.023438 0.028125
0 0.335156 0.371875 0.035937 0.034375
0 0.165625 0.493750 0.025000 0.046875
0 0.246875 0.217188 0.021875 0.034375
0 0.003125 0.338281 0.006250 0.026562
0 0.653125 0.689844 0.050000 0.042188
0 0.360938 0.321875 0.025000 0.028125
0 0.892969 0.607031 0.070312 0.076563
0 0.014063 0.614062 0.028125 0.046875
0 0.295312 0.677344 0.053125 0.060937
0 0.221875 0.426563 0.028125 0.025000
0 0.340625 0.253125 0.059375 0.096875
0 0.482031 0.595313 0.064062 0.078125
0 0.283594 0.260937 0.054688 0.075000
0 0.257812 0.146875 0.071875 0.065625
0 0.195312 0.273438 0.025000 0.031250
0 0.150781 0.321875 0.029687 0.031250
0 0.504687 0.069531 0.040625 0.039062
0 0.962500 0.592781 0.071875 0.041813
0 0.328125 0.800781 0.018750 0.026562
0 0.655469 0.489844 0.051562 0.082812
0 0.235156 0.734375 0.032813 0.037500
0 0.814063 0.689844 0.040625 0.048438
0 0.750000 0.210156 0.034375 0.032813
0 0.461719 0.145313 0.023438 0.021875
0 0.485938 0.457031 0.046875 0.051562
0 0.597656 0.452344 0.032813 0.026562
0 0.538281 0.506250 0.060937 0.059375
0 0.732812 0.491406 0.031250 0.095312
0 0.415625 0.492188 0.121875 0.121875
0 0.722656 0.952344 0.023438 0.026562
0 0.234375 0.344531 0.034375 0.029687
0 0.636719 0.370312 0.073438 0.118750
0 0.243750 0.883594 0.059375 0.076563
0 0.785156 0.592969 0.067187 0.064062
0 0.203125 0.759375 0.050000 0.065625
0 0.470313 0.164062 0.021875 0.021875
0 0.553906 0.942187 0.039062 0.046875
0 0.111719 0.214062 0.048438 0.096875
0 0.163281 0.235937 0.026562 0.034375
0 0.666406 0.575000 0.020313 0.021875
0 0.440625 0.946875 0.046875 0.053125
0 0.289844 0.946875 0.045312 0.065625
0 0.900781 0.365625 0.057813 0.031250
0 0.816406 0.507812 0.035937 0.037500
0 0.790625 0.289062 0.028125 0.031250
0 0.341406 0.597656 0.035937 0.042188
0 0.714844 0.620313 0.032813 0.031250
0 0.048438 0.315625 0.031250 0.034375
0 0.748437 0.828125 0.025000 0.025000
0 0.432812 0.633594 0.040625 0.054688
0 0.368750 0.817187 0.015625 0.018750
0 0.092969 0.475781 0.098437 0.160938
0 0.991406 0.889844 0.017188 0.045312
0 0.878906 0.447656 0.023438 0.020313
0 0.925000 0.334375 0.053125 0.034375
0 0.759375 0.665625 0.025000 0.028125
0 0.370312 0.403906 0.050000 0.048438
0 0.953906 0.256250 0.085938 0.093750
0 0.306250 0.520312 0.031250 0.028125
0 0.465625 0.807813 0.034375 0.037500
0 0.160156 0.437500 0.054688 0.043750
0 0.214844 0.585156 0.010937 0.020313
0 0.553125 0.663281 0.040625 0.064062
0 0.260937 0.441406 0.053125 0.057813
0 0.697656 0.378125 0.060937 0.068750
0 0.317188 0.329688 0.040625 0.034375
0 0.398438 0.086719 0.031250 0.039062
0 0.707812 0.692187 0.056250 0.065625
0 0.389062 0.537500 0.012500 0.012500
0 0.301563 0.474219 0.043750 0.045312
0 0.967969 0.635156 0.060937 0.051562
0 0.699219 0.530469 0.048438 0.123438
0 0.960156 0.396875 0.057813 0.046875
0 0.189062 0.635156 0.056250 0.098437
0 0.846875 0.434375 0.034375 0.034375
0 0.539062 0.095312 0.015625 0.018750
0 0.790625 0.964063 0.025000 0.028125
0 0.634375 0.118750 0.059375 0.034375
0 0.253906 0.539844 0.070312 0.142187
0 0.860156 0.476562 0.023438 0.025000
0 0.722656 0.336719 0.035937 0.035937
0 0.417187 0.378906 0.059375 0.073438
0 0.617188 0.941406 0.021875 0.029687
0 0.619531 0.229687 0.032813 0.106250
0 0.787992 0.344117 0.022859 0.066359
0 0.715398 0.509125 0.037047 0.093250
0 0.485781 0.868961 0.012188 0.037922
1 0.544695 0.419047 0.180016 0.316219
0 0.337602 0.519633 0.034578 0.033016
0 0.070016 0.367836 0.015031 0.020047
1 0.101477 0.464133 0.134203 0.300141
0 0.030531 0.609516 0.020438 0.022156
