0 0.486305 0.143508 0.388234 0.221391
0 0.211719 0.170313 0.095312 0.153125
0 0.600297 0.797562 0.150594 0.113875
0 0.150781 0.039062 0.157812 0.078125
0 0.632031 0.051562 0.076563 0.071875
0 0.111719 0.487500 0.223438 0.134375
0 0.890625 0.432812 0.162500 0.112500
0 0.039062 0.082812 0.075000 0.112500
0 0.843750 0.239844 0.275000 0.257812
0 0.540625 0.669531 0.065625 0.076563
0 0.324609 0.924219 0.142969 0.151562
0 0.127344 0.825000 0.251563 0.350000
0 0.983984 0.741406 0.033594 0.070312
0 0.982422 0.524016 0.036719 0.076156
0 0.416406 0.678070 0.139063 0.146766
0 0.954297 0.887055 0.092969 0.108484
0 0.823438 0.757031 0.140625 0.110937
0 0.750000 0.663281 0.203125 0.135937
0 0.852344 0.932031 0.092188 0.057813
0 0.438281 0.014063 0.151562 0.028125
0 0.539891 0.520625 0.239156 0.222500
0 0.628125 0.946875 0.156250 0.103125
0 0.909375 0.981250 0.159375 0.034375
0 0.172656 0.336719 0.304688 0.179688
0 0.678906 0.092969 0.110937 0.064062
0 0.681250 0.522656 0.065625 0.089063
0 0.988281 0.613914 0.023438 0.068453
0 0.647656 0.009375 0.073438 0.018750
0 0.042188 0.411719 0.084375 0.120313
0 0.895312 0.112500 0.200000 0.150000
0 0.452969 0.870219 0.230938 0.102937
0 0.246305 0.655875 0.173859 0.133625
