0 0.360938 0.108594 0.025000 0.020313
0 0.526563 0.464844 0.040625 0.029687
0 0.157031 0.544531 0.045312 0.042188
0 0.339844 0.692187 0.042188 0.043750
0 0.749219 0.735938 0.051562 0.040625
1 0.885938 0.771094 0.100000 0.117188
0 0.763281 0.793750 0.067187 0.037500
0 0.232813 0.866406 0.081250 0.060937
0 0.078125 0.621094 0.125000 0.098437
0 0.977344 0.320312 0.045312 0.056250
0 0.305469 0.210156 0.045312 0.029687
0 0.305469 0.770312 0.067187 0.046875
1 0.962500 0.543750 0.071875 0.162500
0 0.435937 0.253906 0.046875 0.029687
0 0.125000 0.514844 0.028125 0.020313
0 0.394531 0.142187 0.042188 0.028125
0 0.886719 0.718750 0.079687 0.050000
0 0.273438 0.691406 0.040625 0.035937
0 0.750781 0.263281 0.026562 0.017188
0 0.550000 0.534375 0.040625 0.031250
0 0.218750 0.644531 0.053125 0.048438
0 0.482031 0.410938 0.042188 0.031250
0 0.170313 0.824219 0.065625 0.048438
0 0.594531 0.866406 0.060937 0.048438
0 0.988281 0.373437 0.023438 0.043750
0 0.792188 0.593750 0.021875 0.018750
1 0.083594 0.697656 0.167187 0.129688
0 0.757812 0.058594 0.015625 0.014063
0 0.232031 0.920312 0.076563 0.053125
0 0.401562 0.087500 0.043750 0.028125
0 0.989062 0.082812 0.021875 0.065625
0 0.817969 0.203125 0.064062 0.050000
0 0.926562 0.693750 0.056250 0.040625
0 0.215625 0.692969 0.050000 0.045312
0 0.842187 0.601562 0.046875 0.040625
0 0.827344 0.858594 0.045312 0.035937
0 0.588281 0.424219 0.029687 0.029687
0 0.535156 0.421875 0.035937 0.028125
0 0.365625 0.501563 0.125000 0.190625
0 0.501563 0.742969 0.059375 0.045312
0 0.786719 0.618750 0.026562 0.025000
0 0.962500 0.450781 0.018750 0.017188
0 0.554688 0.489063 0.040625 0.028125
0 0.778906 0.423438 0.079687 0.046875
0 0.771094 0.344531 0.126562 0.104688
0 0.859375 0.389062 0.021875 0.015625
0 0.925000 0.085156 0.137500 0.101562
1 0.946094 0.275781 0.107813 0.079687
0 0.191406 0.568750 0.026562 0.021875
0 0.756250 0.919531 0.050000 0.067187
0 0.385156 0.195312 0.042188 0.028125
0 0.027344 0.372656 0.045312 0.048438
0 0.350000 0.271094 0.037500 0.029687
0 0.553125 0.090625 0.043750 0.028125
0 0.892969 0.591406 0.060937 0.048438
0 0.611719 0.645312 0.148438 0.118750
0 0.487500 0.623437 0.043750 0.025000
0 0.483594 0.668750 0.045312 0.028125
0 0.216406 0.499219 0.060937 0.048438
0 0.397656 0.731250 0.095312 0.115625
0 0.267969 0.815625 0.070312 0.059375
0 0.982812 0.668750 0.018750 0.031250
0 0.684375 0.584375 0.100000 0.078125
0 0.766406 0.388281 0.029687 0.026562
0 0.284375 0.184375 0.021875 0.021875
0 0.459375 0.598437 0.040625 0.028125
0 0.496094 0.268750 0.039062 0.028125
0 0.148438 0.692187 0.062500 0.062500
0 0.521094 0.554688 0.042188 0.028125
0 0.835938 0.360938 0.021875 0.015625
0 0.328125 0.130469 0.028125 0.023438
0 0.220312 0.543750 0.050000 0.059375
0 0.473438 0.800000 0.090625 0.112500
0 0.445312 0.433594 0.043750 0.035937
0 0.802344 0.555469 0.060937 0.045312
0 0.103125 0.434375 0.165625 0.137500
0 0.566406 0.173437 0.045312 0.031250
0 0.549219 0.827344 0.042188 0.039062
0 0.780469 0.667969 0.035937 0.035937
0 0.400781 0.413281 0.029687 0.039062
1 0.671875 0.523438 0.221875 0.193750
0 0.782813 0.766406 0.071875 0.042188
0 0.375000 0.583594 0.025000 0.017188
0 0.110156 0.267188 0.076563 0.050000
0 0.067969 0.229687 0.057813 0.031250
0 0.109375 0.206250 0.028125 0.021875
0 0.171875 0.126562 0.021875 0.040625
0 0.927344 0.275000 0.026562 0.021875
1 0.914062 0.478125 0.087500 0.181250
1 0.856250 0.481250 0.093750 0.184375
