0 0.312500 0.763281 0.034375 0.048438
0 0.389062 0.659375 0.015625 0.021875
0 0.431250 0.403125 0.062500 0.050000
0 0.373437 0.592187 0.031250 0.046875
0 0.112500 0.695312 0.040625 0.065625
0 0.559375 0.741406 0.068750 0.070312
0 0.306250 0.658594 0.025000 0.035937
0 0.520312 0.349219 0.040625 0.064062
0 0.324219 0.876563 0.139063 0.168750
0 0.578125 0.135156 0.065625 0.073438
0 0.144531 0.710156 0.035937 0.048438
0 0.732812 0.464844 0.025000 0.032813
0 0.771094 0.608594 0.057813 0.054688
0 0.289844 0.614844 0.067187 0.073438
0 0.732031 0.860938 0.085938 0.096875
0 0.756250 0.028906 0.037500 0.054688
0 0.431250 0.267188 0.068750 0.065625
0 0.225781 0.517969 0.035937 0.048438
0 0.680469 0.563281 0.029687 0.035937
0 0.504687 0.119531 0.068750 0.076563
0 0.225781 0.195312 0.057813 0.062500
0 0.257812 0.398438 0.050000 0.046875
0 0.200781 0.735156 0.048438 0.060937
0 0.496094 0.420312 0.045312 0.053125
0 0.353906 0.706250 0.042188 0.053125
0 0.824219 0.661719 0.010937 0.014063
0 0.275781 0.545312 0.070312 0.084375
0 0.751563 0.249219 0.025000 0.026562
0 0.338281 0.513281 0.104688 0.110937
0 0.592187 0.318750 0.087500 0.071875
0 0.430469 0.317188 0.048438 0.046875
0 0.804688 0.343750 0.084375 0.084375
0 0.343750 0.043750 0.056250 0.068750
0 0.607812 0.626563 0.140625 0.084375
0 0.343750 0.601562 0.025000 0.043750
0 0.769531 0.004687 0.035937 0.009375
0 0.707031 0.304688 0.092188 0.103125
0 0.853125 0.721875 0.043750 0.087500
0 0.428125 0.965625 0.118750 0.068750
0 0.389844 0.696094 0.042188 0.054688
0 0.107813 0.356250 0.068750 0.075000
0 0.146875 0.316406 0.043750 0.048438
0 0.152344 0.592969 0.107813 0.110937
0 0.180469 0.694531 0.032813 0.035937
0 0.250781 0.727344 0.020313 0.026562
0 0.208594 0.435156 0.029687 0.032813
0 0.306250 0.689844 0.031250 0.026562
0 0.565625 0.262500 0.068750 0.081250
0 0.267969 0.300000 0.042188 0.056250
0 0.453906 0.538281 0.104688 0.120313
0 0.789844 0.648438 0.014063 0.015625
0 0.465625 0.726562 0.046875 0.056250
0 0.471875 0.779687 0.015625 0.021875
0 0.613281 0.696094 0.032813 0.035937
0 0.578125 0.943750 0.125000 0.103125
0 0.293750 0.449219 0.018750 0.023438
0 0.500781 0.675000 0.020313 0.025000
0 0.482031 0.481250 0.073438 0.075000
0 0.225000 0.686719 0.034375 0.048438
0 0.177344 0.673438 0.029687 0.040625
