0 0.735938 0.679688 0.046875 0.034375
0 0.975000 0.556250 0.050000 0.087500
0 0.353125 0.867969 0.065625 0.076563
0 0.983594 0.876563 0.032813 0.056250
0 0.766406 0.553906 0.098437 0.107813
0 0.843750 0.028125 0.040625 0.028125
0 0.975781 0.129688 0.029687 0.031250
0 0.217969 0.900000 0.057813 0.037500
0 0.842187 0.557031 0.043750 0.035937
0 0.343750 0.328125 0.043750 0.056250
0 0.171875 0.713281 0.037500 0.029687
0 0.829688 0.712500 0.071875 0.050000
0 0.857031 0.315625 0.039062 0.034375
0 0.986719 0.689063 0.026562 0.053125
0 0.245312 0.621875 0.196875 0.131250
0 0.461719 0.578125 0.170313 0.165625
0 0.012500 0.271094 0.025000 0.045312
0 0.634375 0.929688 0.059375 0.043750
0 0.610938 0.761719 0.021875 0.014063
0 0.857031 0.264844 0.035937 0.026562
0 0.303906 0.831250 0.085938 0.075000
0 0.617969 0.622656 0.060937 0.039062
0 0.487500 0.970313 0.103125 0.059375
0 0.609375 0.721875 0.056250 0.031250
0 0.956250 0.817969 0.065625 0.045312
0 0.078125 0.692187 0.065625 0.040625
0 0.930469 0.692187 0.070312 0.043750
0 0.837500 0.082031 0.043750 0.029687
0 0.631250 0.452344 0.031250 0.029687
0 0.014063 0.714844 0.021875 0.039062
0 0.885156 0.908594 0.067187 0.042188
0 0.771094 0.458594 0.064062 0.092188
0 0.931250 0.637500 0.037500 0.031250
0 0.103906 0.492969 0.020313 0.014063
0 0.713281 0.457813 0.045312 0.034375
0 0.680469 0.528906 0.085938 0.082812
0 0.991406 0.739062 0.017188 0.018750
0 0.051562 0.075781 0.071875 0.057813
0 0.910937 0.078906 0.034375 0.029687
0 0.946875 0.896094 0.056250 0.045312
0 0.794531 0.871094 0.104688 0.089063
0 0.257812 0.050000 0.059375 0.046875
0 0.545312 0.855469 0.062500 0.042188
0 0.032813 0.817969 0.065625 0.042188
0 0.781250 0.960938 0.053125 0.040625
0 0.145313 0.482812 0.065625 0.075000
0 0.643750 0.696094 0.043750 0.029687
0 0.946875 0.953125 0.046875 0.031250
0 0.871875 0.635938 0.081250 0.046875
0 0.440625 0.307812 0.093750 0.115625
1 0.413281 0.874219 0.192188 0.192188
0 0.888281 0.435937 0.035937 0.037500
0 0.175781 0.267969 0.064062 0.045312
0 0.021875 0.668750 0.034375 0.037500
0 0.616406 0.158594 0.054688 0.029687
0 0.980469 0.952344 0.035937 0.035937
0 0.735938 0.628125 0.037500 0.031250
0 0.470313 0.077344 0.065625 0.035937
0 0.900000 0.971094 0.043750 0.035937
0 0.063281 0.882812 0.076563 0.059375
0 0.820312 0.283594 0.040625 0.039062
0 0.578906 0.334375 0.039062 0.025000
0 0.396094 0.236719 0.098437 0.114062
0 0.550781 0.358594 0.039062 0.023438
0 0.806250 0.207813 0.021875 0.021875
0 0.179688 0.315625 0.068750 0.053125
0 0.735938 0.679688 0.046875 0.034375
0 0.975000 0.556250 0.050000 0.087500
0 0.353125 0.867969 0.065625 0.076563
0 0.983594 0.876563 0.032813 0.056250
0 0.766406 0.553906 0.098437 0.107813
0 0.843750 0.028125 0.040625 0.028125
0 0.975781 0.129688 0.029687 0.031250
0 0.217969 0.900000 0.057813 0.037500
0 0.842187 0.557031 0.043750 0.035937
0 0.343750 0.328125 0.043750 0.056250
0 0.171875 0.713281 0.037500 0.029687
0 0.829688 0.712500 0.071875 0.050000
0 0.857031 0.315625 0.039062 0.034375
0 0.986719 0.689063 0.026562 0.053125
0 0.245312 0.621875 0.196875 0.131250
0 0.461719 0.578125 0.170313 0.165625
0 0.012500 0.271094 0.025000 0.045312
0 0.634375 0.929688 0.059375 0.043750
0 0.610938 0.761719 0.021875 0.014063
0 0.857031 0.264844 0.035937 0.026562
0 0.303906 0.831250 0.085938 0.075000
0 0.617969 0.622656 0.060937 0.039062
0 0.487500 0.970313 0.103125 0.059375
0 0.609375 0.721875 0.056250 0.031250
0 0.956250 0.817969 0.065625 0.045312
0 0.078125 0.692187 0.065625 0.040625
0 0.930469 0.692187 0.070312 0.043750
0 0.837500 0.082031 0.043750 0.029687
0 0.631250 0.452344 0.031250 0.029687
0 0.014063 0.714844 0.021875 0.039062
0 0.885156 0.908594 0.067187 0.042188
0 0.771094 0.458594 0.064062 0.092188
0 0.931250 0.637500 0.037500 0.031250
0 0.103906 0.492969 0.020313 0.014063
0 0.713281 0.457813 0.045312 0.034375
0 0.680469 0.528906 0.085938 0.082812
0 0.991406 0.739062 0.017188 0.018750
0 0.051562 0.075781 0.071875 0.057813
0 0.910937 0.078906 0.034375 0.029687
0 0.946875 0.896094 0.056250 0.045312
0 0.794531 0.871094 0.104688 0.089063
0 0.257812 0.050000 0.059375 0.046875
0 0.545312 0.855469 0.062500 0.042188
0 0.032813 0.817969 0.065625 0.042188
0 0.781250 0.960938 0.053125 0.040625
0 0.145313 0.482812 0.065625 0.075000
0 0.643750 0.696094 0.043750 0.029687
0 0.946875 0.953125 0.046875 0.031250
0 0.871875 0.635938 0.081250 0.046875
0 0.440625 0.307812 0.093750 0.115625
1 0.413281 0.874219 0.192188 0.192188
0 0.888281 0.435937 0.035937 0.037500
0 0.175781 0.267969 0.064062 0.045312
0 0.021875 0.668750 0.034375 0.037500
0 0.616406 0.158594 0.054688 0.029687
0 0.980469 0.952344 0.035937 0.035937
0 0.735938 0.628125 0.037500 0.031250
0 0.470313 0.077344 0.065625 0.035937
0 0.900000 0.971094 0.043750 0.035937
0 0.063281 0.882812 0.076563 0.059375
0 0.820312 0.283594 0.040625 0.039062
0 0.578906 0.334375 0.039062 0.025000
0 0.396094 0.236719 0.098437 0.114062
0 0.550781 0.358594 0.039062 0.023438
0 0.806250 0.207813 0.021875 0.021875
0 0.179688 0.315625 0.068750 0.053125
