0 0.588281 0.250000 0.023438 0.015625
0 0.591406 0.517188 0.045312 0.028125
0 0.392969 0.148438 0.023438 0.028125
0 0.464062 0.153125 0.028125 0.034375
0 0.427344 0.150781 0.017188 0.017188
0 0.621875 0.300000 0.043750 0.034375
0 0.735156 0.088281 0.026562 0.017188
0 0.786719 0.160156 0.023438 0.023438
0 0.644531 0.584375 0.126562 0.065625
0 0.477344 0.219531 0.020313 0.017188
0 0.798438 0.572656 0.059375 0.042188
0 0.405469 0.446094 0.029687 0.023438
0 0.525000 0.453906 0.050000 0.039062
0 0.766406 0.158594 0.023438 0.023438
0 0.572656 0.466406 0.039062 0.035937
0 0.338281 0.889844 0.070312 0.051562
0 0.368750 0.599219 0.021875 0.017188
0 0.300000 0.641406 0.012500 0.017188
0 0.557031 0.368750 0.045312 0.031250
0 0.521094 0.532031 0.085938 0.070312
0 0.328125 0.421875 0.034375 0.040625
0 0.782813 0.357031 0.018750 0.017188
0 0.539844 0.269531 0.026562 0.026562
0 0.591406 0.381250 0.042188 0.034375
0 0.253125 0.645312 0.050000 0.040625
0 0.574219 0.164062 0.020313 0.018750
0 0.793750 0.232813 0.028125 0.028125
0 0.557031 0.499219 0.064062 0.042188
0 0.587500 0.123438 0.021875 0.021875
0 0.645312 0.366406 0.046875 0.045312
0 0.254688 0.611719 0.034375 0.035937
0 0.669531 0.302344 0.035937 0.035937
0 0.491406 0.647656 0.042188 0.032813
0 0.667969 0.514062 0.014063 0.015625
0 0.293750 0.613281 0.031250 0.032813
0 0.441406 0.558594 0.026562 0.023438
0 0.573438 0.232031 0.021875 0.023438
0 0.593750 0.100781 0.021875 0.023438
0 0.389062 0.225000 0.015625 0.015625
0 0.660156 0.396094 0.067187 0.048438
0 0.539844 0.140625 0.017188 0.021875
0 0.641406 0.630469 0.032813 0.023438
0 0.445312 0.337500 0.034375 0.031250
0 0.528125 0.120313 0.015625 0.018750
0 0.218750 0.628125 0.031250 0.031250
0 0.364063 0.400781 0.025000 0.029687
0 0.438281 0.173437 0.017188 0.018750
0 0.764844 0.492969 0.029687 0.020313
0 0.360156 0.471875 0.017188 0.021875
0 0.565625 0.124219 0.021875 0.020313
0 0.549219 0.393750 0.032813 0.028125
0 0.772656 0.134375 0.023438 0.025000
0 0.704688 0.498437 0.018750 0.015625
0 0.764062 0.110156 0.012500 0.014063
0 0.753125 0.781250 0.100000 0.078125
0 0.500781 0.113281 0.048438 0.029687
0 0.347656 0.520312 0.026562 0.025000
0 0.414844 0.483594 0.014063 0.014063
0 0.365625 0.572656 0.059375 0.045312
0 0.687500 0.147656 0.050000 0.045312
0 0.649219 0.089844 0.020313 0.010937
0 0.432812 0.521094 0.078125 0.064062
0 0.708594 0.546875 0.029687 0.021875
0 0.446094 0.392188 0.026562 0.034375
0 0.532031 0.225000 0.029687 0.028125
0 0.821875 0.413281 0.071875 0.060937
0 0.550000 0.166406 0.021875 0.023438
0 0.750781 0.389844 0.064062 0.064062
0 0.550000 0.247656 0.015625 0.014063
0 0.547656 0.185156 0.017188 0.020313
0 0.578125 0.207031 0.021875 0.023438
0 0.786719 0.254688 0.020313 0.021875
0 0.560156 0.144531 0.017188 0.017188
0 0.637500 0.170313 0.021875 0.021875
0 0.610938 0.121875 0.034375 0.037500
0 0.588281 0.189844 0.014063 0.017188
0 0.453906 0.115625 0.026562 0.025000
0 0.635156 0.525000 0.017188 0.015625
0 0.200000 0.612500 0.040625 0.037500
0 0.414062 0.566406 0.028125 0.032813
0 0.376563 0.534375 0.043750 0.043750
0 0.269531 0.559375 0.089063 0.059375
0 0.497656 0.221094 0.017188 0.017188
1 0.279687 0.810156 0.053125 0.070312
0 0.577344 0.650000 0.060937 0.034375
0 0.889062 0.638281 0.046875 0.042188
0 0.856250 0.612500 0.015625 0.012500
0 0.821094 0.600000 0.017188 0.012500
0 0.488281 0.106250 0.020313 0.015625
0 0.535937 0.617188 0.015625 0.012500
