0 0.198437 0.868062 0.028125 0.039250
0 0.604203 0.571023 0.061531 0.057672
0 0.753125 0.083594 0.059375 0.120313
0 0.804688 0.490625 0.028125 0.028125
0 0.235937 0.787500 0.034375 0.034375
0 0.794531 0.759375 0.029687 0.015625
0 0.121875 0.685937 0.021875 0.028125
0 0.018086 0.299266 0.036172 0.064156
0 0.401562 0.196875 0.075000 0.075000
0 0.851562 0.546875 0.046875 0.034375
0 0.048695 0.371875 0.097391 0.081250
0 0.871438 0.645195 0.052250 0.052891
0 0.698438 0.175000 0.046875 0.084375
0 0.352227 0.618242 0.054453 0.055234
0 0.590625 0.756250 0.037500 0.046875
0 0.534375 0.650000 0.056250 0.046875
0 0.850781 0.365625 0.032813 0.031250
0 0.721094 0.311437 0.026562 0.029125
0 0.260937 0.545797 0.034375 0.032219
0 0.893750 0.792188 0.018750 0.018750
0 0.796094 0.558594 0.042188 0.070312
0 0.538305 0.199828 0.145359 0.140281
0 0.293750 0.262500 0.140625 0.140625
0 0.082258 0.438414 0.089516 0.070578
0 0.953125 0.638281 0.015625 0.020313
0 0.520703 0.555555 0.044531 0.032984
0 0.978906 0.326562 0.029687 0.031250
0 0.908594 0.187500 0.032813 0.034375
0 0.956250 0.171094 0.025000 0.048438
0 0.973437 0.598437 0.018750 0.050000
0 0.802914 0.648227 0.058953 0.055828
0 0.857812 0.432031 0.021875 0.045312
0 0.685156 0.370312 0.064062 0.053125
0 0.234375 0.387500 0.090625 0.159375
0 0.503125 0.658594 0.034375 0.035937
0 0.977344 0.831250 0.045312 0.087500
0 0.153906 0.726562 0.045312 0.037500
0 0.179688 0.300781 0.046875 0.042188
0 0.927344 0.510156 0.035937 0.073438
0 0.564063 0.454688 0.059375 0.050000
0 0.971875 0.559375 0.012500 0.021875
0 0.492188 0.505469 0.031250 0.039062
0 0.830992 0.401062 0.027609 0.092750
0 0.184188 0.160586 0.049625 0.046172
0 0.824219 0.463281 0.029687 0.032813
0 0.493750 0.302016 0.059375 0.072781
0 0.497828 0.109297 0.039406 0.034219
0 0.308594 0.372656 0.098437 0.076563
0 0.642188 0.509375 0.059375 0.053125
0 0.307031 0.421875 0.032813 0.021875
0 0.828125 0.134375 0.043750 0.087500
0 0.434375 0.432031 0.046875 0.035937
0 0.535937 0.585938 0.040625 0.031250
0 0.813977 0.686633 0.071703 0.048266
0 0.723437 0.044531 0.043750 0.051562
0 0.870187 0.588945 0.056000 0.027891
0 0.972656 0.403906 0.026562 0.070312
0 0.091406 0.679688 0.039062 0.043750
0 0.250781 0.700781 0.035937 0.039062
0 0.792188 0.622656 0.031250 0.020313
0 0.936719 0.726562 0.010937 0.015625
0 0.985547 0.237500 0.030469 0.053125
0 0.585719 0.490820 0.071438 0.050391
0 0.133594 0.325781 0.048438 0.045312
0 0.941750 0.373047 0.033500 0.099219
0 0.253906 0.597656 0.035937 0.026562
0 0.814523 0.589406 0.029047 0.028813
0 0.616406 0.764844 0.020313 0.020313
0 0.932031 0.607812 0.023438 0.031250
0 0.011258 0.151523 0.022516 0.037422
0 0.716406 0.250000 0.048438 0.081250
0 0.951562 0.781250 0.028125 0.040625
0 0.096875 0.898438 0.025000 0.031250
0 0.414594 0.277875 0.072938 0.074500
0 0.674219 0.257812 0.020313 0.021875
0 0.777852 0.250602 0.036953 0.076203
0 0.422656 0.017969 0.054688 0.035937
0 0.759375 0.285156 0.031250 0.048438
0 0.866586 0.114773 0.036297 0.057672
0 0.119531 0.242625 0.048438 0.044625
0 0.941406 0.464062 0.017188 0.031250
0 0.185156 0.449219 0.026562 0.020313
0 0.478125 0.591406 0.021875 0.014063
0 0.829688 0.022656 0.037500 0.045312
0 0.960938 0.473547 0.034375 0.097094
0 0.788281 0.185156 0.042188 0.076563
0 0.521875 0.528906 0.018750 0.017188
0 0.888281 0.411719 0.017188 0.020313
0 0.917188 0.636719 0.021875 0.020313
0 0.914062 0.587500 0.021875 0.028125
0 0.970313 0.693750 0.050000 0.134375
0 0.928125 0.762500 0.009375 0.018750
0 0.878125 0.259375 0.059375 0.056250
0 0.992969 0.529687 0.010937 0.028125
0 0.982812 0.152055 0.034375 0.100984
0 0.718750 0.892969 0.046875 0.042188
0 0.953906 0.076563 0.032813 0.037500
0 0.895383 0.736469 0.028266 0.041688
0 0.869070 0.740391 0.035016 0.024531
0 0.849727 0.719805 0.036953 0.039609
0 0.880664 0.706789 0.014453 0.013578
1 0.917141 0.707234 0.031156 0.073844
0 0.868688 0.464633 0.018625 0.038641
0 0.924414 0.325414 0.014453 0.016453
0 0.905055 0.310516 0.038234 0.024156
0 0.927008 0.283320 0.010266 0.016641
0 0.975508 0.277000 0.026016 0.035250
0 0.788430 0.008375 0.011234 0.016750
0 0.741586 0.345656 0.023797 0.044438
0 0.755711 0.325945 0.017672 0.020641
0 0.771734 0.345352 0.046594 0.056328
0 0.759172 0.548773 0.030844 0.022547
0 0.751578 0.534734 0.012531 0.013219
0 0.915031 0.614984 0.014438 0.023719
0 0.748336 0.743133 0.071672 0.048766
0 0.720367 0.753555 0.059484 0.050859
0 0.582164 0.692180 0.054953 0.024984
0 0.515055 0.707562 0.048859 0.052625
0 0.566281 0.595961 0.013813 0.010672
0 0.561281 0.541312 0.047563 0.051375
0 0.419664 0.506555 0.111203 0.109984
0 0.010789 0.537242 0.021578 0.024484
0 0.317883 0.486195 0.017016 0.016141
0 0.588727 0.038742 0.086828 0.077484
0 0.669125 0.069781 0.082000 0.139562
0 0.589227 0.138656 0.078453 0.077312
0 0.567320 0.393055 0.053391 0.054859
0 0.627844 0.341047 0.111937 0.097719
0 0.730398 0.500563 0.013922 0.010500
0 0.716828 0.547367 0.077406 0.085359
0 0.703500 0.569297 0.016375 0.032344
1 0.674656 0.596484 0.036812 0.055469
1 0.727320 0.514945 0.170266 0.214266
1 0.851250 0.567453 0.121250 0.231781
1 0.881352 0.290156 0.125203 0.267813
0 0.514820 0.764922 0.045266 0.061094
