0 0.703906 0.531250 0.017188 0.015625
0 0.225781 0.655469 0.051562 0.039062
0 0.953125 0.312500 0.012500 0.009375
0 0.578125 0.621875 0.037500 0.046875
0 0.568750 0.217188 0.028125 0.025000
0 0.411719 0.730469 0.170313 0.148438
0 0.678906 0.501563 0.079687 0.071875
0 0.262500 0.339844 0.028125 0.020313
0 0.021875 0.721875 0.043750 0.046875
0 0.454688 0.479687 0.203125 0.109375
0 0.950000 0.632031 0.093750 0.151562
0 0.632812 0.380469 0.109375 0.089063
0 0.814063 0.092969 0.025000 0.023438
0 0.312500 0.819531 0.062500 0.045312
0 0.544531 0.607031 0.073438 0.064062
0 0.706250 0.401562 0.050000 0.043750
0 0.955469 0.541406 0.020313 0.017188
0 0.419531 0.851562 0.139063 0.090625
0 0.876563 0.217969 0.021875 0.020313
0 0.903125 0.504687 0.118750 0.218750
0 0.360156 0.401562 0.073438 0.078125
0 0.507812 0.732031 0.037500 0.048438
0 0.789844 0.717969 0.054688 0.042188
0 0.938281 0.900781 0.060937 0.054688
0 0.164844 0.657031 0.039062 0.035937
0 0.046875 0.379688 0.084375 0.150000
0 0.974219 0.484375 0.051562 0.087500
0 0.939844 0.714844 0.035937 0.032813
0 0.436719 0.639062 0.060937 0.043750
0 0.102344 0.004687 0.026562 0.009375
0 0.062500 0.482812 0.040625 0.037500
0 0.417969 0.420312 0.032813 0.025000
0 0.253125 0.469531 0.156250 0.082812
0 0.577344 0.662500 0.042188 0.034375
0 0.126562 0.278906 0.053125 0.035937
0 0.039844 0.189844 0.029687 0.026562
0 0.810156 0.864062 0.076563 0.062500
0 0.034375 0.508594 0.050000 0.039062
0 0.015625 0.578125 0.031250 0.046875
0 0.942187 0.233594 0.021875 0.017188
0 0.446094 0.354687 0.026562 0.025000
0 0.731250 0.707812 0.053125 0.062500
0 0.916406 0.073438 0.023438 0.015625
0 0.641406 0.072656 0.023438 0.020313
0 0.061719 0.052344 0.045312 0.032813
0 0.068750 0.629687 0.062500 0.046875
0 0.048438 0.792969 0.096875 0.082812
0 0.534375 0.428906 0.037500 0.042188
0 0.639062 0.575000 0.140625 0.103125
0 0.342187 0.662500 0.112500 0.093750
0 0.920312 0.333594 0.040625 0.054688
0 0.289844 0.758594 0.064062 0.054688
0 0.982812 0.264062 0.034375 0.037500
0 0.864062 0.358594 0.012500 0.014063
0 0.840625 0.436719 0.018750 0.017188
0 0.805469 0.820312 0.035937 0.021875
0 0.131250 0.711719 0.150000 0.110937
0 0.369531 0.135156 0.039062 0.035937
0 0.537500 0.382812 0.043750 0.050000
0 0.884375 0.715625 0.075000 0.053125
0 0.781250 0.474219 0.040625 0.045312
0 0.854688 0.211719 0.028125 0.023438
0 0.617969 0.221094 0.045312 0.042188
0 0.199219 0.696094 0.054688 0.035937
0 0.019531 0.673438 0.039062 0.046875
0 0.938281 0.398438 0.014063 0.018750
0 0.131250 0.432031 0.115625 0.123438
0 0.660937 0.287500 0.106250 0.103125
0 0.894531 0.666406 0.057813 0.054688
0 0.455469 0.152344 0.029687 0.029687
0 0.039844 0.250000 0.042188 0.037500
0 0.315625 0.723437 0.053125 0.031250
0 0.731250 0.801562 0.053125 0.043750
0 0.571875 0.828125 0.225000 0.153125
0 0.161719 0.560156 0.179688 0.145313
0 0.392188 0.552344 0.121875 0.154688
0 0.992969 0.284375 0.014063 0.012500
0 0.775000 0.514062 0.050000 0.046875
0 0.518750 0.572656 0.059375 0.048438
0 0.572656 0.169531 0.023438 0.020313
0 0.815625 0.576562 0.056250 0.056250
0 0.943750 0.757031 0.071875 0.057813
0 0.958594 0.853906 0.029687 0.035937
0 0.016406 0.626563 0.032813 0.050000
0 0.063281 0.113281 0.042188 0.029687
0 0.503906 0.312500 0.089063 0.084375
0 0.724219 0.874219 0.092188 0.054688
0 0.940625 0.357812 0.021875 0.031250
0 0.978906 0.417187 0.042188 0.031250
0 0.949219 0.423438 0.017188 0.021875
0 0.832812 0.082031 0.012500 0.014063
0 0.855469 0.177344 0.010937 0.017188
0 0.882812 0.247656 0.021875 0.039062
0 0.904687 0.257031 0.025000 0.023438
0 0.896875 0.234375 0.009375 0.009375
0 0.906250 0.278906 0.021875 0.026562
0 0.914844 0.301563 0.023438 0.021875
0 0.904687 0.317969 0.012500 0.014063
1 0.964063 0.483594 0.071875 0.210938
0 0.966406 0.819531 0.014063 0.026562
0 0.957812 0.816406 0.021875 0.032813
0 0.682813 0.242188 0.131250 0.150000
1 0.893750 0.099219 0.150000 0.142187
0 0.384375 0.463281 0.075000 0.048438
0 0.242969 0.415625 0.032813 0.031250
0 0.089063 0.300000 0.053125 0.034375
0 0.060937 0.303125 0.040625 0.034375
0 0.703906 0.531250 0.017188 0.015625
0 0.225781 0.655469 0.051562 0.039062
0 0.953125 0.312500 0.012500 0.009375
0 0.578125 0.621875 0.037500 0.046875
0 0.568750 0.217188 0.028125 0.025000
0 0.411719 0.730469 0.170313 0.148438
0 0.678906 0.501563 0.079687 0.071875
0 0.262500 0.339844 0.028125 0.020313
0 0.021875 0.721875 0.043750 0.046875
0 0.454688 0.479687 0.203125 0.109375
0 0.950000 0.632031 0.093750 0.151562
0 0.632812 0.380469 0.109375 0.089063
0 0.814063 0.092969 0.025000 0.023438
0 0.312500 0.819531 0.062500 0.045312
0 0.544531 0.607031 0.073438 0.064062
0 0.706250 0.401562 0.050000 0.043750
0 0.955469 0.541406 0.020313 0.017188
0 0.419531 0.851562 0.139063 0.090625
0 0.876563 0.217969 0.021875 0.020313
0 0.903125 0.504687 0.118750 0.218750
0 0.360156 0.401562 0.073438 0.078125
0 0.507812 0.732031 0.037500 0.048438
0 0.789844 0.717969 0.054688 0.042188
0 0.938281 0.900781 0.060937 0.054688
0 0.164844 0.657031 0.039062 0.035937
0 0.046875 0.379688 0.084375 0.150000
0 0.974219 0.484375 0.051562 0.087500
0 0.939844 0.714844 0.035937 0.032813
0 0.436719 0.639062 0.060937 0.043750
0 0.102344 0.004687 0.026562 0.009375
0 0.062500 0.482812 0.040625 0.037500
0 0.417969 0.420312 0.032813 0.025000
0 0.253125 0.469531 0.156250 0.082812
0 0.577344 0.662500 0.042188 0.034375
0 0.126562 0.278906 0.053125 0.035937
0 0.039844 0.189844 0.029687 0.026562
0 0.810156 0.864062 0.076563 0.062500
0 0.034375 0.508594 0.050000 0.039062
0 0.015625 0.578125 0.031250 0.046875
0 0.942187 0.233594 0.021875 0.017188
0 0.446094 0.354687 0.026562 0.025000
0 0.731250 0.707812 0.053125 0.062500
0 0.916406 0.073438 0.023438 0.015625
0 0.641406 0.072656 0.023438 0.020313
0 0.061719 0.052344 0.045312 0.032813
0 0.068750 0.629687 0.062500 0.046875
0 0.048438 0.792969 0.096875 0.082812
0 0.534375 0.428906 0.037500 0.042188
0 0.639062 0.575000 0.140625 0.103125
0 0.342187 0.662500 0.112500 0.093750
0 0.920312 0.333594 0.040625 0.054688
0 0.289844 0.758594 0.064062 0.054688
0 0.982812 0.264062 0.034375 0.037500
0 0.864062 0.358594 0.012500 0.014063
0 0.840625 0.436719 0.018750 0.017188
0 0.805469 0.820312 0.035937 0.021875
0 0.131250 0.711719 0.150000 0.110937
0 0.369531 0.135156 0.039062 0.035937
0 0.537500 0.382812 0.043750 0.050000
0 0.884375 0.715625 0.075000 0.053125
0 0.781250 0.474219 0.040625 0.045312
0 0.854688 0.211719 0.028125 0.023438
0 0.617969 0.221094 0.045312 0.042188
0 0.199219 0.696094 0.054688 0.035937
0 0.019531 0.673438 0.039062 0.046875
0 0.938281 0.398438 0.014063 0.018750
0 0.131250 0.432031 0.115625 0.123438
0 0.660937 0.287500 0.106250 0.103125
0 0.894531 0.666406 0.057813 0.054688
0 0.455469 0.152344 0.029687 0.029687
0 0.039844 0.250000 0.042188 0.037500
0 0.315625 0.723437 0.053125 0.031250
0 0.731250 0.801562 0.053125 0.043750
0 0.571875 0.828125 0.225000 0.153125
0 0.161719 0.560156 0.179688 0.145313
0 0.392188 0.552344 0.121875 0.154688
0 0.992969 0.284375 0.014063 0.012500
0 0.775000 0.514062 0.050000 0.046875
0 0.518750 0.572656 0.059375 0.048438
0 0.572656 0.169531 0.023438 0.020313
0 0.815625 0.576562 0.056250 0.056250
0 0.943750 0.757031 0.071875 0.057813
0 0.958594 0.853906 0.029687 0.035937
0 0.016406 0.626563 0.032813 0.050000
0 0.063281 0.113281 0.042188 0.029687
0 0.503906 0.312500 0.089063 0.084375
0 0.724219 0.874219 0.092188 0.054688
0 0.940625 0.357812 0.021875 0.031250
0 0.978906 0.417187 0.042188 0.031250
0 0.949219 0.423438 0.017188 0.021875
0 0.832812 0.082031 0.012500 0.014063
0 0.855469 0.177344 0.010937 0.017188
0 0.882812 0.247656 0.021875 0.039062
0 0.904687 0.257031 0.025000 0.023438
0 0.896875 0.234375 0.009375 0.009375
0 0.906250 0.278906 0.021875 0.026562
0 0.914844 0.301563 0.023438 0.021875
0 0.904687 0.317969 0.012500 0.014063
1 0.964063 0.483594 0.071875 0.210938
0 0.966406 0.819531 0.014063 0.026562
0 0.957812 0.816406 0.021875 0.032813
0 0.682813 0.242188 0.131250 0.150000
1 0.893750 0.099219 0.150000 0.142187
0 0.384375 0.463281 0.075000 0.048438
0 0.242969 0.415625 0.032813 0.031250
0 0.089063 0.300000 0.053125 0.034375
0 0.060937 0.303125 0.040625 0.034375
