0 0.585938 0.213281 0.046875 0.057813
0 0.106250 0.610938 0.065625 0.087500
0 0.995313 0.059375 0.009375 0.028125
0 0.939844 0.108594 0.076563 0.073438
0 0.606250 0.098437 0.062500 0.050000
0 0.159375 0.246094 0.071875 0.039062
0 0.885703 0.831953 0.033906 0.026406
0 0.767188 0.123906 0.093750 0.082187
0 0.141406 0.885156 0.082812 0.104688
0 0.457813 0.611719 0.056250 0.045312
0 0.613281 0.297656 0.064062 0.042188
0 0.378125 0.250000 0.043750 0.037500
0 0.554688 0.879687 0.015625 0.015625
0 0.225000 0.714063 0.037500 0.028125
0 0.787500 0.434375 0.096875 0.084375
0 0.979688 0.689844 0.037500 0.042188
0 0.340625 0.277344 0.034375 0.029687
0 0.370312 0.349219 0.040625 0.026562
0 0.665625 0.664062 0.040625 0.031250
0 0.822656 0.678125 0.029687 0.018750
0 0.615625 0.741406 0.031250 0.026562
0 0.667188 0.625781 0.034375 0.039062
0 0.687500 0.464062 0.028125 0.015625
0 0.070312 0.323437 0.034375 0.034375
0 0.132031 0.430469 0.051562 0.039062
0 0.564063 0.452344 0.075000 0.048438
0 0.425781 0.342969 0.045312 0.035937
0 0.008594 0.580469 0.017188 0.045312
0 0.794531 0.524219 0.054688 0.035937
0 0.252344 0.951562 0.032813 0.028125
0 0.482031 0.806563 0.126562 0.200625
0 0.516406 0.459375 0.020313 0.018750
0 0.742969 0.199297 0.082812 0.076719
0 0.397656 0.683594 0.079687 0.092188
0 0.318750 0.714063 0.090625 0.078125
0 0.975000 0.137734 0.050000 0.081719
0 0.056250 0.924219 0.106250 0.082812
0 0.971875 0.656250 0.056250 0.050000
0 0.979063 0.904141 0.033125 0.023906
0 0.588281 0.157031 0.067187 0.060937
0 0.782813 0.721875 0.084375 0.068750
0 0.113281 0.343750 0.070312 0.053125
0 0.525000 0.555469 0.050000 0.039062
0 0.007812 0.724219 0.012500 0.035937
0 0.720313 0.042188 0.171875 0.084375
0 0.703125 0.397656 0.059375 0.073438
0 0.235156 0.547656 0.039062 0.029687
0 0.448437 0.592969 0.068750 0.082812
0 0.203906 0.672266 0.148438 0.166406
0 0.994531 0.010156 0.010937 0.017188
0 0.732812 0.792188 0.028125 0.021875
0 0.914844 0.728906 0.035937 0.023438
0 0.639844 0.507031 0.145313 0.060937
0 0.634375 0.598437 0.034375 0.031250
0 0.468750 0.223438 0.137500 0.118750
0 0.290625 0.646094 0.034375 0.032813
0 0.069531 0.712187 0.123438 0.165000
0 0.887969 0.422109 0.222812 0.228594
0 0.510938 0.137500 0.106250 0.071875
1 0.915539 0.259687 0.149828 0.125625
0 0.859375 0.716406 0.059375 0.039062
0 0.318750 0.432812 0.046875 0.037500
0 0.962578 0.404922 0.075156 0.144219
0 0.338281 0.829688 0.029687 0.025000
0 0.026562 0.385937 0.050000 0.071875
0 0.018727 0.491070 0.037453 0.075891
0 0.545695 0.813016 0.025766 0.029156
0 0.987141 0.536617 0.024281 0.026359
0 0.955336 0.323297 0.026297 0.021594
0 0.878617 0.294563 0.029109 0.023500
