0 0.437500 0.771875 0.025000 0.034375
0 0.481250 0.445312 0.034375 0.046875
0 0.143750 0.521094 0.025000 0.026562
0 0.584375 0.039062 0.056250 0.068750
0 0.846094 0.354687 0.020313 0.021875
0 0.350781 0.691406 0.042188 0.054688
0 0.756250 0.863281 0.062500 0.076563
0 0.933594 0.834375 0.057813 0.081250
0 0.469531 0.696875 0.067187 0.096875
0 0.400000 0.596094 0.021875 0.029687
0 0.371094 0.980469 0.029687 0.017188
0 0.310937 0.421875 0.046875 0.059375
0 0.321094 0.300781 0.014063 0.017188
0 0.282813 0.626563 0.025000 0.025000
0 0.872656 0.492188 0.085938 0.115625
0 0.872656 0.420312 0.048438 0.059375
0 0.567187 0.438281 0.078125 0.085938
0 0.988281 0.452344 0.023438 0.192188
0 0.971875 0.130469 0.056250 0.073438
0 0.446875 0.907031 0.040625 0.051562
0 0.318750 0.662500 0.031250 0.031250
0 0.551562 0.201563 0.043750 0.059375
0 0.490625 0.009375 0.015625 0.018750
0 0.799219 0.438281 0.035937 0.045312
0 0.646875 0.356250 0.046875 0.068750
0 0.773438 0.095312 0.040625 0.050000
0 0.284375 0.549219 0.043750 0.042188
0 0.072656 0.795312 0.029687 0.043750
0 0.167969 0.775000 0.035937 0.046875
0 0.306250 0.731250 0.031250 0.037500
0 0.764062 0.039844 0.025000 0.017188
0 0.328125 0.095312 0.056250 0.075000
0 0.270313 0.589844 0.025000 0.029687
0 0.932813 0.228906 0.028125 0.032813
0 0.827344 0.182031 0.160938 0.176563
0 0.623437 0.750000 0.056250 0.071875
0 0.428906 0.532031 0.060937 0.051562
0 0.430469 0.381250 0.042188 0.053125
0 0.304688 0.013281 0.031250 0.026562
0 0.882812 0.544531 0.050000 0.060937
0 0.365625 0.812500 0.018750 0.025000
0 0.026562 0.881250 0.021875 0.025000
0 0.560937 0.300000 0.031250 0.034375
0 0.059375 0.631250 0.031250 0.034375
0 0.492969 0.048438 0.026562 0.043750
0 0.475000 0.095312 0.021875 0.025000
0 0.192188 0.473438 0.031250 0.037500
0 0.440625 0.986719 0.025000 0.023438
0 0.571875 0.259375 0.031250 0.040625
0 0.098437 0.871875 0.028125 0.037500
0 0.362500 0.615625 0.021875 0.028125
1 0.755469 0.507812 0.123438 0.178125
0 0.499219 0.768750 0.085938 0.090625
0 0.682813 0.698438 0.125000 0.153125
0 0.495312 0.949219 0.140625 0.101562
0 0.360156 0.853125 0.042188 0.059375
0 0.089063 0.562500 0.059375 0.050000
0 0.661719 0.789844 0.048438 0.051562
0 0.768750 0.987500 0.028125 0.025000
0 0.089844 0.708594 0.073438 0.082812
0 0.457813 0.857031 0.040625 0.057813
0 0.406250 0.772656 0.028125 0.042188
0 0.159375 0.557031 0.012500 0.017188
0 0.830469 0.305469 0.048438 0.067187
0 0.632812 0.119531 0.150000 0.182812
0 0.187500 0.631250 0.028125 0.037500
0 0.514844 0.063281 0.039062 0.070312
0 0.435937 0.815625 0.034375 0.059375
0 0.461719 0.350000 0.067187 0.081250
0 0.121094 0.580469 0.045312 0.051562
0 0.897656 0.717187 0.095312 0.096875
0 0.277344 0.046875 0.026562 0.046875
0 0.385937 0.896875 0.040625 0.046875
0 0.221094 0.929688 0.054688 0.078125
0 0.789844 0.357812 0.039062 0.068750
0 0.905469 0.082812 0.110937 0.071875
0 0.328125 0.264062 0.021875 0.034375
0 0.564844 0.739062 0.079687 0.084375
0 0.228125 0.240625 0.100000 0.109375
1 0.421875 0.017969 0.075000 0.035937
0 0.466406 0.222656 0.157812 0.189062
0 0.384375 0.662500 0.075000 0.059375
0 0.452344 0.043750 0.023438 0.025000
0 0.591406 0.925781 0.179688 0.148438
0 0.337500 0.945312 0.043750 0.056250
0 0.335938 0.808594 0.053125 0.070312
0 0.310156 0.221094 0.029687 0.039062
0 0.623437 0.621094 0.037500 0.045312
0 0.524219 0.323437 0.029687 0.031250
0 0.614062 0.659375 0.025000 0.025000
0 0.405469 0.982031 0.029687 0.023438
0 0.381250 0.739062 0.028125 0.034375
0 0.546094 0.068750 0.051562 0.075000
0 0.119531 0.647656 0.026562 0.035937
0 0.872656 0.607812 0.020313 0.021875
0 0.109375 0.794531 0.031250 0.039062
0 0.573438 0.638281 0.078125 0.073438
0 0.402344 0.160156 0.145313 0.145313
0 0.628125 0.833594 0.093750 0.095312
0 0.751563 0.931250 0.034375 0.040625
0 0.599219 0.263281 0.029687 0.042188
0 0.382031 0.320312 0.057813 0.068750
0 0.513281 0.495312 0.060937 0.056250
0 0.467969 0.516406 0.064062 0.057813
0 0.281250 0.725781 0.021875 0.023438
0 0.872656 0.839844 0.082812 0.117188
0 0.770312 0.800781 0.075000 0.089063
0 0.057813 0.932813 0.034375 0.025000
0 0.566406 0.518750 0.110937 0.084375
0 0.377344 0.942187 0.042188 0.056250
0 0.335938 0.015625 0.018750 0.028125
0 0.574219 0.806250 0.032813 0.046875
0 0.728125 0.882812 0.062500 0.071875
0 0.532031 0.691406 0.057813 0.070312
0 0.126562 0.910937 0.059375 0.081250
0 0.604688 0.550000 0.121875 0.081250
0 0.707812 0.381250 0.075000 0.115625
0 0.312500 0.767969 0.021875 0.029687
0 0.836719 0.888281 0.079687 0.092188
0 0.232031 0.884375 0.014063 0.018750
0 0.252344 0.929688 0.017188 0.021875
0 0.722656 0.797656 0.045312 0.048438
0 0.845313 0.070312 0.034375 0.037500
0 0.066406 0.843750 0.026562 0.043750
0 0.410938 0.731250 0.025000 0.034375
0 0.584375 0.341406 0.087500 0.114062
0 0.165625 0.017188 0.028125 0.034375
0 0.772656 0.655469 0.073438 0.117188
0 0.819531 0.577344 0.029687 0.020313
0 0.803906 0.582031 0.026562 0.017188
0 0.456250 0.816406 0.021875 0.026562
0 0.207031 0.710156 0.057813 0.051562
0 0.172656 0.709375 0.164062 0.150000
0 0.365625 0.409375 0.118750 0.171875
0 0.407813 0.438281 0.031250 0.029687
1 0.254688 0.128125 0.134375 0.168750
0 0.372656 0.497656 0.029687 0.023438
0 0.377344 0.468750 0.023438 0.040625
1 0.640625 0.909375 0.368750 0.181250
0 0.779687 0.532031 0.015625 0.032813
1 0.557813 0.501563 0.378125 0.259375
1 0.694531 0.221875 0.201563 0.228125
