0 0.496094 0.756250 0.035937 0.062500
0 0.976562 0.094531 0.046875 0.157812
0 0.573438 0.920312 0.037500 0.037500
0 0.768750 0.805469 0.028125 0.045312
0 0.521875 0.980469 0.043750 0.039062
0 0.440625 0.446875 0.043750 0.062500
0 0.978125 0.710156 0.034375 0.073438
0 0.651563 0.921094 0.031250 0.042188
0 0.566406 0.334375 0.182812 0.121875
0 0.256250 0.715625 0.103125 0.084375
0 0.610156 0.974219 0.017188 0.023438
0 0.307031 0.422656 0.045312 0.064062
0 0.814063 0.128125 0.071875 0.087500
0 0.018750 0.967187 0.037500 0.021875
0 0.902344 0.914844 0.029687 0.048438
0 0.703125 0.414844 0.162500 0.126562
0 0.897656 0.970313 0.032813 0.037500
0 0.782031 0.293750 0.048438 0.050000
0 0.701562 0.199219 0.050000 0.085938
0 0.516406 0.243750 0.070312 0.065625
0 0.988281 0.619531 0.017188 0.095312
0 0.714844 0.628906 0.057813 0.079687
0 0.231250 0.296094 0.128125 0.157812
0 0.549219 0.472656 0.017188 0.020313
0 0.593750 0.949219 0.040625 0.060937
0 0.884375 0.044531 0.118750 0.067187
0 0.946094 0.609375 0.035937 0.040625
0 0.310937 0.986719 0.031250 0.017188
0 0.749219 0.324219 0.051562 0.051562
0 0.104688 0.437500 0.125000 0.171875
0 0.507812 0.512500 0.103125 0.103125
0 0.828906 0.639844 0.135937 0.210938
0 0.725781 0.964063 0.035937 0.059375
0 0.046094 0.247656 0.032813 0.042188
0 0.647656 0.182031 0.067187 0.051562
0 0.921094 0.770312 0.010937 0.021875
0 0.844531 0.978906 0.035937 0.042188
0 0.400000 0.210156 0.065625 0.076563
0 0.364063 0.014063 0.137500 0.028125
0 0.885938 0.817187 0.034375 0.040625
0 0.739062 0.846094 0.012500 0.023438
0 0.833594 0.456250 0.079687 0.093750
0 0.965625 0.393750 0.034375 0.046875
0 0.436719 0.925781 0.042188 0.023438
0 0.410938 0.264844 0.021875 0.023438
0 0.190625 0.647656 0.196875 0.232813
0 0.449219 0.350781 0.048438 0.054688
0 0.030469 0.707031 0.060937 0.076563
0 0.929688 0.962500 0.034375 0.053125
0 0.797656 0.987500 0.039062 0.025000
0 0.930469 0.386719 0.042188 0.045312
0 0.582031 0.669531 0.132812 0.264062
0 0.672656 0.944531 0.026562 0.045312
0 0.934375 0.107813 0.046875 0.075000
0 0.782813 0.856250 0.068750 0.065625
0 0.928906 0.714063 0.010937 0.018750
0 0.917188 0.446094 0.040625 0.060937
0 0.966406 0.966406 0.032813 0.067187
0 0.853906 0.376563 0.042188 0.046875
0 0.722656 0.251563 0.048438 0.081250
0 0.765625 0.960156 0.050000 0.070312
0 0.360938 0.564844 0.115625 0.185938
0 0.233594 0.081250 0.054688 0.056250
0 0.872656 0.667969 0.035937 0.042188
0 0.422656 0.724219 0.073438 0.079687
0 0.767188 0.553125 0.059375 0.050000
0 0.823438 0.574219 0.025000 0.048438
1 0.710156 0.642969 0.257812 0.360938
0 0.740625 0.703906 0.040625 0.067187
1 0.529687 0.874219 0.093750 0.067187
0 0.346094 0.950781 0.029687 0.039062
0 0.419531 0.978906 0.107813 0.042188
