0 0.645312 0.669531 0.046875 0.054688
0 0.196094 0.489063 0.051562 0.050000
0 0.971094 0.867969 0.042188 0.032813
0 0.820312 0.600000 0.040625 0.031250
0 0.166406 0.827344 0.032813 0.051562
0 0.985156 0.721875 0.026562 0.031250
0 0.354687 0.414062 0.015625 0.021875
0 0.634375 0.305469 0.034375 0.032813
0 0.598437 0.584375 0.012500 0.012500
0 0.017188 0.454320 0.034375 0.111766
0 0.935156 0.554688 0.039062 0.043750
0 0.190625 0.424219 0.034375 0.035937
0 0.425781 0.691406 0.017188 0.020313
0 0.727344 0.711719 0.048438 0.073438
0 0.287500 0.270313 0.059375 0.084375
0 0.900000 0.455469 0.025000 0.057813
0 0.582031 0.156250 0.020313 0.025000
0 0.724219 0.335156 0.020313 0.026562
0 0.763281 0.662500 0.039062 0.034375
0 0.596875 0.467969 0.059375 0.073438
0 0.755469 0.840625 0.076563 0.084375
0 0.561719 0.628906 0.017188 0.017188
0 0.828906 0.410938 0.032813 0.053125
0 0.585938 0.517188 0.046875 0.050000
0 0.365625 0.261719 0.043750 0.035937
0 0.517969 0.524219 0.082812 0.101562
0 0.240625 0.339062 0.062500 0.075000
0 0.128125 0.509375 0.046875 0.053125
0 0.770312 0.270313 0.059375 0.087500
0 0.650781 0.504687 0.042188 0.037500
0 0.839063 0.767969 0.059375 0.079687
0 0.744531 0.465625 0.023438 0.046875
0 0.659375 0.334375 0.025000 0.050000
0 0.071875 0.378125 0.043750 0.034375
0 0.656250 0.217969 0.040625 0.048438
0 0.172656 0.301563 0.048438 0.034375
0 0.766406 0.367188 0.064062 0.081250
0 0.421875 0.314844 0.121875 0.095312
0 0.521094 0.600000 0.048438 0.046875
0 0.275000 0.546094 0.050000 0.054688
0 0.965625 0.566406 0.025000 0.020313
0 0.219531 0.516406 0.039062 0.035937
0 0.807031 0.375781 0.020313 0.026562
0 0.719531 0.578906 0.020313 0.020313
0 0.120313 0.444531 0.053125 0.064062
0 0.117969 0.388281 0.042188 0.035937
0 0.437500 0.203125 0.050000 0.046875
0 0.020313 0.367188 0.021875 0.025000
0 0.135156 0.717969 0.079687 0.067187
0 0.882812 0.404687 0.028125 0.031250
0 0.512500 0.075000 0.034375 0.043750
0 0.601562 0.297656 0.028125 0.042188
0 0.625000 0.368750 0.084375 0.096875
0 0.539844 0.259375 0.051562 0.046875
0 0.216406 0.689063 0.032813 0.059375
0 0.538281 0.314844 0.057813 0.064062
0 0.420312 0.146094 0.040625 0.032813
0 0.796875 0.752344 0.021875 0.017188
0 0.764570 0.699273 0.044766 0.061047
0 0.025781 0.765625 0.051562 0.050000
0 0.410938 0.383594 0.043750 0.032813
0 0.065625 0.698438 0.043750 0.043750
0 0.709375 0.611719 0.046875 0.051562
0 0.358594 0.384375 0.017188 0.031250
0 0.667188 0.281250 0.043750 0.046875
0 0.516406 0.409375 0.089063 0.112500
0 0.675781 0.471094 0.032813 0.032813
0 0.161719 0.335938 0.076563 0.050000
0 0.172656 0.629687 0.057813 0.059375
0 0.440625 0.564063 0.040625 0.031250
0 0.376563 0.368750 0.015625 0.015625
0 0.789844 0.506250 0.045312 0.043750
0 0.093750 0.802344 0.071875 0.054688
0 0.697656 0.189062 0.026562 0.031250
0 0.763281 0.426563 0.020313 0.040625
0 0.595313 0.866406 0.015625 0.023438
0 0.464844 0.182812 0.051562 0.050000
0 0.822656 0.506250 0.042188 0.059375
0 0.660156 0.346094 0.026562 0.026562
0 0.925000 0.672656 0.021875 0.026562
0 0.278906 0.475000 0.026562 0.021875
0 0.714063 0.567969 0.031250 0.035937
0 0.625781 0.717187 0.014063 0.018750
0 0.123438 0.292969 0.062500 0.051562
0 0.478125 0.821875 0.037500 0.053125
0 0.935937 0.509375 0.037500 0.034375
0 0.867188 0.491406 0.043750 0.085938
0 0.572656 0.130469 0.020313 0.023438
0 0.459375 0.590625 0.021875 0.018750
0 0.307812 0.400781 0.078125 0.079687
0 0.611719 0.163281 0.020313 0.023438
0 0.708594 0.400000 0.070312 0.093750
0 0.579688 0.230469 0.043750 0.051562
0 0.596094 0.650000 0.039062 0.028125
0 0.537500 0.676562 0.037500 0.046875
0 0.007812 0.581250 0.015625 0.031250
0 0.812500 0.340625 0.025000 0.034375
0 0.914844 0.572656 0.039062 0.067187
1 0.698711 0.507680 0.053672 0.065359
0 0.648438 0.154688 0.071875 0.071875
0 0.875781 0.549219 0.045312 0.035937
0 0.398438 0.646875 0.043750 0.071875
0 0.784375 0.457031 0.028125 0.032813
0 0.916406 0.682813 0.039062 0.046875
0 0.989844 0.557031 0.020313 0.051562
0 0.778906 0.431250 0.023438 0.034375
0 0.955781 0.494602 0.017813 0.020453
0 0.076563 0.450000 0.043750 0.065625
0 0.692969 0.715625 0.017188 0.015625
0 0.210156 0.824219 0.029687 0.060937
0 0.948438 0.676562 0.015625 0.028125
0 0.962500 0.692187 0.009375 0.012500
0 0.957031 0.461719 0.029687 0.017188
0 0.928125 0.432031 0.046875 0.048438
0 0.897656 0.385937 0.042188 0.068750
0 0.010156 0.248438 0.017188 0.018750
0 0.700000 0.224219 0.015625 0.023438
0 0.516406 0.508594 0.020313 0.014063
0 0.790625 0.595313 0.021875 0.015625
0 0.864062 0.628906 0.078125 0.060937
0 0.773438 0.621875 0.012500 0.018750
0 0.242969 0.578125 0.023438 0.034375
0 0.180469 0.585156 0.064062 0.067187
1 0.824492 0.593242 0.092734 0.102109
0 0.713391 0.512055 0.014281 0.011609
0 0.704461 0.530695 0.021422 0.017641
0 0.635555 0.483742 0.036734 0.048734
0 0.643320 0.441883 0.055391 0.030641
0 0.548930 0.190859 0.019734 0.028594
0 0.792531 0.344039 0.013187 0.013078
0 0.928586 0.396859 0.029047 0.021844
