0 0.960938 0.953906 0.050000 0.039062
0 0.833594 0.501563 0.076563 0.040625
0 0.460938 0.907031 0.062500 0.073438
0 0.960938 0.370312 0.078125 0.075000
0 0.138281 0.590625 0.151562 0.184375
0 0.692969 0.414844 0.045312 0.035937
0 0.935937 0.460938 0.043750 0.028125
0 0.533594 0.874219 0.045312 0.023438
0 0.882812 0.989062 0.071875 0.021875
0 0.482812 0.988281 0.146875 0.023438
0 0.126562 0.150781 0.190625 0.157812
0 0.896094 0.882031 0.035937 0.026562
0 0.964063 0.835938 0.050000 0.065625
0 0.945312 0.220312 0.043750 0.031250
0 0.353125 0.682813 0.040625 0.028125
0 0.603125 0.580469 0.175000 0.142187
0 0.602344 0.731250 0.148438 0.159375
0 0.750000 0.760156 0.175000 0.123438
0 0.087500 0.928906 0.081250 0.076563
0 0.886719 0.253125 0.035937 0.028125
0 0.962500 0.610938 0.056250 0.040625
0 0.260937 0.814063 0.062500 0.106250
0 0.059375 0.500000 0.056250 0.071875
0 0.838281 0.187500 0.039062 0.028125
0 0.064062 0.774219 0.059375 0.039062
0 0.016406 0.437500 0.029687 0.040625
0 0.563281 0.198437 0.148438 0.115625
0 0.611719 0.411719 0.073438 0.110937
0 0.734375 0.650781 0.050000 0.054688
0 0.751563 0.575000 0.096875 0.071875
0 0.978125 0.756250 0.028125 0.040625
0 0.927344 0.652344 0.067187 0.035937
0 0.364844 0.975000 0.082812 0.043750
0 0.903906 0.442969 0.042188 0.045312
0 0.642188 0.858594 0.084375 0.117188
0 0.150781 0.919531 0.054688 0.039062
0 0.023438 0.540625 0.043750 0.093750
0 0.868750 0.593750 0.056250 0.071875
0 0.326562 0.718750 0.037500 0.028125
0 0.435156 0.671875 0.029687 0.028125
0 0.311719 0.825781 0.092188 0.054688
0 0.932031 0.137500 0.101562 0.075000
0 0.364844 0.892969 0.060937 0.042188
0 0.965625 0.296875 0.068750 0.071875
0 0.454688 0.597656 0.100000 0.098437
0 0.856250 0.740625 0.040625 0.031250
0 0.819531 0.463281 0.042188 0.032813
0 0.955469 0.432031 0.048438 0.035937
0 0.436719 0.539844 0.029687 0.026562
0 0.427344 0.805469 0.023438 0.020313
0 0.484375 0.728906 0.096875 0.104688
0 0.523438 0.384375 0.025000 0.028125
0 0.139844 0.980469 0.082812 0.017188
0 0.020313 0.882031 0.040625 0.067187
0 0.271094 0.928906 0.104688 0.085938
0 0.576562 0.891406 0.090625 0.110937
0 0.238281 0.671094 0.154688 0.192188
0 0.818750 0.934375 0.034375 0.034375
0 0.843750 0.357812 0.209375 0.134375
