0 0.727344 0.301563 0.104688 0.109375
0 0.363281 0.725000 0.045312 0.046875
0 0.678125 0.908594 0.043750 0.057813
0 0.472656 0.678125 0.110937 0.081250
0 0.576562 0.292969 0.018750 0.029687
0 0.320312 0.770312 0.028125 0.040625
0 0.737500 0.095312 0.028125 0.028125
0 0.667188 0.313281 0.021875 0.026562
0 0.634375 0.882812 0.031250 0.037500
0 0.314063 0.331250 0.053125 0.059375
0 0.433594 0.565625 0.067187 0.075000
0 0.892188 0.496094 0.025000 0.026562
0 0.178906 0.164062 0.045312 0.056250
0 0.237500 0.005469 0.068750 0.010937
0 0.405469 0.778125 0.026562 0.037500
0 0.208594 0.563281 0.042188 0.057813
0 0.726562 0.581250 0.034375 0.037500
0 0.407813 0.632031 0.103125 0.079687
0 0.430469 0.760938 0.026562 0.037500
0 0.655469 0.056250 0.079687 0.081250
0 0.554688 0.224219 0.071875 0.064062
0 0.407813 0.693750 0.028125 0.034375
0 0.595313 0.606250 0.015625 0.018750
0 0.623437 0.710156 0.106250 0.139063
0 0.324219 0.621094 0.045312 0.051562
0 0.885156 0.343750 0.110937 0.128125
0 0.280469 0.257031 0.120313 0.110937
0 0.371875 0.590625 0.043750 0.050000
0 0.758594 0.867969 0.164062 0.164062
0 0.185938 0.024219 0.040625 0.048438
0 0.477344 0.785937 0.032813 0.034375
0 0.265625 0.307031 0.034375 0.039062
0 0.542969 0.342187 0.051562 0.050000
0 0.851562 0.971875 0.043750 0.050000
0 0.506250 0.555469 0.018750 0.023438
0 0.628906 0.287500 0.026562 0.031250
0 0.533594 0.917188 0.126562 0.103125
0 0.532813 0.980469 0.031250 0.039062
0 0.620313 0.915625 0.021875 0.028125
0 0.484375 0.305469 0.068750 0.057813
0 0.567187 0.793750 0.053125 0.065625
0 0.475781 0.891406 0.039062 0.026562
0 0.685156 0.952344 0.035937 0.042188
0 0.450781 0.181250 0.151562 0.143750
0 0.528906 0.580469 0.014063 0.023438
0 0.750781 0.182031 0.064062 0.082812
0 0.371094 0.691406 0.026562 0.026562
0 0.450000 0.807813 0.031250 0.037500
0 0.789844 0.968750 0.057813 0.062500
0 0.405469 0.489844 0.054688 0.060937
0 0.592187 0.256250 0.028125 0.031250
0 0.603906 0.508594 0.101562 0.095312
0 0.800781 0.787500 0.020313 0.021875
0 0.589063 0.825000 0.043750 0.046875
0 0.207813 0.275781 0.043750 0.051562
0 0.489844 0.170313 0.026562 0.037500
0 0.885156 0.550000 0.079687 0.071875
0 0.849219 0.905469 0.026562 0.032813
0 0.746094 0.722656 0.020313 0.023438
0 0.704688 0.540625 0.046875 0.050000
0 0.803125 0.568750 0.021875 0.021875
0 0.416406 0.900781 0.114062 0.073438
0 0.326562 0.667969 0.043750 0.057813
0 0.572656 0.582031 0.039062 0.048438
0 0.417187 0.858594 0.056250 0.067187
0 0.687500 0.377344 0.062500 0.067187
0 0.486719 0.590625 0.051562 0.053125
0 0.890625 0.218750 0.118750 0.162500
0 0.502344 0.460938 0.126562 0.112500
0 0.489844 0.055469 0.085938 0.110937
0 0.300781 0.492969 0.045312 0.067187
0 0.442969 0.312500 0.060937 0.043750
0 0.246875 0.526563 0.037500 0.050000
0 0.740625 0.957812 0.025000 0.028125
0 0.356250 0.825781 0.031250 0.042188
0 0.251563 0.135937 0.115625 0.137500
0 0.283594 0.628125 0.026562 0.031250
0 0.319531 0.089063 0.123438 0.100000
0 0.405469 0.053125 0.101562 0.106250
0 0.602344 0.053906 0.070312 0.092188
0 0.772656 0.753906 0.020313 0.029687
0 0.424219 0.728125 0.014063 0.018750
0 0.404687 0.221875 0.090625 0.090625
0 0.467969 0.721094 0.029687 0.032813
0 0.251563 0.423438 0.028125 0.046875
0 0.651563 0.243750 0.106250 0.100000
0 0.167969 0.229687 0.020313 0.021875
0 0.335938 0.173437 0.103125 0.115625
0 0.088281 0.009375 0.051562 0.018750
0 0.396875 0.390625 0.121875 0.128125
0 0.331250 0.542188 0.040625 0.056250
0 0.720313 0.752344 0.018750 0.023438
0 0.663281 0.860156 0.023438 0.032813
0 0.607812 0.353125 0.103125 0.103125
0 0.614062 0.971875 0.037500 0.043750
0 0.828125 0.817969 0.021875 0.026562
0 0.531250 0.296875 0.043750 0.056250
0 0.564844 0.850000 0.032813 0.040625
0 0.674219 0.464062 0.017188 0.021875
0 0.783594 0.482031 0.164062 0.142187
0 0.303125 0.795312 0.028125 0.037500
0 0.536719 0.393750 0.173437 0.146875
0 0.140625 0.155469 0.015625 0.017188
0 0.106250 0.064844 0.015625 0.023438
0 0.295312 0.367969 0.137500 0.117188
0 0.253125 0.626563 0.031250 0.040625
