0 0.565625 0.600781 0.040625 0.039062
0 0.214844 0.800000 0.117188 0.087500
0 0.591406 0.932813 0.079687 0.096875
0 0.751563 0.503906 0.171875 0.160938
0 0.662500 0.388281 0.143750 0.142187
0 0.614062 0.138281 0.084375 0.085938
0 0.973437 0.676562 0.034375 0.028125
0 0.607031 0.476562 0.035937 0.034375
0 0.971875 0.445312 0.025000 0.031250
0 0.019531 0.225000 0.039062 0.040625
0 0.578125 0.641406 0.021875 0.026562
0 0.996875 0.702344 0.006250 0.039062
0 0.593750 0.335938 0.034375 0.031250
0 0.094531 0.760938 0.035937 0.037500
0 0.496875 0.687500 0.028125 0.028125
0 0.617188 0.299219 0.031250 0.029687
0 0.938281 0.118750 0.060937 0.046875
0 0.641406 0.255469 0.035937 0.035937
0 0.274219 0.019531 0.092188 0.032813
0 0.157812 0.028906 0.056250 0.045312
0 0.743750 0.274219 0.078125 0.073438
0 0.443750 0.612500 0.028125 0.059375
0 0.023438 0.680469 0.040625 0.114062
1 0.855469 0.814844 0.170313 0.151562
0 0.900000 0.111719 0.075000 0.073438
1 0.464844 0.276562 0.167187 0.309375
0 0.539062 0.453906 0.028125 0.026562
0 0.098437 0.696094 0.046875 0.039062
0 0.675781 0.689844 0.039062 0.048438
0 0.078906 0.533594 0.057813 0.067187
0 0.486719 0.043750 0.167187 0.068750
0 0.948438 0.514062 0.071875 0.037500
0 0.575781 0.086719 0.048438 0.039062
1 0.515625 0.136719 0.081250 0.139063
0 0.725000 0.186719 0.040625 0.042188
0 0.973437 0.803125 0.053125 0.115625
0 0.874219 0.581250 0.089063 0.059375
0 0.866406 0.488281 0.089063 0.092188
0 0.464062 0.382812 0.028125 0.034375
0 0.239844 0.477344 0.129688 0.192188
0 0.609375 0.560156 0.181250 0.098437
0 0.150781 0.166406 0.064062 0.051562
0 0.688281 0.987500 0.039062 0.015625
0 0.066406 0.163281 0.042188 0.039062
0 0.537500 0.750000 0.031250 0.028125
0 0.767188 0.378125 0.059375 0.046875
0 0.060156 0.119531 0.026562 0.026562
0 0.037500 0.821875 0.037500 0.034375
0 0.127344 0.478125 0.060937 0.090625
1 0.563281 0.275781 0.085938 0.154688
0 0.782031 0.609375 0.085938 0.078125
0 0.028906 0.323437 0.057813 0.062500
0 0.293750 0.326562 0.134375 0.131250
0 0.526563 0.786719 0.028125 0.023438
0 0.704688 0.233594 0.078125 0.064062
0 0.617188 0.192969 0.050000 0.042188
0 0.870313 0.419531 0.065625 0.064062
0 0.975000 0.915625 0.050000 0.131250
0 0.936719 0.195312 0.060937 0.050000
0 0.021875 0.017969 0.040625 0.017188
1 0.253125 0.640625 0.096875 0.193750
0 0.178906 0.649219 0.126562 0.248438
0 0.525781 0.136719 0.014063 0.026562
0 0.936719 0.350000 0.060937 0.115625
0 0.921875 0.398438 0.021875 0.015625
1 0.579688 0.738281 0.246875 0.198437
1 0.906250 0.661719 0.187500 0.245312
