0 0.792188 0.557813 0.037500 0.050000
0 0.686719 0.567969 0.039062 0.048438
0 0.543750 0.480469 0.012500 0.020313
0 0.405469 0.711719 0.017188 0.020313
0 0.272656 0.810156 0.039062 0.045312
0 0.083594 0.926562 0.054688 0.118750
0 0.209375 0.650000 0.028125 0.040625
0 0.396094 0.161719 0.020313 0.023438
0 0.843750 0.550781 0.040625 0.042188
0 0.807031 0.969531 0.067187 0.060937
0 0.469531 0.708594 0.032813 0.045312
0 0.231250 0.064844 0.021875 0.029687
0 0.128906 0.832031 0.032813 0.042188
0 0.409375 0.281250 0.012500 0.015625
0 0.238281 0.907031 0.029687 0.048438
0 0.674219 0.225781 0.035937 0.054688
0 0.256250 0.125781 0.037500 0.048438
0 0.210938 0.738281 0.134375 0.148438
0 0.500000 0.267969 0.056250 0.082812
0 0.413281 0.317188 0.032813 0.046875
0 0.528906 0.371875 0.032813 0.046875
0 0.592969 0.512500 0.014063 0.021875
0 0.575781 0.795312 0.039062 0.053125
0 0.620313 0.371875 0.034375 0.034375
0 0.713281 0.226562 0.045312 0.081250
0 0.989062 0.591406 0.018750 0.060937
0 0.514844 0.071094 0.114062 0.123438
0 0.771875 0.855469 0.040625 0.045312
0 0.348438 0.841406 0.028125 0.042188
0 0.430469 0.749219 0.029687 0.073438
0 0.286719 0.706250 0.023438 0.034375
0 0.652344 0.746094 0.120313 0.123438
0 0.197656 0.865625 0.035937 0.046875
0 0.605469 0.805469 0.023438 0.039062
0 0.726562 0.129688 0.034375 0.053125
0 0.593750 0.688281 0.031250 0.048438
0 0.542188 0.992188 0.021875 0.015625
0 0.700000 0.939063 0.050000 0.121875
0 0.203906 0.133594 0.020313 0.032813
0 0.394531 0.425000 0.048438 0.062500
0 0.117969 0.207031 0.023438 0.032813
0 0.635156 0.227344 0.035937 0.042188
0 0.381250 0.179688 0.050000 0.034375
0 0.096094 0.746094 0.020313 0.026562
0 0.742188 0.946094 0.046875 0.079687
0 0.727344 0.672656 0.110937 0.120313
0 0.664844 0.393750 0.104688 0.243750
0 0.164844 0.825781 0.026562 0.045312
0 0.559375 0.649219 0.034375 0.045312
0 0.987500 0.670312 0.015625 0.031250
0 0.098437 0.164844 0.015625 0.020313
0 0.871094 0.344531 0.057813 0.085938
0 0.346094 0.216406 0.051562 0.051562
0 0.822656 0.590625 0.032813 0.037500
0 0.534375 0.735938 0.031250 0.043750
0 0.513281 0.602344 0.014063 0.020313
0 0.942969 0.536719 0.039062 0.048438
0 0.234375 0.167969 0.040625 0.045312
0 0.448437 0.951562 0.062500 0.096875
0 0.237500 0.297656 0.015625 0.017188
0 0.266406 0.328906 0.023438 0.039062
0 0.585938 0.294531 0.025000 0.032813
0 0.206250 0.582031 0.031250 0.029687
0 0.575000 0.162500 0.021875 0.034375
0 0.832812 0.083594 0.034375 0.051562
0 0.152344 0.008594 0.051562 0.017188
0 0.512500 0.839844 0.093750 0.117188
0 0.658594 0.153125 0.032813 0.050000
0 0.383594 0.881250 0.029687 0.040625
0 0.294531 0.289062 0.023438 0.025000
0 0.495312 0.663281 0.015625 0.020313
0 0.463281 0.210156 0.026562 0.035937
0 0.109375 0.550000 0.015625 0.015625
0 0.546875 0.163281 0.034375 0.042188
0 0.741406 0.785156 0.023438 0.023438
0 0.322656 0.250000 0.023438 0.028125
0 0.236719 0.367188 0.010937 0.015625
0 0.925781 0.565625 0.139063 0.146875
0 0.564844 0.024219 0.104688 0.039062
0 0.630469 0.189062 0.029687 0.037500
0 0.436719 0.208594 0.035937 0.048438
0 0.652344 0.309375 0.051562 0.068750
0 0.702344 0.167187 0.023438 0.037500
0 0.700000 0.075781 0.018750 0.020313
0 0.396875 0.049219 0.065625 0.073438
0 0.539062 0.769531 0.028125 0.029687
0 0.372656 0.496875 0.126562 0.090625
0 0.645312 0.835938 0.028125 0.040625
0 0.499219 0.697656 0.026562 0.039062
0 0.589063 0.337500 0.043750 0.053125
0 0.264844 0.222656 0.023438 0.032813
0 0.351562 0.117969 0.109375 0.101562
0 0.475000 0.305469 0.046875 0.060937
0 0.810156 0.273438 0.060937 0.037500
0 0.259375 0.010937 0.037500 0.021875
0 0.406250 0.367188 0.018750 0.021875
0 0.734375 0.821875 0.131250 0.081250
0 0.404687 0.635156 0.034375 0.048438
0 0.644531 0.645312 0.032813 0.043750
0 0.094531 0.446875 0.017188 0.021875
0 0.592187 0.919531 0.146875 0.154688
0 0.733594 0.987500 0.045312 0.025000
0 0.480469 0.789062 0.039062 0.050000
0 0.809375 0.628906 0.037500 0.045312
0 0.170313 0.261719 0.093750 0.089063
0 0.428906 0.112500 0.010937 0.012500
0 0.604688 0.195312 0.025000 0.031250
0 0.379688 0.246094 0.021875 0.026562
0 0.889062 0.839063 0.031250 0.037500
0 0.490625 0.979688 0.043750 0.040625
0 0.723437 0.540625 0.103125 0.100000
0 0.892188 0.673438 0.087500 0.125000
0 0.103906 0.623437 0.023438 0.034375
0 0.575000 0.231250 0.040625 0.065625
0 0.491406 0.133594 0.023438 0.029687
0 0.756250 0.907031 0.034375 0.042188
0 0.330469 0.353125 0.048438 0.059375
0 0.293750 0.611719 0.146875 0.160938
0 0.861719 0.898438 0.020313 0.031250
0 0.675000 0.879687 0.028125 0.040625
0 0.134375 0.697656 0.028125 0.039062
0 0.809375 0.373437 0.034375 0.050000
0 0.356250 0.320312 0.025000 0.031250
0 0.175000 0.134375 0.025000 0.034375
0 0.375781 0.282031 0.039062 0.045312
0 0.147656 0.305469 0.020313 0.023438
0 0.469531 0.427344 0.051562 0.051562
0 0.198437 0.958594 0.031250 0.042188
0 0.801562 0.494531 0.103125 0.067187
0 0.614062 0.645312 0.028125 0.037500
