0 0.803906 0.265625 0.067187 0.050000
0 0.671875 0.785156 0.134375 0.185938
0 0.907813 0.853125 0.062500 0.034375
0 0.835938 0.862500 0.090625 0.056250
0 0.945312 0.635938 0.106250 0.250000
0 0.928125 0.008594 0.090625 0.017188
0 0.739844 0.659375 0.201563 0.093750
0 0.989062 0.147656 0.021875 0.032813
0 0.086719 0.521875 0.173437 0.215625
0 0.964063 0.242969 0.068750 0.210938
0 0.503906 0.705469 0.042188 0.051562
0 0.985156 0.106250 0.029687 0.037500
0 0.007812 0.685937 0.015625 0.059375
0 0.100781 0.867188 0.082812 0.056250
0 0.526563 0.205469 0.075000 0.042188
0 0.589063 0.635938 0.050000 0.050000
0 0.990625 0.367969 0.015625 0.023438
0 0.835156 0.496094 0.126562 0.170313
0 0.429688 0.051562 0.159375 0.103125
0 0.575000 0.832008 0.140625 0.201516
0 0.703125 0.052344 0.212500 0.104688
0 0.747656 0.306250 0.057813 0.059375
0 0.853125 0.229687 0.090625 0.075000
0 0.160156 0.731250 0.267188 0.231250
0 0.978125 0.966406 0.040625 0.045312
0 0.360156 0.167187 0.092188 0.065625
0 0.843750 0.953906 0.128125 0.092188
0 0.946414 0.411719 0.102203 0.179688
0 0.762500 0.389062 0.100000 0.081250
0 0.601562 0.123438 0.234375 0.109375
0 0.886719 0.922656 0.035937 0.026562
0 0.204687 0.633594 0.068750 0.076563
0 0.842187 0.748437 0.071875 0.034375
0 0.536719 0.334375 0.054688 0.068750
0 0.917188 0.096094 0.084375 0.064062
0 0.672656 0.184375 0.048438 0.018750
0 0.308594 0.352344 0.098437 0.070312
0 0.126195 0.314406 0.114891 0.172563
0 0.371789 0.912469 0.284203 0.174937
0 0.028266 0.874484 0.050281 0.045844
