0 0.313281 0.350000 0.060937 0.050000
0 0.301563 0.438281 0.034375 0.023438
0 0.396875 0.375781 0.028125 0.026562
0 0.460156 0.236719 0.023438 0.020313
0 0.027344 0.394531 0.054688 0.073438
0 0.625000 0.914062 0.043750 0.065625
0 0.479687 0.201563 0.018750 0.028125
0 0.666406 0.315625 0.020313 0.028125
0 0.339844 0.015625 0.026562 0.021875
0 0.102344 0.072656 0.029687 0.029687
0 0.520312 0.314844 0.021875 0.020313
0 0.171094 0.141406 0.151562 0.095312
0 0.455469 0.816406 0.057813 0.067187
0 0.700781 0.522656 0.104688 0.079687
0 0.445312 0.947656 0.059375 0.095312
0 0.420312 0.164844 0.021875 0.026562
0 0.693750 0.161719 0.021875 0.017188
0 0.629687 0.392969 0.103125 0.148438
0 0.250000 0.160938 0.018750 0.028125
0 0.448437 0.208594 0.021875 0.023438
0 0.717969 0.831250 0.035937 0.065625
0 0.667969 0.606250 0.023438 0.034375
0 0.216406 0.389062 0.064062 0.050000
0 0.397656 0.982031 0.042188 0.032813
0 0.165625 0.922656 0.056250 0.085938
0 0.471094 0.358594 0.057813 0.048438
0 0.571875 0.646875 0.012500 0.015625
0 0.619531 0.317188 0.060937 0.065625
0 0.046094 0.989062 0.054688 0.018750
0 0.682813 0.104688 0.012500 0.018750
0 0.707812 0.371875 0.021875 0.031250
0 0.385156 0.246094 0.039062 0.045312
0 0.709375 0.880469 0.018750 0.032813
0 0.203125 0.016406 0.021875 0.023438
0 0.135156 0.068750 0.029687 0.037500
0 0.600781 0.237500 0.020313 0.025000
0 0.262500 0.250000 0.206250 0.100000
0 0.364063 0.571094 0.031250 0.017188
0 0.614844 0.081250 0.020313 0.021875
0 0.053125 0.506250 0.106250 0.150000
0 0.630469 0.499219 0.029687 0.039062
0 0.557031 0.514062 0.107813 0.090625
0 0.008594 0.838281 0.017188 0.089063
0 0.541406 0.693750 0.045312 0.075000
0 0.364844 0.948438 0.079687 0.075000
0 0.759375 0.742969 0.043750 0.067187
0 0.103906 0.292969 0.082812 0.051562
0 0.277344 0.171094 0.029687 0.029687
0 0.050000 0.294531 0.018750 0.017188
0 0.328125 0.260156 0.006250 0.010937
0 0.290625 0.981250 0.056250 0.037500
0 0.296094 0.470313 0.045312 0.034375
0 0.764062 0.612500 0.046875 0.040625
0 0.017969 0.019531 0.032813 0.026562
0 0.424219 0.375781 0.026562 0.020313
0 0.410938 0.309375 0.050000 0.053125
0 0.101562 0.773438 0.131250 0.243750
0 0.420312 0.200000 0.021875 0.031250
0 0.278125 0.316406 0.034375 0.042188
0 0.425000 0.603906 0.068750 0.039062
0 0.757031 0.857031 0.051562 0.064062
0 0.403906 0.789844 0.060937 0.076563
0 0.203125 0.342187 0.034375 0.040625
0 0.353906 0.386719 0.035937 0.039062
0 0.283594 0.917969 0.107813 0.101562
0 0.158594 0.423438 0.060937 0.046875
0 0.338281 0.179688 0.104688 0.090625
0 0.173437 0.310156 0.037500 0.035937
0 0.551562 0.573438 0.034375 0.046875
0 0.175000 0.403906 0.012500 0.014063
0 0.178125 0.188281 0.065625 0.064062
0 0.628125 0.043750 0.081250 0.062500
0 0.023438 0.271875 0.046875 0.096875
0 0.448437 0.190625 0.021875 0.034375
0 0.575000 0.617188 0.034375 0.025000
0 0.197656 0.478906 0.079687 0.070312
0 0.075781 0.028906 0.039062 0.035937
0 0.403125 0.217969 0.025000 0.035937
0 0.475781 0.280469 0.014063 0.020313
0 0.071875 0.066406 0.046875 0.045312
0 0.220312 0.975000 0.034375 0.050000
0 0.119531 0.014844 0.035937 0.026562
0 0.017188 0.701562 0.034375 0.096875
0 0.413281 0.237500 0.029687 0.031250
0 0.636719 0.991406 0.054688 0.017188
0 0.702344 0.475781 0.020313 0.020313
0 0.379688 0.272656 0.025000 0.020313
0 0.546875 0.221094 0.046875 0.048438
0 0.680469 0.778125 0.020313 0.025000
0 0.419531 0.701562 0.064062 0.087500
0 0.071875 0.948438 0.028125 0.037500
1 0.180469 0.928125 0.145313 0.143750
1 0.039062 0.760156 0.078125 0.239063
0 0.136719 0.389062 0.026562 0.021875
0 0.436719 0.579688 0.023438 0.028125
0 0.518750 0.596094 0.028125 0.039062
0 0.702344 0.310156 0.067187 0.042188
0 0.665625 0.276562 0.059375 0.037500
0 0.661719 0.253125 0.014063 0.018750
0 0.639844 0.131250 0.023438 0.012500
0 0.592187 0.007812 0.015625 0.015625
0 0.257812 0.130469 0.034375 0.017188
0 0.113281 0.123438 0.014063 0.012500
0 0.096094 0.116406 0.014063 0.020313
0 0.085156 0.109375 0.017188 0.021875
0 0.117969 0.150000 0.039062 0.040625
0 0.095312 0.179688 0.028125 0.034375
0 0.071875 0.217969 0.034375 0.035937
0 0.114844 0.207813 0.029687 0.034375
0 0.387500 0.153906 0.018750 0.023438
0 0.325781 0.575000 0.023438 0.028125
1 0.353125 0.028125 0.150000 0.056250
1 0.231250 0.028906 0.078125 0.048438
1 0.480469 0.111719 0.185938 0.129688
1 0.450000 0.043750 0.043750 0.037500
1 0.309375 0.080469 0.237500 0.145313
1 0.518750 0.746875 0.546875 0.243750
0 0.473438 0.859375 0.043750 0.015625
