0 0.495312 0.544531 0.068750 0.126562
0 0.700000 0.604688 0.037500 0.037500
0 0.228125 0.446094 0.043750 0.051562
0 0.211719 0.747656 0.029687 0.017188
0 0.642188 0.493750 0.034375 0.040625
0 0.964844 0.696875 0.051562 0.065625
0 0.262500 0.634375 0.040625 0.037500
0 0.050781 0.657031 0.029687 0.032813
0 0.150000 0.555469 0.096875 0.104688
0 0.858594 0.476562 0.060937 0.056250
0 0.200000 0.796094 0.034375 0.032813
0 0.181250 0.735156 0.021875 0.020313
0 0.265625 0.213281 0.075000 0.060937
0 0.614844 0.865625 0.039062 0.040625
0 0.179688 0.766406 0.021875 0.026562
0 0.135937 0.140625 0.043750 0.040625
0 0.034375 0.484375 0.046875 0.075000
0 0.682813 0.275781 0.037500 0.039062
0 0.685156 0.333594 0.035937 0.035937
0 0.216406 0.834375 0.020313 0.012500
0 0.300781 0.581250 0.073438 0.059375
0 0.630469 0.448437 0.032813 0.059375
0 0.323437 0.290625 0.078125 0.103125
0 0.788281 0.878906 0.032813 0.026562
0 0.748437 0.255469 0.037500 0.035937
0 0.806250 0.757031 0.040625 0.039062
0 0.989062 0.125781 0.021875 0.051562
0 0.608594 0.507812 0.035937 0.034375
0 0.954688 0.939063 0.025000 0.028125
0 0.250000 0.600000 0.050000 0.043750
0 0.888281 0.042188 0.067187 0.037500
0 0.335938 0.750781 0.021875 0.032813
0 0.276562 0.787500 0.071875 0.081250
0 0.613281 0.354687 0.042188 0.037500
0 0.485938 0.421094 0.125000 0.126562
0 0.287500 0.452344 0.043750 0.057813
0 0.474219 0.784375 0.020313 0.025000
0 0.589844 0.691406 0.029687 0.023438
0 0.516406 0.181250 0.054688 0.050000
0 0.398438 0.099219 0.100000 0.076563
0 0.008594 0.467969 0.017188 0.042188
0 0.210938 0.116406 0.046875 0.042188
0 0.245312 0.749219 0.025000 0.023438
0 0.678125 0.378906 0.046875 0.042188
0 0.567187 0.563281 0.081250 0.092188
0 0.227344 0.773438 0.029687 0.021875
0 0.717187 0.573438 0.037500 0.037500
0 0.274219 0.030469 0.048438 0.045312
0 0.907031 0.654687 0.051562 0.050000
0 0.971875 0.778125 0.025000 0.037500
0 0.909375 0.115625 0.046875 0.043750
0 0.564063 0.142187 0.034375 0.040625
0 0.656250 0.854688 0.031250 0.025000
0 0.777344 0.728906 0.039062 0.039062
0 0.246094 0.829688 0.032813 0.028125
0 0.864062 0.139063 0.037500 0.037500
0 0.907813 0.380469 0.050000 0.042188
0 0.127344 0.732031 0.101562 0.089063
0 0.537500 0.906250 0.034375 0.040625
0 0.851562 0.496875 0.053125 0.059375
0 0.481250 0.856250 0.037500 0.028125
0 0.848437 0.533594 0.053125 0.051562
0 0.142969 0.828125 0.026562 0.021875
0 0.014844 0.685937 0.029687 0.050000
0 0.697656 0.653906 0.029687 0.023438
0 0.083594 0.028906 0.064062 0.057813
0 0.550781 0.789844 0.035937 0.026562
0 0.567969 0.716406 0.032813 0.029687
0 0.044531 0.239844 0.017188 0.032813
0 0.541406 0.646094 0.079687 0.107813
0 0.272656 0.402344 0.048438 0.051562
0 0.542188 0.009375 0.059375 0.018750
0 0.717969 0.525000 0.039062 0.043750
0 0.075781 0.719531 0.023438 0.020313
0 0.237500 0.692969 0.065625 0.079687
0 0.034375 0.178125 0.028125 0.028125
0 0.935156 0.257812 0.051562 0.043750
0 0.046094 0.698438 0.054688 0.046875
0 0.846094 0.600000 0.032813 0.025000
0 0.385156 0.387500 0.104688 0.128125
0 0.346094 0.610938 0.042188 0.046875
0 0.060937 0.625000 0.037500 0.037500
0 0.845313 0.321875 0.096875 0.125000
0 0.196875 0.646094 0.025000 0.026562
0 0.471875 0.609375 0.034375 0.037500
0 0.587500 0.430469 0.034375 0.039062
0 0.599219 0.885156 0.039062 0.039062
0 0.678906 0.628906 0.029687 0.023438
0 0.764844 0.530469 0.035937 0.032813
0 0.018750 0.737500 0.037500 0.037500
0 0.436719 0.032031 0.073438 0.064062
0 0.831250 0.250781 0.103125 0.114062
0 0.431250 0.283594 0.078125 0.145313
0 0.170313 0.687500 0.043750 0.043750
0 0.516406 0.082031 0.079687 0.064062
0 0.853906 0.705469 0.035937 0.035937
0 0.264062 0.266406 0.050000 0.048438
0 0.235156 0.551562 0.048438 0.050000
0 0.021875 0.396875 0.034375 0.040625
0 0.498437 0.891406 0.040625 0.032813
0 0.107031 0.373437 0.098437 0.196875
1 0.084375 0.370312 0.168750 0.231250
0 0.018750 0.361719 0.015625 0.023438
0 0.031250 0.277344 0.018750 0.026562
0 0.642969 0.528906 0.023438 0.042188
0 0.390625 0.561719 0.084375 0.064062
0 0.071875 0.700781 0.021875 0.020313
