0 0.506977 0.461898 0.070203 0.120672
0 0.967969 0.789844 0.060937 0.073438
0 0.025781 0.519531 0.051562 0.189062
0 0.342969 0.017188 0.045312 0.034375
0 0.375000 0.078125 0.037500 0.053125
0 0.722656 0.082031 0.135937 0.135937
0 0.171094 0.203125 0.045312 0.040625
0 0.192969 0.928125 0.060937 0.053125
0 0.092188 0.292969 0.096875 0.092188
0 0.915625 0.650781 0.081250 0.070312
0 0.846094 0.124219 0.092188 0.070312
0 0.713281 0.624219 0.064062 0.057813
0 0.584375 0.113281 0.050000 0.054688
0 0.514062 0.806250 0.028125 0.031250
0 0.011719 0.171875 0.023438 0.028125
0 0.517188 0.162500 0.084375 0.065625
0 0.580469 0.949219 0.026562 0.029687
0 0.229687 0.166406 0.062500 0.060937
0 0.535156 0.010156 0.054688 0.020313
0 0.680469 0.752344 0.032813 0.035937
0 0.683594 0.633594 0.048438 0.048438
0 0.690625 0.821094 0.025000 0.029687
0 0.871875 0.891406 0.200000 0.195312
1 0.353094 0.059375 0.171812 0.118750
0 0.664844 0.496875 0.029687 0.025000
0 0.072656 0.625000 0.092188 0.062500
0 0.067969 0.055469 0.132812 0.110937
0 0.060937 0.765625 0.062500 0.056250
0 0.376563 0.952344 0.109375 0.095312
0 0.507031 0.344531 0.054688 0.048438
0 0.568750 0.681250 0.028125 0.028125
0 0.274219 0.714063 0.039062 0.046875
0 0.170313 0.107813 0.050000 0.043750
0 0.650000 0.172656 0.059375 0.051562
0 0.501563 0.285156 0.050000 0.048438
0 0.967187 0.028906 0.065625 0.057813
0 0.237500 0.029687 0.056250 0.056250
0 0.800609 0.530297 0.176219 0.188719
0 0.150000 0.472656 0.096875 0.101562
0 0.214062 0.207813 0.037500 0.031250
0 0.467969 0.053125 0.060937 0.043750
0 0.340625 0.675000 0.081250 0.081250
0 0.987500 0.868750 0.025000 0.087500
0 0.081250 0.490625 0.053125 0.084375
0 0.594531 0.052344 0.054688 0.054688
0 0.327344 0.779687 0.120313 0.134375
0 0.128125 0.705469 0.106250 0.129688
0 0.544211 0.478969 0.060297 0.095437
