0 0.686719 0.650000 0.060937 0.050000
0 0.698438 0.561719 0.034375 0.023438
0 0.603125 0.624219 0.028125 0.026562
0 0.541406 0.764844 0.023438 0.020313
0 0.972656 0.607031 0.054688 0.073438
0 0.375000 0.087500 0.043750 0.065625
0 0.521875 0.798438 0.018750 0.028125
0 0.335156 0.685937 0.020313 0.028125
0 0.660156 0.985938 0.026562 0.021875
0 0.897656 0.928906 0.029687 0.029687
0 0.479687 0.686719 0.021875 0.020313
0 0.830469 0.860156 0.151562 0.095312
0 0.544531 0.185156 0.057813 0.067187
0 0.299219 0.478906 0.104688 0.079687
0 0.556250 0.052344 0.059375 0.095312
0 0.579688 0.835156 0.021875 0.026562
0 0.307812 0.839844 0.021875 0.017188
0 0.371875 0.608594 0.103125 0.148438
0 0.751563 0.839063 0.018750 0.028125
0 0.551562 0.792969 0.021875 0.023438
0 0.282031 0.168750 0.035937 0.065625
0 0.332031 0.393750 0.023438 0.034375
0 0.783594 0.610938 0.064062 0.050000
0 0.602344 0.017969 0.042188 0.032813
0 0.834375 0.077344 0.056250 0.085938
0 0.530469 0.641406 0.057813 0.048438
0 0.429688 0.353125 0.012500 0.015625
0 0.380469 0.682813 0.060937 0.065625
0 0.955469 0.012500 0.054688 0.018750
0 0.318750 0.895312 0.012500 0.018750
0 0.292187 0.629687 0.021875 0.031250
0 0.614844 0.753906 0.039062 0.045312
0 0.292187 0.121094 0.018750 0.032813
0 0.798438 0.985156 0.021875 0.023438
0 0.864844 0.932813 0.029687 0.037500
0 0.400781 0.762500 0.020313 0.025000
0 0.739062 0.750000 0.206250 0.100000
0 0.637500 0.430469 0.031250 0.017188
0 0.386719 0.918750 0.020313 0.021875
0 0.946875 0.495312 0.106250 0.150000
0 0.371094 0.502344 0.029687 0.039062
0 0.442969 0.485938 0.107813 0.090625
0 0.991406 0.161719 0.017188 0.089063
0 0.460156 0.307812 0.045312 0.075000
0 0.636719 0.051562 0.079687 0.075000
0 0.242188 0.257031 0.043750 0.067187
0 0.897656 0.708594 0.082812 0.051562
0 0.724219 0.830469 0.029687 0.029687
0 0.950000 0.705469 0.018750 0.017188
0 0.673438 0.741406 0.006250 0.010937
0 0.709375 0.018750 0.056250 0.037500
0 0.703906 0.531250 0.045312 0.034375
0 0.237500 0.389062 0.046875 0.040625
0 0.983594 0.982031 0.032813 0.026562
0 0.575781 0.625781 0.026562 0.020313
0 0.589063 0.692187 0.050000 0.053125
0 0.900000 0.228125 0.131250 0.243750
0 0.579688 0.800000 0.021875 0.031250
0 0.723437 0.685156 0.034375 0.042188
0 0.576562 0.396094 0.068750 0.039062
0 0.242969 0.142969 0.051562 0.064062
0 0.596094 0.210156 0.060937 0.076563
0 0.796875 0.657813 0.034375 0.040625
0 0.647656 0.614844 0.035937 0.039062
0 0.716406 0.083594 0.107813 0.101562
0 0.841406 0.578125 0.060937 0.046875
0 0.663281 0.820312 0.104688 0.090625
0 0.828125 0.691406 0.037500 0.035937
0 0.448437 0.428125 0.034375 0.046875
0 0.826562 0.597656 0.012500 0.014063
0 0.821875 0.813281 0.065625 0.064062
0 0.371875 0.957812 0.081250 0.062500
0 0.976562 0.728125 0.046875 0.096875
0 0.553125 0.810937 0.021875 0.034375
0 0.426563 0.384375 0.034375 0.025000
0 0.803906 0.521094 0.079687 0.070312
0 0.924219 0.972656 0.039062 0.035937
0 0.598437 0.782031 0.025000 0.035937
0 0.524219 0.721094 0.014063 0.020313
0 0.928125 0.933594 0.046875 0.045312
0 0.779687 0.025000 0.034375 0.050000
0 0.882031 0.985156 0.035937 0.026562
0 0.982812 0.298438 0.034375 0.096875
0 0.588281 0.762500 0.029687 0.031250
0 0.364844 0.008594 0.054688 0.017188
0 0.297656 0.525781 0.020313 0.020313
0 0.621875 0.727344 0.025000 0.020313
0 0.453125 0.780469 0.046875 0.048438
0 0.319531 0.221875 0.020313 0.025000
0 0.582031 0.300000 0.064062 0.087500
0 0.928125 0.053125 0.028125 0.037500
1 0.821094 0.071875 0.145313 0.143750
1 0.960938 0.241406 0.078125 0.239063
0 0.863281 0.612500 0.026562 0.021875
0 0.564844 0.420312 0.023438 0.028125
0 0.482812 0.405469 0.028125 0.039062
0 0.297656 0.689844 0.067187 0.042188
0 0.335938 0.725000 0.059375 0.037500
0 0.338281 0.746875 0.014063 0.018750
0 0.360156 0.870313 0.023438 0.012500
0 0.409375 0.992188 0.015625 0.015625
0 0.743750 0.869531 0.034375 0.017188
0 0.888281 0.878125 0.014063 0.012500
0 0.903906 0.885156 0.014063 0.020313
0 0.914844 0.890625 0.017188 0.021875
0 0.883594 0.851562 0.039062 0.040625
0 0.904687 0.820312 0.028125 0.034375
0 0.928125 0.783594 0.034375 0.035937
0 0.886719 0.792188 0.029687 0.034375
0 0.612500 0.846094 0.018750 0.023438
0 0.675781 0.425000 0.023438 0.028125
1 0.648438 0.971875 0.150000 0.056250
1 0.768750 0.971094 0.078125 0.048438
1 0.519531 0.889844 0.185938 0.129688
1 0.551562 0.956250 0.043750 0.037500
1 0.690625 0.921094 0.237500 0.145313
1 0.482812 0.253125 0.546875 0.243750
0 0.528125 0.142187 0.043750 0.015625
