0 0.685937 0.378125 0.059375 0.053125
0 0.453125 0.800781 0.056250 0.057813
0 0.921875 0.077344 0.037500 0.045312
0 0.638281 0.195312 0.035937 0.043750
0 0.785156 0.872656 0.054688 0.039062
0 0.779687 0.046094 0.034375 0.029687
0 0.397656 0.634375 0.023438 0.018750
0 0.323437 0.343750 0.037500 0.037500
0 0.596094 0.413281 0.014063 0.014063
0 0.396875 0.974219 0.115625 0.048438
0 0.607031 0.076563 0.048438 0.043750
0 0.385937 0.797656 0.040625 0.039062
0 0.681250 0.597656 0.021875 0.020313
0 0.737500 0.300000 0.078125 0.056250
0 0.246875 0.684375 0.090625 0.068750
0 0.503906 0.098437 0.060937 0.031250
0 0.167969 0.377344 0.026562 0.023438
0 0.362500 0.258594 0.028125 0.023438
0 0.692969 0.260156 0.039062 0.042188
0 0.478906 0.400781 0.079687 0.067187
0 0.868750 0.289844 0.093750 0.085938
0 0.635938 0.456250 0.018750 0.018750
0 0.451562 0.163281 0.056250 0.039062
0 0.527344 0.417187 0.054688 0.053125
0 0.246875 0.605469 0.040625 0.048438
0 0.525781 0.486719 0.110937 0.095312
0 0.308594 0.737500 0.082812 0.071875
0 0.463281 0.870313 0.057813 0.053125
0 0.304688 0.205469 0.093750 0.070312
0 0.522656 0.351562 0.042188 0.046875
0 0.807031 0.196875 0.085938 0.068750
0 0.495312 0.253906 0.050000 0.029687
0 0.354687 0.321875 0.053125 0.031250
0 0.327344 0.910937 0.039062 0.046875
0 0.239063 0.310937 0.053125 0.046875
0 0.264062 0.800781 0.040625 0.051562
0 0.400781 0.221094 0.089063 0.073438
0 0.307812 0.555469 0.109375 0.132812
0 0.601562 0.492188 0.053125 0.053125
0 0.517969 0.729688 0.060937 0.056250
0 0.622656 0.046094 0.023438 0.026562
0 0.482812 0.781250 0.040625 0.043750
0 0.414062 0.182031 0.028125 0.023438
0 0.604688 0.292187 0.021875 0.021875
0 0.399219 0.871094 0.070312 0.060937
0 0.342187 0.865625 0.040625 0.046875
0 0.196875 0.525781 0.053125 0.054688
0 0.309375 0.960938 0.028125 0.025000
0 0.672656 0.890625 0.076563 0.087500
0 0.451562 0.109375 0.034375 0.031250
0 0.079687 0.436719 0.046875 0.039062
0 0.311719 0.374219 0.045312 0.032813
0 0.384375 0.360156 0.106250 0.095312
0 0.267188 0.431250 0.053125 0.056250
0 0.653125 0.805469 0.062500 0.039062
0 0.321094 0.439063 0.070312 0.065625
0 0.139063 0.535937 0.037500 0.043750
0 0.786719 0.236719 0.020313 0.023438
0 0.731250 0.260937 0.065625 0.053125
0 0.704688 0.986719 0.056250 0.026562
0 0.373437 0.575000 0.037500 0.046875
0 0.644531 0.955469 0.048438 0.048438
0 0.635938 0.306250 0.056250 0.053125
0 0.367969 0.627344 0.032813 0.020313
0 0.303906 0.307031 0.051562 0.048438
0 0.412500 0.472656 0.121875 0.101562
0 0.492969 0.322656 0.035937 0.035937
0 0.296875 0.816406 0.059375 0.082812
0 0.589063 0.841406 0.065625 0.064062
0 0.555469 0.567187 0.035937 0.043750
0 0.353906 0.607031 0.017188 0.017188
0 0.541406 0.214062 0.048438 0.050000
0 0.751563 0.940625 0.062500 0.078125
0 0.215625 0.266406 0.034375 0.029687
0 0.458594 0.229687 0.042188 0.025000
0 0.875000 0.450000 0.025000 0.018750
0 0.181250 0.496094 0.056250 0.057813
0 0.544531 0.182031 0.064062 0.048438
0 0.366406 0.322656 0.029687 0.029687
0 0.724219 0.100000 0.029687 0.025000
0 0.448437 0.717969 0.025000 0.029687
0 0.594531 0.296094 0.039062 0.035937
0 0.730469 0.403125 0.020313 0.015625
0 0.248438 0.850000 0.059375 0.068750
0 0.816406 0.560937 0.057813 0.043750
0 0.563281 0.069531 0.039062 0.042188
0 0.535937 0.134375 0.090625 0.053125
0 0.142187 0.383594 0.025000 0.023438
0 0.585938 0.552344 0.021875 0.023438
0 0.378906 0.679688 0.089063 0.087500
0 0.179688 0.349219 0.025000 0.023438
0 0.425781 0.281250 0.101562 0.081250
0 0.242188 0.389062 0.056250 0.050000
0 0.660156 0.422656 0.032813 0.042188
0 0.678906 0.485156 0.051562 0.042188
0 0.519531 0.994531 0.032813 0.010937
0 0.379688 0.171094 0.037500 0.029687
0 0.623437 0.098437 0.071875 0.046875
1 0.532813 0.303906 0.071875 0.060937
0 0.175781 0.311719 0.079687 0.079687
0 0.593750 0.134375 0.040625 0.050000
0 0.633594 0.619531 0.076563 0.051562
0 0.491406 0.212500 0.035937 0.031250
0 0.732031 0.109375 0.051562 0.043750
0 0.615625 0.021094 0.053125 0.026562
0 0.465625 0.215625 0.037500 0.028125
0 0.551562 0.047656 0.021875 0.020313
0 0.397656 0.914844 0.070312 0.051562
0 0.738281 0.334375 0.017188 0.018750
0 0.786719 0.828125 0.064062 0.037500
0 0.730469 0.078125 0.029687 0.018750
0 0.747656 0.064844 0.014063 0.010937
0 0.517969 0.042188 0.020313 0.031250
0 0.484375 0.067187 0.053125 0.053125
0 0.435156 0.092188 0.073438 0.050000
0 0.189844 0.956250 0.020313 0.018750
0 0.251563 0.268750 0.025000 0.018750
0 0.510156 0.485938 0.017188 0.021875
0 0.629687 0.224219 0.018750 0.023438
0 0.672656 0.154688 0.070312 0.084375
0 0.653906 0.244531 0.020313 0.014063
0 0.546875 0.765625 0.037500 0.028125
0 0.545312 0.828125 0.075000 0.071875
1 0.632812 0.190625 0.112500 0.103125
0 0.539062 0.290625 0.012500 0.015625
0 0.557031 0.300781 0.020313 0.023438
0 0.501563 0.364063 0.053125 0.043750
0 0.460938 0.352344 0.037500 0.057813
0 0.200781 0.414844 0.029687 0.023438
0 0.380469 0.189844 0.014063 0.014063
0 0.450000 0.063281 0.025000 0.032813
