0 0.617188 0.567969 0.050000 0.067187
0 0.646094 0.400781 0.042188 0.039062
0 0.747656 0.810937 0.048438 0.062500
0 0.778125 0.479687 0.087500 0.100000
0 0.860938 0.782813 0.031250 0.028125
0 0.840625 0.332813 0.021875 0.015625
0 0.807031 0.566406 0.045312 0.051562
0 0.704688 0.307812 0.059375 0.062500
0 0.248438 0.404687 0.028125 0.028125
0 0.097656 0.865625 0.051562 0.046875
1 0.257031 0.710938 0.079687 0.093750
0 0.275000 0.252344 0.034375 0.029687
0 0.079687 0.643750 0.037500 0.034375
0 0.646094 0.315625 0.020313 0.028125
0 0.235937 0.671875 0.028125 0.025000
0 0.333594 0.248438 0.039062 0.031250
0 0.111719 0.773438 0.039062 0.031250
0 0.257031 0.572656 0.029687 0.035937
1 0.976953 0.874320 0.047656 0.083016
0 0.010156 0.203125 0.020313 0.031250
0 0.070312 0.603125 0.034375 0.037500
0 0.778906 0.260156 0.035937 0.029687
0 0.228125 0.154688 0.090625 0.081250
0 0.080469 0.497656 0.079687 0.089063
0 0.796875 0.625000 0.018750 0.018750
0 0.676562 0.400781 0.015625 0.014063
0 0.485938 0.310156 0.134375 0.126562
0 0.128906 0.142969 0.035937 0.032813
0 0.406250 0.404687 0.084375 0.118750
0 0.624219 0.159375 0.035937 0.031250
0 0.719531 0.360156 0.035937 0.026562
0 0.185156 0.907031 0.029687 0.029687
0 0.775000 0.715625 0.028125 0.028125
0 0.897656 0.472656 0.054688 0.057813
0 0.064062 0.563281 0.034375 0.042188
0 0.820312 0.665625 0.018750 0.015625
0 0.255469 0.503125 0.064062 0.087500
0 0.825000 0.514062 0.062500 0.071875
0 0.264062 0.650000 0.021875 0.028125
0 0.021875 0.294531 0.040625 0.051562
0 0.518750 0.745313 0.087500 0.090625
0 0.271875 0.613281 0.037500 0.035937
0 0.196875 0.483594 0.031250 0.023438
0 0.929688 0.175781 0.068750 0.054688
0 0.171094 0.676562 0.032813 0.028125
0 0.615625 0.257812 0.018750 0.015625
0 0.217188 0.363281 0.034375 0.023438
0 0.437500 0.562500 0.084375 0.131250
0 0.607812 0.208594 0.046875 0.042188
0 0.700781 0.869531 0.010937 0.014063
0 0.790625 0.370312 0.084375 0.093750
0 0.286719 0.345313 0.060937 0.078125
0 0.883594 0.537500 0.054688 0.043750
0 0.339062 0.563281 0.121875 0.117188
0 0.621875 0.470313 0.046875 0.046875
0 0.339844 0.913281 0.039062 0.026562
0 0.296875 0.430469 0.046875 0.142187
0 0.173437 0.831250 0.018750 0.018750
0 0.211719 0.521875 0.032813 0.028125
0 0.371094 0.619531 0.029687 0.035937
0 0.331250 0.203125 0.031250 0.031250
0 0.717187 0.629687 0.071875 0.156250
0 0.274219 0.305469 0.035937 0.029687
0 0.228125 0.339062 0.031250 0.025000
0 0.985156 0.332813 0.029687 0.037500
0 0.852344 0.256250 0.029687 0.021875
0 0.177344 0.471094 0.023438 0.029687
0 0.939063 0.778125 0.012500 0.015625
0 0.217969 0.890625 0.032813 0.037500
0 0.236719 0.596094 0.026562 0.026562
0 0.989062 0.485156 0.021875 0.045312
0 0.716406 0.185156 0.082812 0.095312
0 0.653648 0.904687 0.072922 0.046875
0 0.985156 0.650000 0.029687 0.093750
0 0.634375 0.362500 0.037500 0.037500
0 0.186719 0.719531 0.035937 0.029687
0 0.282813 0.706250 0.034375 0.040625
0 0.335156 0.307031 0.026562 0.035937
0 0.132031 0.858594 0.017188 0.017188
0 0.579688 0.470313 0.015625 0.015625
0 0.648438 0.242188 0.034375 0.028125
0 0.660156 0.632812 0.020313 0.034375
0 0.967187 0.218750 0.050000 0.034375
0 0.708594 0.835938 0.010937 0.015625
0 0.667188 0.511719 0.018750 0.020313
0 0.898438 0.311719 0.037500 0.045312
0 0.842969 0.707812 0.020313 0.018750
0 0.732812 0.391406 0.031250 0.032813
0 0.675000 0.322656 0.025000 0.023438
0 0.634375 0.132812 0.046875 0.034375
0 0.764062 0.305469 0.062500 0.060937
0 0.589844 0.314063 0.039062 0.031250
1 0.988977 0.776633 0.021703 0.040766
0 0.061070 0.104664 0.090891 0.024953
0 0.062312 0.081023 0.080875 0.018297
0 0.639766 0.198063 0.029531 0.030500
0 0.653844 0.195500 0.029563 0.031625
