0 0.407031 0.707031 0.032813 0.057813
0 0.045312 0.582031 0.090625 0.251563
0 0.923438 0.402344 0.081250 0.054688
0 0.188281 0.763281 0.023438 0.020313
0 0.338281 0.784375 0.070312 0.046875
0 0.730469 0.417187 0.051562 0.040625
0 0.667969 0.236719 0.098437 0.070312
0 0.767188 0.581250 0.065625 0.043750
0 0.316406 0.150781 0.151562 0.107813
0 0.167187 0.578125 0.056250 0.043750
0 0.321875 0.694531 0.040625 0.032813
0 0.927344 0.057813 0.129688 0.065625
0 0.243750 0.517969 0.040625 0.039062
0 0.003906 0.267969 0.007812 0.026562
0 0.416406 0.221875 0.067187 0.046875
0 0.209375 0.187500 0.056250 0.031250
0 0.866406 0.542969 0.064062 0.060937
0 0.371094 0.674219 0.051562 0.039062
0 0.119531 0.108594 0.032813 0.020313
0 0.128906 0.914062 0.085938 0.053125
0 0.662500 0.425000 0.068750 0.065625
0 0.546094 0.119531 0.064062 0.067187
0 0.985156 0.405469 0.023438 0.051562
0 0.389062 0.291406 0.071875 0.048438
0 0.408594 0.175781 0.051562 0.035937
0 0.303125 0.612500 0.056250 0.050000
0 0.249219 0.842187 0.120313 0.134375
0 0.163281 0.399219 0.098437 0.076563
0 0.732812 0.628125 0.062500 0.059375
0 0.561719 0.825781 0.267188 0.107813
0 0.432812 0.838281 0.159375 0.120313
0 0.442969 0.128906 0.076563 0.092188
0 0.276562 0.564844 0.071875 0.048438
0 0.220312 0.484375 0.081250 0.062500
0 0.453906 0.720313 0.095312 0.131250
0 0.078906 0.453125 0.114062 0.225000
0 0.324219 0.270313 0.029687 0.015625
0 0.445312 0.407813 0.021875 0.021875
0 0.566406 0.710938 0.060937 0.050000
0 0.215625 0.251563 0.046875 0.031250
0 0.464844 0.450000 0.073438 0.046875
0 0.880469 0.117969 0.148438 0.051562
0 0.985938 0.300781 0.021875 0.054688
0 0.161719 0.277344 0.048438 0.035937
0 0.546875 0.463281 0.065625 0.057813
0 0.507812 0.585156 0.100000 0.135937
0 0.297656 0.910937 0.045312 0.043750
0 0.841406 0.115625 0.082812 0.043750
0 0.150781 0.526563 0.020313 0.018750
0 0.762500 0.053125 0.046875 0.043750
0 0.869531 0.443750 0.039062 0.046875
0 0.961719 0.770312 0.076563 0.121875
0 0.225781 0.220312 0.064062 0.043750
0 0.831250 0.384375 0.115625 0.078125
0 0.321875 0.339844 0.071875 0.070312
0 0.592969 0.484375 0.054688 0.040625
0 0.843750 0.183594 0.050000 0.051562
0 0.562500 0.667969 0.043750 0.032813
0 0.330469 0.823438 0.045312 0.040625
0 0.932813 0.117969 0.100000 0.054688
0 0.788281 0.111719 0.082812 0.051562
0 0.808594 0.685937 0.054688 0.046875
0 0.910937 0.345313 0.028125 0.021875
0 0.189062 0.665625 0.071875 0.037500
0 0.239844 0.408594 0.054688 0.039062
0 0.199219 0.127344 0.070312 0.039062
0 0.217969 0.362500 0.064062 0.046875
0 0.187500 0.314063 0.065625 0.043750
0 0.928906 0.235156 0.051562 0.051562
0 0.261719 0.304688 0.076563 0.056250
0 0.024219 0.756250 0.035937 0.037500
0 0.618750 0.168750 0.043750 0.040625
0 0.510938 0.400000 0.081250 0.059375
0 0.449219 0.603125 0.098437 0.115625
0 0.862500 0.909375 0.028125 0.021875
0 0.248438 0.638281 0.043750 0.035937
0 0.497656 0.243750 0.042188 0.043750
0 0.343750 0.659375 0.040625 0.031250
0 0.478906 0.708594 0.014063 0.029687
1 0.516406 0.400781 0.207813 0.201563
1 0.803125 0.368750 0.381250 0.234375
