0 0.259375 0.910937 0.034375 0.043750
0 0.614062 0.553906 0.068750 0.067187
0 0.684375 0.056250 0.078125 0.112500
0 0.799219 0.442969 0.032813 0.032813
0 0.285156 0.824219 0.039062 0.039062
0 0.831250 0.710156 0.031250 0.020313
0 0.155469 0.743750 0.026562 0.031250
0 0.007031 0.376563 0.014063 0.068750
0 0.355469 0.216406 0.085938 0.085938
0 0.855469 0.492188 0.051562 0.040625
0 0.043750 0.442969 0.087500 0.095312
0 0.889062 0.585156 0.059375 0.060937
0 0.645312 0.148438 0.059375 0.090625
0 0.373437 0.640625 0.062500 0.062500
0 0.629687 0.738281 0.043750 0.051562
0 0.557813 0.642969 0.062500 0.054688
0 0.826562 0.313281 0.037500 0.035937
0 0.689063 0.278906 0.031250 0.032813
0 0.271094 0.582812 0.039062 0.037500
0 0.934375 0.728125 0.021875 0.021875
0 0.803125 0.511719 0.053125 0.076563
0 0.490625 0.197656 0.165625 0.160938
0 0.260156 0.297656 0.160938 0.160938
0 0.077344 0.505469 0.098437 0.082812
0 0.968750 0.565625 0.018750 0.021875
0 0.528906 0.550781 0.048438 0.039062
0 0.945312 0.253906 0.034375 0.035937
0 0.854688 0.127344 0.037500 0.039062
0 0.899219 0.103906 0.032813 0.051562
0 0.982031 0.524219 0.026562 0.051562
0 0.824219 0.600000 0.067187 0.065625
0 0.843750 0.377344 0.028125 0.048438
0 0.662500 0.342187 0.071875 0.062500
0 0.221094 0.431250 0.114062 0.171875
0 0.527344 0.656250 0.039062 0.040625
0 0.193750 0.778125 0.050000 0.043750
0 0.151562 0.352344 0.053125 0.048438
0 0.923438 0.442188 0.046875 0.078125
0 0.555469 0.445312 0.067187 0.059375
0 0.975000 0.485156 0.015625 0.023438
0 0.492188 0.507812 0.037500 0.043750
0 0.811719 0.350781 0.042188 0.095312
0 0.134375 0.214844 0.056250 0.054688
0 0.815625 0.414062 0.034375 0.037500
0 0.461719 0.306250 0.070312 0.081250
0 0.437500 0.114062 0.043750 0.040625
0 0.290625 0.404687 0.109375 0.090625
0 0.641406 0.487500 0.067187 0.062500
0 0.297656 0.453906 0.035937 0.026562
0 0.767188 0.087500 0.056250 0.093750
0 0.424219 0.442969 0.051562 0.042188
0 0.547656 0.579688 0.045312 0.037500
0 0.839063 0.635938 0.078125 0.059375
0 0.647656 0.021875 0.051562 0.043750
0 0.879687 0.530469 0.059375 0.035937
0 0.951562 0.330469 0.037500 0.073438
0 0.124219 0.742188 0.045312 0.050000
0 0.285156 0.737500 0.042188 0.043750
0 0.807813 0.576562 0.034375 0.025000
0 0.967187 0.655469 0.012500 0.017188
0 0.938281 0.164844 0.039062 0.057813
0 0.584375 0.478906 0.078125 0.060937
0 0.110156 0.385156 0.054688 0.051562
0 0.916406 0.306250 0.048438 0.103125
0 0.272656 0.635938 0.039062 0.031250
0 0.825000 0.539844 0.034375 0.032813
0 0.655469 0.744531 0.023438 0.023438
0 0.943750 0.539062 0.028125 0.034375
0 0.674219 0.220312 0.060937 0.087500
0 0.985938 0.706250 0.028125 0.043750
0 0.164844 0.957812 0.029687 0.034375
0 0.382812 0.292969 0.084375 0.085938
0 0.635156 0.234375 0.023438 0.025000
0 0.736719 0.210938 0.048438 0.081250
0 0.348438 0.035937 0.059375 0.043750
0 0.722656 0.248438 0.039062 0.053125
0 0.802344 0.062500 0.045312 0.062500
0 0.083594 0.305469 0.054688 0.051562
0 0.931250 0.396094 0.021875 0.032813
0 0.182031 0.499219 0.029687 0.023438
0 0.492969 0.594531 0.023438 0.017188
0 0.950781 0.402344 0.048438 0.101562
0 0.734375 0.144531 0.053125 0.082812
0 0.526563 0.525781 0.021875 0.020313
0 0.869531 0.352344 0.020313 0.023438
0 0.934375 0.569531 0.025000 0.023438
0 0.922656 0.521875 0.026562 0.031250
0 0.978906 0.617188 0.042188 0.140625
0 0.964063 0.691406 0.012500 0.020313
0 0.836719 0.203125 0.067187 0.065625
0 0.992188 0.452344 0.015625 0.029687
0 0.923438 0.081250 0.050000 0.106250
0 0.776563 0.853906 0.053125 0.048438
0 0.881250 0.015625 0.037500 0.031250
0 0.928125 0.671094 0.034375 0.045312
0 0.901563 0.678906 0.037500 0.029687
0 0.879687 0.662500 0.043750 0.043750
0 0.907813 0.645312 0.015625 0.015625
1 0.944531 0.640625 0.042188 0.078125
0 0.857812 0.408594 0.025000 0.042188
0 0.891406 0.262500 0.017188 0.018750
0 0.870313 0.249219 0.040625 0.029687
0 0.888281 0.218750 0.014063 0.018750
0 0.935937 0.205469 0.031250 0.039062
0 0.714844 0.309375 0.029687 0.046875
0 0.724219 0.289844 0.020313 0.023438
0 0.746094 0.306250 0.054688 0.062500
0 0.764062 0.508594 0.034375 0.026562
0 0.753906 0.494531 0.014063 0.014063
0 0.928906 0.550000 0.017188 0.025000
0 0.784375 0.701562 0.078125 0.059375
0 0.757031 0.716406 0.067187 0.060937
0 0.611719 0.677344 0.057813 0.032813
0 0.548438 0.703125 0.056250 0.059375
0 0.579688 0.585938 0.015625 0.012500
0 0.567969 0.532031 0.054688 0.057813
0 0.422656 0.518750 0.126562 0.125000
0 0.023438 0.614062 0.025000 0.028125
0 0.318750 0.515625 0.018750 0.018750
0 0.514844 0.038281 0.098437 0.076563
0 0.599219 0.061719 0.101562 0.123438
0 0.530469 0.129688 0.089063 0.087500
0 0.550781 0.384375 0.060937 0.062500
0 0.602344 0.324219 0.126562 0.114062
0 0.728125 0.465625 0.015625 0.012500
0 0.721875 0.512500 0.090625 0.096875
0 0.711719 0.535937 0.020313 0.034375
1 0.686719 0.567969 0.045312 0.060937
1 0.727344 0.479687 0.201563 0.237500
1 0.857812 0.512500 0.156250 0.246875
1 0.845313 0.233594 0.165625 0.282813
0 0.557031 0.758594 0.054688 0.067187
