0 0.442969 0.451562 0.067187 0.068750
0 0.642969 0.571875 0.051562 0.053125
0 0.408594 0.510156 0.020313 0.014063
0 0.553906 0.071875 0.064062 0.028125
0 0.875781 0.160938 0.029687 0.043750
0 0.284375 0.413281 0.018750 0.014063
0 0.892969 0.401562 0.026562 0.021875
0 0.298438 0.648438 0.018750 0.015625
0 0.782031 0.739062 0.057813 0.062500
0 0.542969 0.689063 0.110937 0.059375
0 0.006250 0.300781 0.012500 0.020313
0 0.423438 0.734375 0.046875 0.034375
0 0.326562 0.858594 0.043750 0.032813
0 0.960938 0.607031 0.031250 0.029687
0 0.287500 0.777344 0.071875 0.029687
0 0.553125 0.528125 0.021875 0.025000
0 0.015625 0.721094 0.021875 0.029687
1 0.361719 0.330469 0.095312 0.085938
0 0.296875 0.592969 0.043750 0.039062
0 0.715625 0.100781 0.053125 0.057813
0 0.607812 0.653125 0.040625 0.037500
0 0.171094 0.607031 0.076563 0.070312
0 0.402344 0.378906 0.057813 0.057813
0 0.850781 0.589844 0.017188 0.017188
0 0.042188 0.796875 0.037500 0.034375
0 0.946875 0.556250 0.018750 0.025000
0 0.991406 0.644531 0.017188 0.023438
0 0.767188 0.548438 0.021875 0.015625
0 0.238281 0.386719 0.079687 0.079687
0 0.712500 0.537500 0.031250 0.031250
0 0.636719 0.884375 0.067187 0.059375
0 0.950781 0.307031 0.070312 0.073438
0 0.994531 0.680469 0.010937 0.017188
0 0.756250 0.795312 0.031250 0.028125
0 0.677344 0.554688 0.039062 0.031250
0 0.725000 0.847656 0.103125 0.082812
0 0.110156 0.650000 0.126562 0.103125
0 0.727344 0.754687 0.067187 0.056250
0 0.936719 0.246094 0.073438 0.082812
0 0.835156 0.752344 0.026562 0.026562
0 0.942969 0.057031 0.029687 0.026562
0 0.912500 0.432812 0.068750 0.059375
0 0.023438 0.567969 0.040625 0.026562
0 0.805469 0.542188 0.020313 0.015625
0 0.925781 0.164844 0.057813 0.060937
0 0.849219 0.489844 0.026562 0.023438
0 0.944531 0.629687 0.020313 0.018750
0 0.029687 0.487500 0.040625 0.025000
0 0.889844 0.203125 0.042188 0.034375
0 0.946094 0.647656 0.039062 0.039062
0 0.503906 0.791406 0.054688 0.042188
0 0.220312 0.406250 0.028125 0.018750
0 0.196094 0.309375 0.017188 0.012500
0 0.310156 0.442188 0.017188 0.012500
0 0.296875 0.625781 0.015625 0.014063
0 0.253125 0.747656 0.053125 0.035937
0 0.989062 0.620313 0.021875 0.025000
0 0.875000 0.661719 0.034375 0.026562
0 0.253125 0.467969 0.046875 0.042188
0 0.573438 0.741406 0.087500 0.073438
0 0.599219 0.826562 0.035937 0.034375
0 0.779687 0.566406 0.021875 0.017188
0 0.337500 0.641406 0.034375 0.039062
0 0.935937 0.578125 0.021875 0.021875
0 0.058594 0.510156 0.039062 0.023438
0 0.991406 0.591406 0.017188 0.017188
0 0.863281 0.407813 0.042188 0.031250
0 0.865625 0.122656 0.040625 0.057813
0 0.096875 0.446875 0.031250 0.028125
0 0.810156 0.797656 0.070312 0.057813
0 0.177344 0.553125 0.223438 0.190625
0 0.245312 0.900781 0.043750 0.045312
0 0.811719 0.717969 0.017188 0.023438
0 0.480469 0.719531 0.042188 0.026562
0 0.892969 0.698438 0.104688 0.078125
0 0.300781 0.126562 0.126562 0.109375
0 0.561719 0.857031 0.029687 0.029687
0 0.963281 0.359375 0.067187 0.065625
0 0.892969 0.576562 0.076563 0.109375
0 0.289062 0.693750 0.034375 0.034375
0 0.604688 0.442969 0.228125 0.185938
0 0.389844 0.119531 0.070312 0.076563
0 0.830469 0.697656 0.032813 0.026562
0 0.975781 0.571875 0.017188 0.018750
0 0.375781 0.635938 0.051562 0.040625
0 0.043750 0.444531 0.034375 0.020313
0 0.750000 0.439063 0.025000 0.021875
0 0.054688 0.549219 0.040625 0.026562
0 0.021875 0.929688 0.021875 0.034375
0 0.994531 0.564844 0.010937 0.032813
1 0.661719 0.337500 0.126562 0.231250
0 0.331250 0.328906 0.018750 0.026562
1 0.312500 0.528906 0.078125 0.167187
1 0.367188 0.529687 0.071875 0.168750
1 0.417969 0.599219 0.076563 0.154688
1 0.399219 0.787500 0.095312 0.121875
1 0.395313 0.746875 0.065625 0.050000
0 0.082031 0.829688 0.057813 0.040625
0 0.266406 0.792188 0.070312 0.034375
0 0.917188 0.635938 0.015625 0.012500
0 0.914844 0.624219 0.017188 0.017188
0 0.861719 0.639844 0.020313 0.017188
0 0.856250 0.655469 0.021875 0.014063
0 0.794531 0.670312 0.035937 0.037500
0 0.775781 0.686719 0.032813 0.039062
1 0.726562 0.725781 0.209375 0.195312
0 0.838281 0.550000 0.017188 0.015625
0 0.021875 0.216406 0.021875 0.020313
