0 0.016406 0.782031 0.017188 0.039062
0 0.455469 0.857031 0.073438 0.060937
0 0.774219 0.573438 0.064062 0.056250
0 0.391406 0.975000 0.067187 0.050000
1 0.717187 0.745313 0.118750 0.121875
0 0.654687 0.932813 0.025000 0.028125
0 0.890625 0.628125 0.034375 0.028125
0 0.168750 0.465625 0.021875 0.012500
0 0.504687 0.132031 0.028125 0.023438
0 0.735938 0.496875 0.115625 0.109375
0 0.541406 0.865625 0.085938 0.056250
0 0.585938 0.307812 0.056250 0.056250
0 0.557031 0.933594 0.039062 0.032813
0 0.607812 0.426563 0.071875 0.043750
0 0.313281 0.776563 0.020313 0.018750
0 0.078906 0.185938 0.035937 0.025000
0 0.485156 0.953906 0.064062 0.057813
0 0.067187 0.913281 0.012500 0.014063
1 0.373437 0.658594 0.234375 0.110937
0 0.072656 0.263281 0.032813 0.032813
0 0.567969 0.753125 0.035937 0.034375
0 0.442188 0.303125 0.050000 0.037500
0 0.851562 0.636719 0.025000 0.017188
0 0.532031 0.917969 0.029687 0.029687
0 0.135156 0.990625 0.026562 0.018750
0 0.565625 0.327344 0.015625 0.014063
0 0.276562 0.807031 0.043750 0.023438
0 0.014063 0.889844 0.009375 0.014063
0 0.943750 0.596094 0.053125 0.048438
0 0.826562 0.083594 0.096875 0.064062
0 0.328125 0.796875 0.053125 0.043750
0 0.533594 0.757812 0.045312 0.031250
0 0.603906 0.964063 0.095312 0.050000
0 0.456250 0.267969 0.053125 0.035937
0 0.443750 0.486719 0.206250 0.098437
0 0.098437 0.962500 0.040625 0.034375
0 0.298438 0.382812 0.021875 0.015625
0 0.978125 0.365625 0.040625 0.046875
0 0.465625 0.722656 0.028125 0.026562
0 0.611719 0.852344 0.070312 0.029687
0 0.293750 0.739062 0.031250 0.021875
0 0.521875 0.345313 0.062500 0.046875
0 0.434375 0.610156 0.034375 0.017188
0 0.964063 0.428125 0.053125 0.031250
0 0.639062 0.882812 0.028125 0.028125
0 0.560937 0.252344 0.071875 0.060937
0 0.524219 0.580469 0.145313 0.070312
0 0.271875 0.232031 0.062500 0.039062
0 0.375781 0.956250 0.032813 0.034375
0 0.767969 0.620313 0.032813 0.012500
0 0.290625 0.788281 0.018750 0.014063
0 0.724219 0.214062 0.157812 0.125000
0 0.342969 0.917188 0.054688 0.028125
0 0.179688 0.916406 0.037500 0.032813
0 0.208594 0.051562 0.060937 0.068750
0 0.436719 0.823438 0.073438 0.021875
0 0.154688 0.721094 0.037500 0.014063
0 0.931250 0.325000 0.021875 0.015625
0 0.527344 0.390625 0.039062 0.034375
0 0.987500 0.232813 0.015625 0.040625
0 0.593750 0.673438 0.034375 0.031250
0 0.821094 0.188281 0.057813 0.060937
0 0.761719 0.667188 0.020313 0.012500
0 0.609375 0.630469 0.034375 0.039062
0 0.696094 0.900781 0.048438 0.064062
0 0.042188 0.921875 0.015625 0.009375
0 0.240625 0.891406 0.034375 0.023438
0 0.658594 0.417969 0.014063 0.014063
0 0.103125 0.375000 0.203125 0.143750
0 0.646875 0.045312 0.093750 0.090625
0 0.146875 0.954688 0.053125 0.040625
0 0.109375 0.829688 0.056250 0.043750
0 0.046875 0.566406 0.021875 0.023438
0 0.510938 0.900781 0.015625 0.010937
0 0.898438 0.417187 0.087500 0.050000
0 0.167969 0.239063 0.142187 0.096875
0 0.340625 0.164062 0.034375 0.040625
0 0.632812 0.640625 0.015625 0.009375
0 0.551562 0.417187 0.037500 0.031250
0 0.027344 0.943750 0.032813 0.062500
0 0.721094 0.835938 0.114062 0.071875
0 0.992188 0.499219 0.015625 0.045312
0 0.545312 0.646875 0.028125 0.028125
0 0.042188 0.125000 0.031250 0.021875
0 0.392188 0.891406 0.037500 0.029687
0 0.070312 0.872656 0.034375 0.029687
0 0.811719 0.328125 0.145313 0.115625
0 0.309375 0.457031 0.056250 0.060937
0 0.642188 0.679688 0.031250 0.028125
0 0.169531 0.128125 0.042188 0.034375
0 0.283594 0.935156 0.014063 0.010937
0 0.532031 0.721875 0.023438 0.015625
0 0.827344 0.600000 0.035937 0.034375
0 0.165625 0.832812 0.046875 0.034375
0 0.298438 0.992969 0.062500 0.014063
0 0.881250 0.562500 0.012500 0.009375
0 0.158594 0.876563 0.060937 0.028125
0 0.019531 0.822656 0.020313 0.017188
0 0.418750 0.391406 0.062500 0.045312
0 0.221875 0.854688 0.037500 0.034375
0 0.864062 0.677344 0.106250 0.060937
0 0.439844 0.905469 0.095312 0.057813
0 0.454688 0.167187 0.028125 0.037500
0 0.475781 0.140625 0.023438 0.028125
0 0.778906 0.042969 0.098437 0.085938
0 0.339844 0.965625 0.026562 0.021875
0 0.735938 0.431250 0.171875 0.103125
0 0.496094 0.625000 0.039062 0.028125
0 0.771875 0.262500 0.021875 0.021875
0 0.417187 0.804688 0.081250 0.025000
0 0.700000 0.320312 0.059375 0.062500
0 0.514844 0.810937 0.085938 0.050000
0 0.546875 0.703125 0.031250 0.021875
0 0.451562 0.578906 0.028125 0.023438
0 0.811719 0.533594 0.064062 0.060937
0 0.445312 0.766406 0.028125 0.026562
0 0.675000 0.712500 0.028125 0.015625
0 0.318750 0.514844 0.043750 0.042188
0 0.561719 0.717187 0.026562 0.021875
0 0.240625 0.142969 0.031250 0.035937
0 0.357031 0.575781 0.095312 0.082812
0 0.589063 0.905469 0.043750 0.042188
0 0.351562 0.048438 0.075000 0.075000
0 0.382812 0.360938 0.040625 0.037500
0 0.140625 0.301563 0.034375 0.037500
0 0.040625 0.985156 0.043750 0.029687
0 0.929688 0.500000 0.050000 0.059375
0 0.295312 0.894531 0.046875 0.042188
0 0.210156 0.996875 0.032813 0.006250
0 0.325781 0.746094 0.023438 0.023438
0 0.420312 0.574219 0.031250 0.026562
0 0.644531 0.725000 0.014063 0.015625
0 0.274219 0.977344 0.092188 0.045312
0 0.021094 0.263281 0.042188 0.042188
0 0.423438 0.748437 0.015625 0.012500
0 0.581250 0.637500 0.025000 0.021875
0 0.377344 0.786719 0.032813 0.026562
0 0.817969 0.257031 0.064062 0.060937
0 0.188281 0.171094 0.045312 0.048438
0 0.442188 0.427344 0.046875 0.035937
0 0.213281 0.496094 0.020313 0.020313
0 0.108594 0.444531 0.042188 0.023438
0 0.035156 0.423438 0.042188 0.031250
0 0.054688 0.476562 0.081250 0.056250
1 0.182031 0.671094 0.226562 0.120313
0 0.600000 0.338281 0.021875 0.020313
0 0.690625 0.614062 0.021875 0.034375
0 0.671094 0.603906 0.020313 0.039062
0 0.689063 0.644531 0.037500 0.026562
0 0.741406 0.633594 0.032813 0.020313
0 0.774219 0.655469 0.023438 0.026562
0 0.639062 0.799219 0.028125 0.023438
1 0.613281 0.772656 0.082812 0.073438
0 0.581250 0.839844 0.021875 0.017188
0 0.501563 0.989062 0.031250 0.021875
0 0.478906 0.918750 0.014063 0.012500
0 0.353906 0.937500 0.048438 0.031250
0 0.260156 0.611719 0.035937 0.023438
0 0.236719 0.783594 0.020313 0.014063
0 0.635938 0.489844 0.028125 0.029687
0 0.611719 0.521094 0.026562 0.026562
0 0.592187 0.551562 0.034375 0.034375
0 0.607812 0.585156 0.021875 0.026562
0 0.537500 0.528906 0.062500 0.042188
0 0.485156 0.657813 0.017188 0.012500
0 0.064062 0.935156 0.018750 0.014063
0 0.229687 0.937500 0.031250 0.021875
1 0.764844 0.048438 0.148438 0.096875
1 0.893750 0.586719 0.068750 0.054688
1 0.977344 0.550781 0.039062 0.042188
1 0.335938 0.716406 0.131250 0.057813
1 0.527344 0.555469 0.251563 0.214062
0 0.386719 0.548438 0.020313 0.015625
0 0.326562 0.835938 0.096875 0.050000
1 0.307812 0.761719 0.171875 0.085938
0 0.628125 0.817187 0.015625 0.012500
0 0.250781 0.809375 0.023438 0.025000
