0 0.295312 0.488281 0.015625 0.014063
0 0.760156 0.321875 0.048438 0.034375
0 0.065625 0.727344 0.012500 0.007812
0 0.412500 0.385937 0.034375 0.043750
0 0.457031 0.788281 0.026562 0.023438
0 0.568750 0.264062 0.159375 0.134375
0 0.321875 0.514062 0.075000 0.065625
0 0.750781 0.640625 0.026562 0.018750
0 0.967187 0.236719 0.062500 0.042188
0 0.547656 0.516406 0.195312 0.092188
0 0.040625 0.408594 0.081250 0.145313
0 0.378125 0.630469 0.103125 0.079687
0 0.223000 0.932875 0.024125 0.022000
0 0.659375 0.165625 0.059375 0.040625
0 0.446875 0.397656 0.068750 0.057813
0 0.303125 0.616406 0.046875 0.039062
0 0.043750 0.498437 0.018750 0.015625
0 0.550781 0.142969 0.132812 0.079687
0 0.150781 0.814063 0.020313 0.018750
0 0.099914 0.532367 0.099828 0.211609
0 0.647656 0.585938 0.067187 0.071875
0 0.473438 0.271094 0.034375 0.045312
0 0.192969 0.307812 0.051562 0.037500
0 0.028125 0.139063 0.056250 0.050000
0 0.821094 0.314844 0.035937 0.032813
0 0.962500 0.581250 0.071875 0.143750
0 0.029687 0.557813 0.043750 0.084375
0 0.044531 0.324219 0.032813 0.029687
0 0.550781 0.357031 0.057813 0.039062
0 0.939063 0.967969 0.025000 0.026562
0 0.939063 0.479687 0.037500 0.034375
0 0.589063 0.573438 0.031250 0.021875
0 0.748609 0.508422 0.150344 0.069969
0 0.410156 0.345313 0.039062 0.031250
0 0.007031 0.718750 0.014063 0.015625
0 0.892188 0.689063 0.050000 0.031250
0 0.985938 0.768313 0.028125 0.024125
0 0.160938 0.165625 0.071875 0.056250
0 0.964063 0.451562 0.046875 0.034375
0 0.979688 0.379688 0.037500 0.043750
0 0.083594 0.804688 0.020313 0.015625
0 0.567187 0.641750 0.025000 0.024125
0 0.252344 0.313281 0.048438 0.057813
0 0.123438 0.961719 0.021875 0.014063
0 0.396875 0.939063 0.021875 0.018750
0 0.977344 0.908594 0.042188 0.029687
0 0.918750 0.333594 0.059375 0.042188
0 0.936719 0.167969 0.114062 0.073438
0 0.471875 0.575781 0.034375 0.039062
0 0.355469 0.438281 0.132812 0.092188
0 0.643750 0.325000 0.106250 0.084375
0 0.096094 0.702344 0.035937 0.051562
0 0.687500 0.225000 0.059375 0.050000
0 0.039062 0.778125 0.031250 0.034375
0 0.150781 0.673438 0.010937 0.012500
0 0.167969 0.593750 0.017188 0.015625
0 0.168750 0.209375 0.034375 0.018750
0 0.850781 0.258594 0.142187 0.098437
0 0.663281 0.852344 0.035937 0.032813
0 0.474219 0.620313 0.039062 0.046875
0 0.100000 0.318750 0.071875 0.046875
0 0.221875 0.550781 0.037500 0.042188
0 0.172656 0.818750 0.026562 0.021875
0 0.407031 0.788281 0.042188 0.039062
0 0.783594 0.278125 0.051562 0.031250
0 0.971875 0.283594 0.053125 0.042188
0 0.073438 0.639844 0.012500 0.017188
0 0.873437 0.536719 0.106250 0.114062
0 0.358500 0.725969 0.098250 0.095688
0 0.092188 0.368750 0.053125 0.050000
0 0.575000 0.842969 0.028125 0.026562
0 0.980188 0.709148 0.038500 0.033922
0 0.664844 0.261719 0.051562 0.026562
0 0.243750 0.219531 0.050000 0.039062
0 0.400781 0.181250 0.214062 0.134375
0 0.832812 0.410938 0.168750 0.131250
0 0.603125 0.438281 0.109375 0.145313
0 0.027344 0.758594 0.014063 0.010937
0 0.225000 0.511719 0.046875 0.042188
0 0.475000 0.429688 0.056250 0.043750
0 0.457813 0.835938 0.021875 0.018750
0 0.180469 0.452344 0.051562 0.051562
0 0.036719 0.283594 0.067187 0.051562
0 0.013312 0.189391 0.026625 0.035031
0 0.978125 0.331250 0.043750 0.046875
0 0.947656 0.979688 0.035937 0.037500
0 0.968750 0.847656 0.040625 0.026562
0 0.513047 0.687117 0.082344 0.077359
0 0.244664 0.147219 0.089328 0.047563
0 0.075000 0.680469 0.018750 0.029687
0 0.979688 0.970313 0.028125 0.021875
0 0.028922 0.623711 0.045344 0.028672
0 0.059609 0.616570 0.016094 0.020641
0 0.204234 0.945219 0.011594 0.012313
0 0.173742 0.852625 0.009984 0.017750
0 0.140883 0.785633 0.019266 0.036891
0 0.117813 0.777922 0.023125 0.021469
0 0.128523 0.798766 0.007047 0.010031
0 0.115148 0.756328 0.020922 0.025156
0 0.103125 0.733758 0.021875 0.020641
0 0.111727 0.716914 0.010953 0.011953
1 0.032945 0.556344 0.065891 0.206437
0 0.008188 0.222117 0.013250 0.025484
0 0.015711 0.225359 0.018922 0.031969
0 0.340844 0.773125 0.119188 0.140000
1 0.006594 0.807820 0.013187 0.118766
1 0.011687 0.879461 0.023375 0.027672
1 0.144523 0.934703 0.139047 0.131906
0 0.618656 0.527484 0.071688 0.042469
0 0.764109 0.561133 0.031344 0.028516
0 0.928336 0.663641 0.050422 0.030406
0 0.954609 0.659070 0.037344 0.030641
