0 0.055469 0.375781 0.026562 0.029687
0 0.361719 0.275000 0.051562 0.037500
0 0.218750 0.620313 0.043750 0.043750
0 0.309375 0.168750 0.056250 0.046875
0 0.780469 0.489063 0.089063 0.081250
0 0.059375 0.132031 0.015625 0.020313
0 0.340625 0.889062 0.040625 0.043750
0 0.781250 0.895312 0.050000 0.090625
0 0.474219 0.047656 0.101562 0.067187
0 0.624219 0.788281 0.098437 0.110937
0 0.482031 0.259375 0.045312 0.075000
0 0.483594 0.410938 0.042188 0.037500
0 0.733594 0.520312 0.048438 0.040625
0 0.403906 0.039062 0.064062 0.062500
0 0.911719 0.964844 0.048438 0.070312
0 0.565625 0.559375 0.062500 0.068750
0 0.698438 0.346875 0.118750 0.131250
0 0.924219 0.537500 0.114062 0.100000
0 0.182031 0.070312 0.026562 0.025000
1 0.207031 0.378125 0.132812 0.143750
0 0.644531 0.571094 0.060937 0.051562
0 0.855469 0.512500 0.045312 0.040625
0 0.406250 0.397656 0.103125 0.064062
0 0.591406 0.717969 0.064062 0.079687
0 0.872656 0.907031 0.039062 0.039062
0 0.509375 0.501563 0.059375 0.075000
0 0.478906 0.185938 0.067187 0.062500
0 0.796094 0.328906 0.032813 0.039062
0 0.415625 0.116406 0.021875 0.020313
0 0.610156 0.290625 0.089063 0.078125
0 0.419531 0.727344 0.023438 0.023438
0 0.292969 0.276562 0.023438 0.018750
0 0.932031 0.750781 0.045312 0.054688
0 0.377344 0.154688 0.076563 0.096875
0 0.446094 0.611719 0.064062 0.085938
0 0.810156 0.253125 0.057813 0.059375
0 0.356250 0.674219 0.050000 0.045312
0 0.432031 0.089063 0.048438 0.040625
0 0.035156 0.503125 0.029687 0.031250
0 0.633594 0.096875 0.076563 0.050000
0 0.362500 0.329688 0.103125 0.084375
0 0.406250 0.196875 0.090625 0.065625
0 0.285156 0.582812 0.042188 0.034375
0 0.082031 0.210156 0.017188 0.017188
0 0.044531 0.543750 0.051562 0.053125
0 0.478125 0.096875 0.034375 0.031250
0 0.181250 0.672656 0.040625 0.042188
0 0.833594 0.456250 0.070312 0.059375
0 0.291406 0.501563 0.098437 0.090625
0 0.033594 0.387500 0.017188 0.021875
0 0.733594 0.290625 0.079687 0.075000
0 0.296094 0.636719 0.048438 0.045312
0 0.110156 0.844531 0.042188 0.042188
0 0.639062 0.653125 0.037500 0.031250
0 0.091406 0.628125 0.101562 0.087500
0 0.646094 0.243750 0.032813 0.040625
0 0.582812 0.161719 0.065625 0.060937
0 0.885938 0.335938 0.040625 0.037500
0 0.446875 0.474219 0.068750 0.073438
0 0.698438 0.430469 0.062500 0.057813
0 0.517969 0.097656 0.060937 0.060937
0 0.586719 0.196094 0.060937 0.048438
0 0.145313 0.082031 0.040625 0.042188
0 0.918750 0.460938 0.018750 0.018750
0 0.086719 0.818750 0.032813 0.040625
0 0.263281 0.150781 0.020313 0.026562
0 0.500000 0.592187 0.087500 0.056250
1 0.143750 0.130469 0.087500 0.110937
0 0.551562 0.261719 0.090625 0.114062
0 0.740625 0.186719 0.031250 0.026562
0 0.218750 0.540625 0.046875 0.050000
0 0.376563 0.553906 0.134375 0.201563
0 0.802344 0.678906 0.076563 0.082812
0 0.471875 0.144531 0.053125 0.045312
0 0.272656 0.790625 0.045312 0.043750
0 0.286719 0.326562 0.057813 0.065625
0 0.726562 0.477344 0.025000 0.035937
0 0.921875 0.864844 0.043750 0.042188
0 0.901563 0.383594 0.043750 0.045312
0 0.212500 0.571875 0.046875 0.050000
0 0.238281 0.720313 0.042188 0.040625
0 0.098437 0.136719 0.056250 0.067187
0 0.935156 0.645312 0.035937 0.028125
0 0.066406 0.185156 0.051562 0.054688
0 0.133594 0.560937 0.076563 0.071875
0 0.344531 0.235937 0.067187 0.065625
0 0.817969 0.351562 0.029687 0.025000
0 0.554688 0.506250 0.031250 0.037500
0 0.971094 0.405469 0.039062 0.039062
0 0.254688 0.290625 0.040625 0.037500
0 0.628125 0.520312 0.075000 0.068750
0 0.261719 0.612500 0.039062 0.043750
0 0.157031 0.449219 0.051562 0.045312
0 0.909375 0.417187 0.037500 0.040625
0 0.061719 0.234375 0.039062 0.046875
0 0.656250 0.219531 0.028125 0.023438
0 0.682031 0.176563 0.048438 0.028125
0 0.730469 0.212500 0.042188 0.037500
0 0.088281 0.085938 0.029687 0.031250
0 0.178906 0.303906 0.132812 0.154688
0 0.557813 0.646094 0.068750 0.073438
0 0.302344 0.817187 0.039062 0.040625
0 0.252344 0.249219 0.039062 0.042188
0 0.320312 0.730469 0.034375 0.032813
0 0.117188 0.190625 0.046875 0.046875
0 0.197656 0.032031 0.039062 0.039062
0 0.011719 0.554688 0.023438 0.040625
0 0.322656 0.858594 0.042188 0.042188
0 0.937500 0.355469 0.037500 0.026562
0 0.060156 0.297656 0.085938 0.132812
0 0.648438 0.703906 0.062500 0.073438
0 0.461719 0.329688 0.145313 0.096875
0 0.660156 0.263281 0.045312 0.039062
0 0.898438 0.443750 0.018750 0.018750
0 0.973437 0.489844 0.053125 0.076563
0 0.324219 0.384375 0.073438 0.065625
0 0.586719 0.336719 0.032813 0.042188
0 0.528906 0.688281 0.032813 0.039062
0 0.282031 0.442969 0.054688 0.051562
1 0.204687 0.463281 0.140625 0.142187
0 0.565625 0.435937 0.096875 0.109375
0 0.384375 0.834375 0.034375 0.031250
0 0.617969 0.454688 0.032813 0.043750
0 0.921875 0.271094 0.056250 0.057813
0 0.986719 0.381250 0.026562 0.053125
0 0.564844 0.790625 0.092188 0.071875
0 0.792969 0.291406 0.039062 0.042188
0 0.682813 0.559375 0.034375 0.040625
0 0.102344 0.409375 0.104688 0.125000
1 0.164844 0.037500 0.082812 0.075000
0 0.907031 0.632812 0.039062 0.031250
0 0.974219 0.672656 0.045312 0.226562
0 0.878906 0.715625 0.235937 0.356250
