0 0.185938 0.706250 0.028125 0.034375
0 0.335938 0.214062 0.040625 0.031250
0 0.974219 0.414844 0.051562 0.029687
0 0.398438 0.358594 0.046875 0.048438
0 0.050000 0.565625 0.040625 0.028125
0 0.845313 0.311719 0.046875 0.029687
0 0.465625 0.714063 0.021875 0.015625
0 0.535937 0.557031 0.043750 0.035937
0 0.714844 0.664844 0.145313 0.126562
0 0.583594 0.457813 0.060937 0.034375
0 0.878125 0.218750 0.053125 0.040625
0 0.325000 0.741406 0.018750 0.014063
0 0.050781 0.337500 0.060937 0.037500
0 0.642188 0.622656 0.046875 0.032813
0 0.309375 0.932813 0.015625 0.018750
0 0.696875 0.790625 0.062500 0.034375
0 0.617969 0.761719 0.104688 0.060937
0 0.137500 0.858594 0.046875 0.029687
0 0.237500 0.660156 0.078125 0.035937
0 0.453906 0.557813 0.039062 0.037500
0 0.127344 0.314063 0.067187 0.059375
0 0.951562 0.294531 0.034375 0.017188
0 0.599219 0.176563 0.067187 0.056250
0 0.300781 0.631250 0.035937 0.025000
0 0.609375 0.105469 0.081250 0.076563
0 0.919398 0.527867 0.160672 0.143234
0 0.446875 0.767969 0.034375 0.035937
0 0.232031 0.518750 0.035937 0.028125
0 0.303125 0.192188 0.040625 0.021875
0 0.589844 0.717969 0.042188 0.039062
0 0.887500 0.951562 0.093750 0.096875
0 0.046875 0.714844 0.037500 0.035937
0 0.167187 0.629687 0.040625 0.031250
0 0.498437 0.125000 0.093750 0.087500
0 0.093750 0.810156 0.075000 0.060937
0 0.333594 0.773438 0.048438 0.034375
0 0.030469 0.657422 0.060937 0.080469
0 0.458594 0.809375 0.067187 0.037500
0 0.977344 0.752344 0.045312 0.042188
0 0.559680 0.220078 0.088109 0.115156
0 0.428125 0.159375 0.050000 0.037500
0 0.792836 0.190117 0.101297 0.161484
0 0.941406 0.254688 0.042188 0.034375
0 0.189062 0.846875 0.021875 0.018750
0 0.006250 0.343750 0.012500 0.034375
0 0.652344 0.211242 0.035937 0.041234
0 0.045312 0.864258 0.090625 0.106641
0 0.037500 0.957617 0.075000 0.065234
0 0.678125 0.315625 0.034375 0.034375
0 0.477344 0.308594 0.060937 0.057813
0 0.054688 0.266406 0.093750 0.064062
0 0.434375 0.620313 0.103125 0.062500
0 0.252344 0.491406 0.029687 0.017188
0 0.067187 0.691602 0.040625 0.036328
0 0.947656 0.583594 0.032813 0.032813
0 0.926562 0.782813 0.068750 0.075000
0 0.358594 0.657813 0.054688 0.050000
0 0.647656 0.531250 0.060937 0.050000
0 0.424219 0.272656 0.035937 0.035937
0 0.407031 0.442383 0.060937 0.050391
0 0.582609 0.983594 0.068344 0.032813
0 0.057813 0.647656 0.031250 0.020313
0 0.477930 0.356250 0.040234 0.031250
0 0.950000 0.367969 0.096875 0.057813
0 0.145313 0.357031 0.028125 0.020313
0 0.656250 0.559375 0.059375 0.037500
0 0.254688 0.271094 0.103125 0.107813
0 0.900000 0.647656 0.096875 0.110937
0 0.108594 0.596875 0.048438 0.028125
0 0.006250 0.764062 0.009375 0.021875
0 0.735938 0.885156 0.025000 0.017188
0 0.260156 0.578125 0.148438 0.093750
0 0.487500 0.390625 0.028125 0.034375
0 0.535156 0.789062 0.020313 0.012500
0 0.619531 0.337500 0.032813 0.031250
0 0.276562 0.439063 0.021875 0.018750
0 0.264062 0.465625 0.056250 0.031250
0 0.503906 0.489844 0.092188 0.085938
0 0.819531 0.802344 0.014063 0.010937
0 0.077344 0.197656 0.123438 0.057813
0 0.556250 0.362500 0.062500 0.031250
0 0.864062 0.432812 0.084375 0.050000
0 0.767188 0.621875 0.059375 0.037500
0 0.995313 0.922656 0.009375 0.023438
0 0.728906 0.278125 0.035937 0.034375
0 0.317188 0.968750 0.018750 0.015625
0 0.985156 0.582812 0.029687 0.075000
0 0.547656 0.281250 0.070312 0.075000
0 0.660937 0.339062 0.046875 0.031250
0 0.584375 0.680469 0.046875 0.039062
0 0.015234 0.573633 0.030469 0.053516
0 0.024219 0.426563 0.045312 0.065625
0 0.223438 0.759375 0.021875 0.018750
0 0.506250 0.225000 0.050000 0.053125
0 0.239063 0.696094 0.071875 0.042188
0 0.853125 0.491406 0.050000 0.051562
0 0.226562 0.208594 0.075000 0.057813
0 0.994531 0.325000 0.010937 0.028125
0 0.806250 0.739062 0.121875 0.103125
0 0.305305 0.392250 0.063734 0.062625
0 0.114102 0.445602 0.078203 0.088078
0 0.234172 0.394773 0.012094 0.020797
0 0.194148 0.378555 0.041422 0.019609
0 0.025055 0.505141 0.050109 0.069656
0 0.428469 0.537820 0.022562 0.035016
0 0.675391 0.446391 0.010156 0.017781
0 0.712367 0.364641 0.024734 0.023031
1 0.150883 0.453375 0.248641 0.256750
1 0.338258 0.428820 0.264016 0.329516
1 0.755336 0.465953 0.188797 0.316281
0 0.749445 0.483195 0.114516 0.163266
0 0.029727 0.838539 0.015703 0.014578
