0 0.369531 0.783594 0.020313 0.020313
0 0.445312 0.678906 0.025000 0.032813
0 0.330469 0.542188 0.017188 0.015625
0 0.476562 0.507812 0.034375 0.025000
0 0.267188 0.466406 0.059375 0.064062
0 0.512500 0.418750 0.034375 0.025000
1 0.965625 0.716000 0.068750 0.091375
0 0.246875 0.534375 0.018750 0.034375
0 0.393750 0.148438 0.043750 0.034375
0 0.915625 0.491406 0.087500 0.095312
0 0.450781 0.409375 0.017188 0.015625
0 0.451562 0.499219 0.025000 0.010937
0 0.233594 0.369531 0.039062 0.070312
0 0.946875 0.264062 0.028125 0.040625
0 0.215625 0.546094 0.021875 0.039062
0 0.482812 0.028125 0.090625 0.056250
0 0.443750 0.615625 0.021875 0.018750
0 0.525000 0.552344 0.084375 0.076563
0 0.369531 0.118750 0.054688 0.040625
0 0.865625 0.202344 0.037500 0.032813
0 0.350000 0.835938 0.012500 0.015625
0 0.876563 0.260937 0.040625 0.034375
0 0.521875 0.843750 0.025000 0.034375
0 0.197656 0.503906 0.026562 0.035937
0 0.228125 0.310937 0.034375 0.031250
0 0.960938 0.613281 0.050000 0.039062
1 0.353383 0.295656 0.106766 0.085062
0 0.339844 0.796094 0.007812 0.014063
0 0.815625 0.453906 0.031250 0.032813
0 0.100000 0.153906 0.034375 0.032813
1 0.481305 0.291812 0.187609 0.064875
0 0.014063 0.335156 0.015625 0.026562
0 0.362500 0.464062 0.034375 0.037500
0 0.134375 0.466406 0.015625 0.026562
0 0.842187 0.470313 0.034375 0.028125
0 0.444531 0.109375 0.042188 0.034375
0 0.181250 0.242188 0.040625 0.096875
0 0.366406 0.349219 0.085938 0.073438
1 0.539477 0.317836 0.194578 0.073172
0 0.357031 0.722656 0.048438 0.048438
1 0.254937 0.730875 0.041125 0.121125
0 0.420312 0.646875 0.021875 0.025000
0 0.184375 0.724219 0.021875 0.042188
0 0.557813 0.153906 0.028125 0.026562
0 0.711719 0.484375 0.073438 0.103125
0 0.937500 0.678125 0.037500 0.028125
0 0.900000 0.304688 0.050000 0.096875
0 0.923438 0.594531 0.031250 0.026562
0 0.140625 0.171875 0.043750 0.034375
0 0.964844 0.928125 0.035937 0.028125
0 0.466406 0.072656 0.060937 0.039062
0 0.368750 0.637500 0.021875 0.021875
0 0.146875 0.383594 0.050000 0.120313
0 0.976562 0.554688 0.046875 0.128125
0 0.503906 0.441406 0.039062 0.035937
0 0.428125 0.228125 0.059375 0.065625
0 0.871875 0.512500 0.034375 0.034375
0 0.177344 0.342187 0.039062 0.068750
0 0.389062 0.526563 0.021875 0.021875
0 0.078906 0.040625 0.020313 0.031250
0 0.510156 0.907813 0.026562 0.031250
1 0.485422 0.762406 0.080219 0.134187
0 0.407031 0.860938 0.014063 0.009375
0 0.075000 0.207031 0.034375 0.042188
0 0.714063 0.560156 0.034375 0.042188
0 0.732812 0.603125 0.034375 0.037500
0 0.214844 0.404687 0.045312 0.084375
0 0.964063 0.654687 0.025000 0.031250
0 0.325781 0.241812 0.026562 0.027375
0 0.594531 0.257031 0.035937 0.054688
0 0.794531 0.088281 0.101562 0.095312
0 0.421875 0.785937 0.025000 0.046875
0 0.267188 0.639844 0.037500 0.060937
0 0.342187 0.650781 0.015625 0.032813
0 0.182812 0.478906 0.037500 0.085938
0 0.247656 0.413281 0.029687 0.026562
0 0.147391 0.536844 0.066656 0.104937
0 0.756250 0.647656 0.037500 0.035937
0 0.684375 0.081250 0.043750 0.034375
0 0.390625 0.627344 0.021875 0.035937
1 0.152344 0.626563 0.039062 0.084375
0 0.833594 0.785937 0.045312 0.034375
0 0.199219 0.867969 0.020313 0.042188
0 0.879687 0.378125 0.034375 0.034375
0 0.495312 0.217188 0.043750 0.037500
0 0.313281 0.619531 0.060937 0.126562
0 0.448437 0.177344 0.046875 0.039062
0 0.932031 0.571094 0.042188 0.042188
0 0.931250 0.196094 0.046875 0.032813
0 0.830469 0.300781 0.039062 0.029687
0 0.250000 0.827344 0.009375 0.020313
0 0.259375 0.265625 0.021875 0.021875
0 0.386719 0.672656 0.020313 0.023438
0 0.050781 0.115625 0.054688 0.040625
0 0.918750 0.846094 0.018750 0.020313
0 0.404687 0.562500 0.025000 0.025000
0 0.099219 0.094531 0.023438 0.039062
0 0.108594 0.239063 0.045312 0.059375
0 0.034375 0.288281 0.021875 0.026562
1 0.184070 0.798008 0.033766 0.114766
0 0.287500 0.365625 0.031250 0.031250
0 0.221875 0.697656 0.046875 0.132812
0 0.182812 0.628906 0.021875 0.020313
0 0.371875 0.506250 0.015625 0.018750
0 0.203125 0.178906 0.034375 0.032813
0 0.446875 0.916406 0.025000 0.020313
0 0.622656 0.403906 0.157812 0.164062
1 0.439844 0.509367 0.110937 0.168734
0 0.865625 0.684375 0.034375 0.028125
0 0.278125 0.834375 0.009375 0.012500
0 0.230469 0.849219 0.014063 0.017188
0 0.896094 0.729688 0.035937 0.028125
0 0.199023 0.568828 0.038672 0.068906
0 0.361719 0.663281 0.017188 0.026562
0 0.203906 0.839844 0.017188 0.026562
0 0.825781 0.332813 0.035937 0.028125
0 0.917969 0.140625 0.042188 0.034375
0 0.301563 0.692187 0.034375 0.046875
0 0.337500 0.578906 0.018750 0.020313
0 0.939063 0.405469 0.046875 0.164062
0 0.356250 0.596875 0.018750 0.021875
0 0.225781 0.610938 0.017188 0.034375
0 0.989414 0.906055 0.022578 0.018359
0 0.992945 0.923000 0.014016 0.014750
0 0.856711 0.889133 0.044672 0.047016
0 0.597352 0.034336 0.094703 0.034297
0 0.595328 0.011242 0.090656 0.022484
0 0.229664 0.253898 0.037453 0.014047
0 0.012812 0.212719 0.019375 0.131688
0 0.016352 0.370805 0.013953 0.047859
0 0.075555 0.349141 0.019859 0.013906
0 0.138437 0.572016 0.011250 0.019031
0 0.124195 0.578727 0.020266 0.023078
0 0.178156 0.688492 0.009437 0.011359
0 0.274164 0.707094 0.023328 0.057937
0 0.192648 0.755664 0.010297 0.014453
0 0.208273 0.754578 0.010297 0.021656
1 0.089102 0.418781 0.046953 0.118813
1 0.100055 0.299570 0.096984 0.061641
1 0.094555 0.412625 0.110984 0.231500
0 0.229680 0.472187 0.028109 0.050625
0 0.207625 0.437352 0.024625 0.024703
