0 0.385156 0.237500 0.032813 0.078125
0 0.296094 0.250781 0.114062 0.098437
0 0.136719 0.459375 0.101562 0.184375
0 0.447656 0.271094 0.129688 0.073438
0 0.040625 0.131250 0.081250 0.087500
0 0.383594 0.782031 0.029687 0.048438
0 0.912500 0.429688 0.031250 0.021875
0 0.618750 0.253906 0.046875 0.039062
0 0.822656 0.562500 0.039062 0.040625
0 0.452344 0.484375 0.048438 0.043750
0 0.613281 0.475000 0.060937 0.087500
0 0.039062 0.725000 0.034375 0.037500
0 0.475000 0.603125 0.028125 0.031250
0 0.621875 0.525781 0.031250 0.026562
0 0.445312 0.192969 0.056250 0.070312
0 0.332813 0.717187 0.056250 0.109375
0 0.481250 0.421875 0.056250 0.065625
0 0.823438 0.439063 0.046875 0.040625
0 0.247656 0.028125 0.054688 0.043750
0 0.411719 0.420312 0.089063 0.096875
0 0.246094 0.662500 0.048438 0.034375
0 0.890625 0.553125 0.037500 0.037500
0 0.771094 0.588281 0.039062 0.039062
0 0.040625 0.059375 0.081250 0.090625
0 0.331250 0.452344 0.034375 0.032813
0 0.724219 0.701562 0.032813 0.025000
0 0.853125 0.926562 0.037500 0.028125
0 0.020313 0.655469 0.037500 0.048438
0 0.667969 0.534375 0.023438 0.021875
0 0.296875 0.741406 0.021875 0.017188
0 0.069531 0.898438 0.076563 0.084375
0 0.024219 0.587500 0.048438 0.043750
0 0.021875 0.950000 0.043750 0.046875
0 0.834375 0.638281 0.025000 0.020313
0 0.454688 0.091406 0.062500 0.042188
0 0.603125 0.605469 0.059375 0.076563
0 0.682031 0.687500 0.048438 0.043750
0 0.267969 0.412500 0.114062 0.084375
0 0.660156 0.500781 0.020313 0.023438
0 0.544531 0.435937 0.070312 0.065625
0 0.362500 0.191406 0.071875 0.101562
0 0.964063 0.552344 0.059375 0.048438
0 0.725000 0.647656 0.028125 0.042188
0 0.378125 0.665625 0.015625 0.018750
0 0.922656 0.325781 0.020313 0.017188
0 0.524219 0.065625 0.082812 0.093750
0 0.920312 0.354687 0.040625 0.046875
0 0.256250 0.615625 0.103125 0.050000
0 0.387500 0.437500 0.103125 0.225000
0 0.557031 0.145313 0.048438 0.040625
0 0.264062 0.316406 0.084375 0.126562
0 0.990625 0.703125 0.018750 0.034375
0 0.493750 0.014844 0.037500 0.029687
0 0.421875 0.415625 0.062500 0.053125
0 0.760938 0.689844 0.040625 0.039062
0 0.053125 0.189062 0.046875 0.106250
0 0.292969 0.570312 0.067187 0.053125
0 0.721875 0.987500 0.034375 0.025000
0 0.558594 0.328906 0.042188 0.032813
0 0.800781 0.234375 0.057813 0.053125
0 0.367969 0.010156 0.054688 0.017188
0 0.163281 0.026562 0.073438 0.034375
0 0.948438 0.877344 0.025000 0.020313
0 0.162500 0.161719 0.056250 0.045312
0 0.459375 0.151562 0.071875 0.059375
0 0.876563 0.308594 0.040625 0.039062
0 0.965625 0.770312 0.034375 0.028125
0 0.071875 0.502344 0.043750 0.135937
0 0.743750 0.201563 0.043750 0.034375
0 0.692187 0.328125 0.046875 0.046875
0 0.414062 0.354687 0.050000 0.084375
0 0.367969 0.079687 0.089063 0.050000
0 0.036719 0.303906 0.073438 0.092188
0 0.941484 0.937508 0.057969 0.059391
0 0.114844 0.576562 0.045312 0.037500
0 0.915625 0.283594 0.037500 0.032813
0 0.032813 0.465625 0.065625 0.196875
0 0.121875 0.692187 0.146875 0.125000
0 0.405469 0.567187 0.032813 0.028125
0 0.680469 0.771875 0.051562 0.059375
0 0.328906 0.401562 0.042188 0.062500
0 0.156250 0.309375 0.059375 0.046875
0 0.022656 0.017969 0.035937 0.026562
0 0.810937 0.987500 0.034375 0.021875
0 0.968750 0.721875 0.028125 0.025000
0 0.428125 0.055469 0.021875 0.017188
0 0.627344 0.767188 0.057813 0.084375
0 0.257812 0.514062 0.131250 0.084375
0 0.896875 0.513281 0.053125 0.051562
0 0.196875 0.583594 0.106250 0.039062
0 0.292187 0.185156 0.031250 0.023438
0 0.478906 0.363281 0.070312 0.054688
0 0.760938 0.328125 0.046875 0.040625
0 0.925781 0.841406 0.035937 0.035937
0 0.676562 0.372656 0.043750 0.048438
0 0.985156 0.384375 0.029687 0.021875
0 0.555469 0.493750 0.032813 0.025000
0 0.244531 0.103125 0.107813 0.056250
0 0.431305 0.635297 0.084484 0.098719
0 0.439445 0.763555 0.057016 0.133359
0 0.489563 0.678281 0.029125 0.028437
0 0.586812 0.674453 0.020500 0.030156
0 0.052453 0.488172 0.014281 0.026344
0 0.273883 0.317430 0.016516 0.022359
0 0.149289 0.005953 0.073578 0.011906
0 0.982461 0.489805 0.033672 0.042109
0 0.983031 0.449586 0.034813 0.027297
0 0.760313 0.751680 0.033125 0.025234
1 0.585125 0.416820 0.167125 0.218016
