0 0.840625 0.283594 0.021875 0.023438
0 0.333594 0.413281 0.045312 0.048438
0 0.784375 0.439063 0.028125 0.028125
0 0.377344 0.825000 0.042188 0.053125
0 0.789844 0.255469 0.029687 0.039062
0 0.818750 0.567969 0.031250 0.039062
0 0.635938 0.402344 0.078125 0.107813
0 0.976562 0.345313 0.015625 0.037500
0 0.485938 0.335156 0.037500 0.048438
0 0.578906 0.341406 0.098437 0.110937
0 0.051562 0.245312 0.062500 0.100000
0 0.691406 0.940625 0.039062 0.050000
0 0.950000 0.181250 0.028125 0.050000
0 0.931250 0.615625 0.096875 0.125000
0 0.539844 0.510156 0.089063 0.082812
0 0.492188 0.505469 0.031250 0.026562
0 0.713281 0.236719 0.023438 0.023438
0 0.800000 0.739844 0.050000 0.064062
0 0.417187 0.912500 0.043750 0.084375
0 0.425781 0.333594 0.117188 0.101562
0 0.279687 0.796094 0.093750 0.132812
0 0.718750 0.845313 0.034375 0.037500
0 0.779687 0.787500 0.084375 0.100000
0 0.016406 0.321094 0.032813 0.123438
0 0.678906 0.295312 0.032813 0.046875
0 0.906250 0.421875 0.034375 0.034375
0 0.307812 0.871094 0.053125 0.073438
0 0.635938 0.266406 0.043750 0.060937
0 0.595313 0.639062 0.121875 0.109375
0 0.867969 0.671875 0.167187 0.253125
0 0.396875 0.493750 0.143750 0.150000
0 0.109375 0.226562 0.068750 0.084375
0 0.494531 0.850781 0.082812 0.132812
0 0.539062 0.618750 0.137500 0.112500
0 0.264844 0.290625 0.035937 0.043750
0 0.323437 0.571094 0.078125 0.129688
0 0.450000 0.414844 0.068750 0.079687
0 0.397656 0.971094 0.054688 0.057813
0 0.875000 0.389844 0.037500 0.032813
0 0.748437 0.243750 0.050000 0.043750
0 0.593750 0.237500 0.043750 0.062500
0 0.807031 0.289844 0.039062 0.042188
0 0.119531 0.726562 0.051562 0.071875
0 0.422656 0.221875 0.189062 0.146875
0 0.089844 0.453125 0.079687 0.087500
0 0.188281 0.367969 0.085938 0.098437
0 0.667188 0.585938 0.021875 0.012500
0 0.568750 0.857812 0.050000 0.078125
0 0.518750 0.401562 0.093750 0.093750
0 0.570312 0.435937 0.068750 0.075000
0 0.075000 0.120313 0.084375 0.109375
0 0.663281 0.649219 0.076563 0.073438
0 0.277344 0.425781 0.076563 0.079687
0 0.164062 0.425000 0.081250 0.109375
0 0.021875 0.078906 0.043750 0.035937
0 0.237500 0.129688 0.059375 0.081250
0 0.656250 0.945312 0.037500 0.050000
1 0.100781 0.953906 0.095312 0.092188
0 0.626563 0.739062 0.096875 0.103125
0 0.965625 0.832812 0.028125 0.046875
0 0.545312 0.232031 0.078125 0.107813
0 0.935156 0.299219 0.095312 0.095312
0 0.522656 0.045312 0.048438 0.056250
0 0.690625 0.338281 0.031250 0.039062
0 0.646875 0.310937 0.031250 0.037500
0 0.882031 0.788281 0.073438 0.079687
0 0.746094 0.396094 0.101562 0.070312
0 0.789844 0.451562 0.029687 0.050000
0 0.735938 0.566406 0.071875 0.067187
0 0.396875 0.029687 0.043750 0.043750
0 0.276562 0.357812 0.068750 0.071875
0 0.170313 0.058594 0.059375 0.035937
0 0.399219 0.725000 0.142187 0.209375
0 0.686719 0.885938 0.032813 0.043750
0 0.994531 0.873437 0.010937 0.050000
0 0.301563 0.332031 0.075000 0.079687
0 0.179688 0.151562 0.084375 0.100000
0 0.645312 0.848437 0.096875 0.140625
0 0.705469 0.603906 0.079687 0.073438
0 0.753125 0.475000 0.031250 0.037500
0 0.961719 0.785937 0.020313 0.021875
0 0.079687 0.234375 0.109375 0.096875
0 0.842969 0.891406 0.129688 0.145313
0 0.903906 0.490625 0.064062 0.078125
0 0.125000 0.871094 0.121875 0.245312
0 0.250781 0.737500 0.054688 0.071875
0 0.552344 0.948438 0.223438 0.103125
0 0.606250 0.271875 0.021875 0.025000
0 0.239844 0.665625 0.017188 0.025000
0 0.767188 0.471094 0.043750 0.045312
0 0.771875 0.353906 0.050000 0.060937
0 0.432812 0.018750 0.034375 0.028125
0 0.720313 0.692187 0.040625 0.053125
0 0.360938 0.935156 0.018750 0.023438
0 0.399219 0.392969 0.057813 0.060937
0 0.492969 0.548438 0.045312 0.043750
0 0.171875 0.559375 0.103125 0.115625
0 0.826562 0.610156 0.034375 0.048438
0 0.042969 0.660156 0.073438 0.192188
0 0.911719 0.925781 0.107813 0.057813
0 0.718750 0.319531 0.028125 0.042188
0 0.929688 0.266406 0.068750 0.064062
0 0.303125 0.682031 0.034375 0.020313
0 0.319531 0.667188 0.029687 0.021875
0 0.231250 0.243750 0.031250 0.021875
0 0.222656 0.225000 0.023438 0.025000
0 0.485938 0.124219 0.168750 0.167187
0 0.711719 0.168750 0.029687 0.025000
0 0.928906 0.024219 0.023438 0.048438
1 0.610938 0.642188 0.440625 0.331250
1 0.376563 0.216406 0.406250 0.242188
