0 0.556250 0.549219 0.065625 0.067187
0 0.359375 0.427344 0.050000 0.051562
0 0.591406 0.491406 0.020313 0.014063
0 0.438281 0.928906 0.064062 0.026562
0 0.119531 0.834375 0.029687 0.043750
0 0.715625 0.591406 0.018750 0.014063
0 0.107031 0.592187 0.026562 0.021875
0 0.704688 0.356250 0.018750 0.015625
0 0.222266 0.256742 0.057031 0.060359
0 0.460938 0.311719 0.109375 0.057813
0 0.991406 0.707031 0.017188 0.020313
0 0.581250 0.267969 0.046875 0.032813
0 0.679688 0.146094 0.043750 0.032813
0 0.040625 0.386719 0.031250 0.029687
0 0.716984 0.226883 0.071469 0.028766
0 0.448437 0.471875 0.021875 0.025000
0 0.989062 0.288281 0.021875 0.029687
1 0.635547 0.671953 0.092969 0.084531
0 0.704688 0.411719 0.043750 0.039062
0 0.277344 0.896875 0.051562 0.056250
0 0.395313 0.345313 0.040625 0.037500
0 0.831250 0.398438 0.075000 0.068750
0 0.596695 0.621828 0.055891 0.056156
0 0.152344 0.405469 0.017188 0.017188
0 0.964063 0.210938 0.037500 0.034375
0 0.054688 0.437500 0.018750 0.025000
0 0.009375 0.346094 0.018750 0.023438
0 0.234375 0.448437 0.021875 0.015625
0 0.759750 0.618680 0.078875 0.077984
0 0.289062 0.459375 0.031250 0.031250
0 0.370312 0.113281 0.065625 0.057813
0 0.046875 0.685937 0.068750 0.071875
0 0.007812 0.310156 0.012500 0.017188
0 0.250000 0.201563 0.031250 0.028125
0 0.324219 0.443750 0.039062 0.031250
0 0.282031 0.150000 0.101562 0.081250
0 0.893750 0.357031 0.125000 0.101562
0 0.278125 0.241406 0.065625 0.054688
0 0.059375 0.746875 0.071875 0.081250
0 0.171094 0.242969 0.026562 0.026562
0 0.049219 0.936719 0.029687 0.026562
0 0.088281 0.561719 0.067187 0.057813
0 0.978125 0.441406 0.040625 0.026562
0 0.196094 0.453125 0.020313 0.015625
0 0.070312 0.826562 0.056250 0.059375
0 0.150781 0.505469 0.026562 0.023438
0 0.058594 0.362500 0.020313 0.018750
0 0.970313 0.521875 0.040625 0.025000
0 0.105469 0.790625 0.042188 0.034375
0 0.057031 0.346094 0.039062 0.039062
0 0.502344 0.209375 0.054688 0.040625
0 0.778125 0.600000 0.028125 0.018750
0 0.801141 0.696797 0.017906 0.012344
0 0.689844 0.562500 0.017188 0.012500
0 0.706250 0.378906 0.015625 0.014063
0 0.751563 0.257812 0.053125 0.034375
0 0.011719 0.371875 0.023438 0.025000
0 0.129688 0.332031 0.034375 0.026562
0 0.746875 0.537500 0.046875 0.040625
0 0.430469 0.257812 0.085938 0.071875
0 0.407031 0.171875 0.035937 0.034375
0 0.221875 0.430469 0.021875 0.017188
0 0.665625 0.363281 0.034375 0.039062
0 0.067187 0.415625 0.021875 0.021875
0 0.941406 0.499219 0.039062 0.023438
0 0.011719 0.400781 0.017188 0.017188
0 0.136719 0.585938 0.042188 0.031250
0 0.127523 0.870961 0.039422 0.057547
0 0.902828 0.561125 0.030656 0.028500
0 0.195312 0.196875 0.068750 0.056250
0 0.823969 0.452742 0.219813 0.186734
0 0.763281 0.103906 0.042188 0.045312
0 0.192969 0.277344 0.017188 0.023438
0 0.524219 0.282031 0.042188 0.026562
0 0.110937 0.296094 0.103125 0.076563
0 0.693750 0.877344 0.125000 0.107813
0 0.446094 0.142969 0.029687 0.029687
0 0.035937 0.633594 0.065625 0.064062
0 0.109375 0.417969 0.075000 0.107813
0 0.714063 0.310937 0.034375 0.034375
0 0.395313 0.555469 0.225000 0.182812
0 0.603211 0.881508 0.068922 0.075516
0 0.172656 0.297656 0.032813 0.026562
0 0.025781 0.420312 0.017188 0.018750
0 0.627344 0.367969 0.051562 0.039062
0 0.956250 0.564844 0.034375 0.020313
0 0.250000 0.557813 0.025000 0.021875
0 0.946875 0.458594 0.040625 0.026562
0 0.985938 0.079687 0.021875 0.034375
0 0.006250 0.425781 0.012500 0.032813
1 0.335898 0.660000 0.121797 0.229375
0 0.665578 0.674555 0.018656 0.027234
1 0.687711 0.474797 0.075422 0.165219
1 0.634461 0.472328 0.068922 0.166531
1 0.583937 0.403094 0.074125 0.153062
1 0.605063 0.214531 0.094500 0.119687
1 0.610414 0.255125 0.064578 0.047750
0 0.924375 0.177336 0.058125 0.039047
0 0.739789 0.212031 0.070203 0.033437
0 0.086063 0.358148 0.015875 0.013172
0 0.088141 0.369766 0.016906 0.017656
0 0.141602 0.354141 0.020703 0.017656
0 0.147156 0.338000 0.022437 0.013500
0 0.209781 0.323789 0.035187 0.038203
0 0.227500 0.308852 0.033125 0.039578
1 0.278289 0.271227 0.206578 0.192453
0 0.163305 0.443539 0.017234 0.015203
0 0.974805 0.793156 0.021484 0.020688
