0 0.463281 0.054688 0.051562 0.046875
0 0.506250 0.269531 0.062500 0.073438
0 0.901563 0.342187 0.053125 0.059375
0 0.411719 0.132031 0.051562 0.051562
0 0.442188 0.081250 0.043750 0.034375
0 0.714844 0.304688 0.039062 0.046875
0 0.778906 0.512500 0.039062 0.050000
0 0.795312 0.221875 0.046875 0.034375
0 0.453906 0.370312 0.020313 0.015625
0 0.368750 0.256250 0.046875 0.037500
0 0.757812 0.696875 0.071875 0.100000
0 0.443750 0.860938 0.046875 0.068750
0 0.547656 0.642969 0.020313 0.026562
0 0.766406 0.173437 0.067187 0.056250
0 0.010156 0.584375 0.017188 0.040625
0 0.113281 0.523438 0.107813 0.162500
0 0.661719 0.559375 0.051562 0.053125
0 0.761719 0.838281 0.101562 0.104688
0 0.420312 0.496875 0.021875 0.021875
0 0.037500 0.178125 0.050000 0.040625
0 0.310156 0.961719 0.098437 0.057813
0 0.521094 0.371875 0.035937 0.037500
0 0.173437 0.758594 0.106250 0.117188
0 0.802344 0.350000 0.048438 0.037500
0 0.678906 0.241406 0.032813 0.026562
0 0.815625 0.677344 0.078125 0.073438
0 0.706250 0.943750 0.096875 0.100000
0 0.466406 0.276562 0.032813 0.028125
0 0.397656 0.885156 0.017188 0.017188
0 0.028906 0.499102 0.057813 0.126328
0 0.503125 0.750000 0.034375 0.037500
0 0.059375 0.049219 0.043750 0.035937
0 0.377344 0.928125 0.017188 0.021875
0 0.655469 0.326562 0.020313 0.015625
0 0.112500 0.322656 0.100000 0.148438
0 0.453125 0.640625 0.075000 0.184375
0 0.810937 0.896875 0.025000 0.028125
0 0.516406 0.334375 0.042188 0.031250
0 0.418750 0.363281 0.053125 0.042188
0 0.546875 0.134375 0.090625 0.106250
0 0.453906 0.178125 0.045312 0.034375
0 0.573438 0.571875 0.046875 0.043750
0 0.574219 0.278906 0.073438 0.067187
0 0.823438 0.528125 0.053125 0.068750
0 0.239844 0.222656 0.173437 0.154688
0 0.382031 0.639844 0.035937 0.042188
0 0.437500 0.265625 0.025000 0.034375
0 0.595313 0.355469 0.093750 0.104688
0 0.005469 0.178125 0.010937 0.031250
0 0.371875 0.441406 0.059375 0.051562
0 0.410938 0.192969 0.021875 0.017188
0 0.414062 0.318750 0.053125 0.050000
0 0.600781 0.231250 0.042188 0.034375
0 0.321094 0.434375 0.023438 0.021875
0 0.335000 0.574297 0.051250 0.057969
0 0.046875 0.107031 0.050000 0.039062
0 0.949219 0.646875 0.060937 0.071875
0 0.685156 0.489844 0.054688 0.064062
0 0.557031 0.478125 0.110937 0.118750
0 0.603125 0.523438 0.065625 0.075000
0 0.930469 0.726562 0.064062 0.075000
0 0.351094 0.550594 0.064687 0.060562
0 0.473461 0.131008 0.028172 0.037016
0 0.454242 0.131180 0.033484 0.034234
0 0.797937 0.596508 0.055250 0.064891
