0 0.551562 0.853906 0.028125 0.064062
0 0.605469 0.353125 0.017188 0.021875
0 0.527344 0.891406 0.032813 0.067187
0 0.828125 0.475000 0.056250 0.053125
0 0.728125 0.577344 0.021875 0.020313
0 0.814063 0.353906 0.021875 0.051562
0 0.578125 0.793750 0.021875 0.018750
0 0.918750 0.765625 0.009375 0.009375
0 0.884375 0.552344 0.021875 0.039062
0 0.610938 0.253125 0.021875 0.018750
0 0.396094 0.356250 0.014063 0.015625
0 0.063836 0.402242 0.087047 0.085734
0 0.390625 0.141406 0.021875 0.035937
0 0.559375 0.496875 0.021875 0.021875
0 0.757031 0.583594 0.014063 0.020313
0 0.408594 0.392188 0.045312 0.050000
0 0.418750 0.514062 0.034375 0.034375
0 0.603125 0.607031 0.018750 0.020313
0 0.173437 0.678906 0.031250 0.020313
0 0.645312 0.314844 0.018750 0.017188
0 0.071875 0.927344 0.025000 0.051562
0 0.057813 0.882812 0.018750 0.018750
0 0.379688 0.453906 0.031250 0.029687
0 0.533594 0.260156 0.048438 0.051562
0 0.839844 0.647656 0.029687 0.026562
0 0.909375 0.438281 0.050000 0.048438
0 0.796875 0.492188 0.018750 0.056250
0 0.250000 0.651563 0.034375 0.050000
0 0.791406 0.821094 0.035937 0.039062
0 0.848437 0.284375 0.053125 0.037500
0 0.793750 0.378125 0.021875 0.021875
0 0.147437 0.492508 0.019875 0.025641
0 0.771875 0.571094 0.034375 0.035937
0 0.490625 0.797656 0.056250 0.076563
0 0.211719 0.867969 0.023438 0.023438
0 0.715625 0.850000 0.015625 0.021875
0 0.726562 0.503125 0.009375 0.015625
0 0.405469 0.303906 0.095312 0.114062
0 0.912500 0.346875 0.043750 0.071875
0 0.555469 0.221094 0.029687 0.029687
0 0.669531 0.414844 0.020313 0.023438
0 0.006648 0.838305 0.013297 0.082859
0 0.901563 0.764844 0.012500 0.010937
0 0.812500 0.571094 0.046875 0.073438
0 0.401562 0.663281 0.046875 0.054688
0 0.960156 0.453125 0.026562 0.021875
0 0.476562 0.642969 0.021875 0.020313
0 0.715625 0.394531 0.031250 0.032813
0 0.453125 0.890625 0.025000 0.021875
0 0.989062 0.514844 0.021875 0.039062
0 0.900484 0.540742 0.025969 0.037734
0 0.859375 0.364063 0.034375 0.034375
0 0.592187 0.374219 0.034375 0.026562
0 0.980469 0.645312 0.032813 0.028125
0 0.931250 0.547656 0.021875 0.020313
0 0.020313 0.606250 0.034375 0.053125
0 0.573438 0.853906 0.018750 0.017188
0 0.157352 0.510055 0.024078 0.016984
0 0.977344 0.579688 0.045312 0.084375
0 0.606250 0.635156 0.021875 0.023438
0 0.726562 0.420312 0.025000 0.034375
0 0.040625 0.809375 0.021875 0.034375
0 0.766406 0.827344 0.020313 0.020313
0 0.167187 0.007812 0.021875 0.015625
0 0.332031 0.868750 0.020313 0.021875
0 0.546875 0.138281 0.040625 0.035937
0 0.862500 0.693750 0.021875 0.046875
0 0.687500 0.342187 0.018750 0.015625
0 0.333594 0.134375 0.039062 0.034375
0 0.181469 0.528547 0.034813 0.022719
0 0.475000 0.504687 0.093750 0.146875
0 0.559375 0.519531 0.021875 0.023438
0 0.303906 0.336719 0.054688 0.042188
0 0.640625 0.385156 0.028125 0.029687
0 0.509375 0.853125 0.025000 0.018750
0 0.593750 0.504687 0.018750 0.025000
0 0.722656 0.598437 0.023438 0.025000
0 0.049219 0.642969 0.035937 0.042188
0 0.585938 0.658594 0.018750 0.020313
0 0.072656 0.835938 0.017188 0.018750
0 0.301563 0.175000 0.018750 0.015625
0 0.110156 0.091406 0.023438 0.020313
0 0.247656 0.439063 0.048438 0.053125
0 0.711656 0.710820 0.026438 0.046641
0 0.740625 0.484375 0.021875 0.021875
0 0.606250 0.315625 0.025000 0.021875
0 0.769531 0.602344 0.017188 0.014063
0 0.325781 0.406250 0.020313 0.018750
0 0.292969 0.790625 0.029687 0.031250
0 0.582812 0.684375 0.018750 0.018750
0 0.167969 0.729688 0.029687 0.031250
0 0.791406 0.612258 0.020313 0.037016
0 0.278906 0.864062 0.079687 0.096875
0 0.942187 0.417969 0.028125 0.023438
0 0.605469 0.394531 0.017188 0.020313
0 0.643750 0.273438 0.018750 0.015625
0 0.544531 0.442188 0.054688 0.109375
0 0.078906 0.888281 0.029687 0.039062
0 0.567187 0.567969 0.078125 0.076563
0 0.404687 0.435937 0.028125 0.034375
0 0.063078 0.307930 0.069906 0.068984
0 0.980469 0.382031 0.035937 0.042188
0 0.452344 0.078906 0.051562 0.082812
0 0.757031 0.336719 0.023438 0.023438
0 0.507812 0.390625 0.031250 0.025000
0 0.582812 0.610156 0.028125 0.023438
0 0.591406 0.278125 0.017188 0.021875
0 0.870992 0.482031 0.054484 0.070312
0 0.626563 0.186719 0.056250 0.076563
0 0.865625 0.764062 0.025000 0.028125
0 0.006250 0.405469 0.012500 0.017188
0 0.885938 0.810937 0.015625 0.015625
0 0.826562 0.407031 0.046875 0.064062
0 0.835938 0.328125 0.021875 0.021875
0 0.942969 0.600781 0.039062 0.067187
0 0.782813 0.275000 0.059375 0.084375
0 0.896875 0.676562 0.025000 0.031250
0 0.934375 0.699219 0.034375 0.042188
0 0.594531 0.434375 0.026562 0.025000
0 0.948438 0.503906 0.071875 0.051562
0 0.503125 0.118750 0.034375 0.031250
0 0.387500 0.534375 0.034375 0.046875
0 0.778125 0.346875 0.012500 0.015625
0 0.496875 0.435156 0.031250 0.048438
0 0.203125 0.332031 0.096875 0.107813
0 0.390367 0.624180 0.015109 0.017109
0 0.092969 0.270313 0.054688 0.062500
0 0.210938 0.129688 0.046875 0.040625
0 0.579688 0.742188 0.037500 0.043750
0 0.532813 0.621094 0.034375 0.029687
0 0.992188 0.463281 0.015625 0.023438
0 0.600000 0.458594 0.025000 0.029687
0 0.500000 0.678125 0.015625 0.018750
0 0.186719 0.599219 0.035937 0.032813
0 0.032813 0.534375 0.031250 0.059375
0 0.673438 0.321094 0.018750 0.020313
0 0.231250 0.034375 0.046875 0.040625
0 0.055469 0.598437 0.039062 0.046875
0 0.640625 0.346875 0.021875 0.021875
0 0.225000 0.791406 0.021875 0.026562
0 0.697656 0.471875 0.023438 0.021875
0 0.934375 0.810156 0.056250 0.057813
0 0.384375 0.189062 0.046875 0.062500
0 0.105469 0.600000 0.054688 0.053125
0 0.566891 0.331688 0.046281 0.016500
0 0.185477 0.558195 0.014703 0.022641
0 0.457031 0.756250 0.029687 0.028125
0 0.117188 0.920312 0.028125 0.043750
0 0.390625 0.766406 0.112500 0.164062
0 0.578906 0.262500 0.010937 0.021875
0 0.242188 0.258594 0.046875 0.045312
0 0.304688 0.525000 0.031250 0.034375
0 0.275781 0.514844 0.032813 0.035937
0 0.825781 0.804688 0.014063 0.015625
0 0.338281 0.460938 0.039062 0.043750
0 0.493750 0.240625 0.053125 0.046875
0 0.190625 0.917188 0.037500 0.043750
0 0.323437 0.742188 0.031250 0.028125
0 0.780469 0.503906 0.020313 0.060937
0 0.443750 0.809375 0.028125 0.034375
0 0.910156 0.635156 0.026562 0.023438
0 0.003906 0.315625 0.007812 0.031250
0 0.461719 0.367188 0.020313 0.015625
0 0.466406 0.296094 0.101562 0.076563
0 0.477344 0.712500 0.014063 0.018750
0 0.637500 0.290625 0.015625 0.015625
0 0.171094 0.818750 0.020313 0.018750
0 0.871094 0.632031 0.017188 0.026562
0 0.945312 0.735938 0.025000 0.031250
0 0.767188 0.534375 0.021875 0.025000
0 0.576562 0.172656 0.028125 0.029687
0 0.262500 0.730469 0.084375 0.101562
0 0.565625 0.632031 0.025000 0.020313
1 0.701562 0.283594 0.106250 0.092188
0 0.183594 0.263281 0.051562 0.039062
0 0.776563 0.434375 0.043750 0.062500
1 0.735664 0.363859 0.068203 0.058969
0 0.114844 0.703906 0.042188 0.042188
0 0.823438 0.736719 0.034375 0.039062
0 0.007812 0.553445 0.015625 0.047516
0 0.825000 0.692187 0.028125 0.034375
0 0.564844 0.657813 0.017188 0.015625
0 0.458594 0.156250 0.048438 0.040625
0 0.871875 0.407031 0.025000 0.020313
0 0.457813 0.613281 0.046875 0.042188
0 0.626563 0.262500 0.015625 0.015625
0 0.868750 0.588281 0.034375 0.035937
0 0.367969 0.082812 0.045312 0.046875
0 0.249219 0.292187 0.017188 0.018750
0 0.860156 0.514062 0.029687 0.028125
0 0.884375 0.384375 0.028125 0.028125
0 0.879687 0.314063 0.021875 0.021875
0 0.535937 0.170313 0.046875 0.043750
0 0.509375 0.596875 0.034375 0.031250
0 0.302344 0.255469 0.085938 0.098437
0 0.297656 0.419531 0.048438 0.045312
0 0.203906 0.714063 0.042188 0.031250
0 0.358594 0.560937 0.029687 0.028125
0 0.158594 0.599219 0.029687 0.057813
0 0.917188 0.521875 0.034375 0.028125
0 0.401562 0.857031 0.015625 0.023438
0 0.970313 0.703906 0.018750 0.020313
0 0.486719 0.378125 0.020313 0.015625
0 0.684375 0.403125 0.021875 0.021875
0 0.051562 0.012500 0.059375 0.025000
0 0.618750 0.418750 0.021875 0.021875
0 0.013000 0.659328 0.026000 0.024906
0 0.467586 0.399273 0.016422 0.017297
0 0.544344 0.383930 0.016813 0.008484
0 0.549414 0.377812 0.014453 0.008750
0 0.575414 0.317180 0.032078 0.012484
0 0.965727 0.850023 0.037703 0.059422
0 0.798445 0.626539 0.015641 0.024953
0 0.906219 0.601367 0.012438 0.012109
1 0.728344 0.670391 0.047313 0.040781
1 0.672289 0.490211 0.032078 0.046047
1 0.699172 0.511203 0.026469 0.038031
1 0.693328 0.571375 0.042906 0.102125
1 0.746664 0.588125 0.074578 0.129375
1 0.659242 0.689672 0.096609 0.176219
1 0.639492 0.550680 0.094609 0.179484
1 0.522594 0.444062 0.188938 0.200625
1 0.054414 0.226398 0.108828 0.268422
1 0.095031 0.707844 0.149438 0.475063
1 0.024969 0.488250 0.049938 0.098375
