0 0.417187 0.814844 0.025000 0.023438
0 0.534375 0.747656 0.065625 0.026562
0 0.293750 0.420312 0.031250 0.034375
0 0.493750 0.170313 0.053125 0.100000
0 0.716406 0.387500 0.020313 0.021875
0 0.712500 0.257812 0.028125 0.053125
0 0.316406 0.196875 0.026562 0.043750
0 0.646094 0.382812 0.042188 0.037500
0 0.484375 0.727344 0.025000 0.026562
0 0.457031 0.371094 0.014063 0.017188
0 0.856250 0.952344 0.037500 0.032813
0 0.704688 0.109375 0.043750 0.050000
0 0.727344 0.475000 0.014063 0.012500
0 0.568750 0.099219 0.028125 0.035937
0 0.502344 0.471094 0.020313 0.020313
0 0.382812 0.597656 0.078125 0.070312
0 0.417187 0.345313 0.034375 0.034375
0 0.179688 0.823438 0.056250 0.059375
0 0.509375 0.723437 0.025000 0.025000
0 0.268750 0.794531 0.065625 0.039062
0 0.849219 0.435937 0.023438 0.018750
0 0.316406 0.369531 0.060937 0.026562
0 0.460156 0.985156 0.026562 0.029687
0 0.470313 0.903906 0.134375 0.089063
0 0.503906 0.493750 0.014063 0.015625
0 0.622656 0.739844 0.051562 0.045312
0 0.293750 0.853125 0.025000 0.021875
0 0.405469 0.285156 0.020313 0.020313
0 0.317188 0.728125 0.021875 0.021875
0 0.529687 0.612500 0.056250 0.050000
0 0.163281 0.666406 0.017188 0.020313
0 0.471875 0.315625 0.015625 0.015625
0 0.407813 0.760938 0.034375 0.021875
0 0.420312 0.735156 0.046875 0.029687
0 0.453125 0.671875 0.096875 0.093750
0 0.590625 0.943750 0.021875 0.021875
0 0.454688 0.753906 0.037500 0.029687
0 0.731250 0.741406 0.015625 0.010937
0 0.550781 0.395313 0.029687 0.031250
0 0.252344 0.735156 0.029687 0.023438
0 0.150781 0.671094 0.017188 0.023438
0 0.350781 0.360938 0.029687 0.021875
0 0.366406 0.819531 0.051562 0.045312
0 0.542969 0.459375 0.051562 0.034375
0 0.596875 0.037500 0.043750 0.053125
0 0.428125 0.407813 0.087500 0.034375
0 0.369531 0.991406 0.023438 0.017188
0 0.846875 0.728906 0.050000 0.032813
0 0.383594 0.823438 0.042188 0.059375
0 0.344531 0.950781 0.026562 0.026562
0 0.326562 0.840625 0.015625 0.015625
0 0.536719 0.671875 0.085938 0.071875
0 0.435937 0.323437 0.034375 0.034375
0 0.425000 0.788281 0.040625 0.039062
0 0.794531 0.759375 0.060937 0.046875
0 0.264062 0.754687 0.078125 0.034375
0 0.403906 0.538281 0.020313 0.026562
0 0.360156 0.744531 0.032813 0.032813
0 0.259375 0.460938 0.034375 0.040625
0 0.677344 0.773438 0.026562 0.025000
0 0.328125 0.503125 0.093750 0.065625
0 0.210938 0.520312 0.093750 0.028125
0 0.173437 0.746875 0.040625 0.021875
0 0.743750 0.780469 0.043750 0.020313
0 0.592969 0.324219 0.042188 0.035937
0 0.582031 0.872656 0.026562 0.032813
0 0.614844 0.902344 0.089063 0.082812
0 0.371875 0.295312 0.031250 0.028125
0 0.825781 0.410938 0.023438 0.021875
0 0.381250 0.716406 0.043750 0.039062
0 0.516406 0.951562 0.032813 0.034375
0 0.728906 0.703125 0.017188 0.015625
0 0.298438 0.355469 0.056250 0.023438
0 0.746875 0.406250 0.018750 0.015625
0 0.844531 0.385156 0.023438 0.023438
0 0.478125 0.847656 0.034375 0.017188
0 0.715625 0.214062 0.025000 0.025000
0 0.321875 0.028125 0.028125 0.037500
0 0.378125 0.062500 0.031250 0.037500
0 0.547656 0.421875 0.042188 0.031250
0 0.603125 0.432031 0.059375 0.054688
0 0.310937 0.062500 0.031250 0.034375
0 0.328125 0.558594 0.062500 0.051562
0 0.747656 0.456250 0.026562 0.025000
0 0.821875 0.492188 0.021875 0.015625
0 0.517188 0.510156 0.018750 0.020313
0 0.368750 0.550781 0.025000 0.035937
0 0.316406 0.290625 0.014063 0.015625
0 0.332813 0.445312 0.059375 0.062500
0 0.592187 0.818750 0.075000 0.040625
0 0.664844 0.857031 0.076563 0.082812
0 0.432031 0.857812 0.039062 0.043750
0 0.492188 0.745313 0.015625 0.021875
0 0.346875 0.817187 0.028125 0.025000
0 0.756250 0.145313 0.028125 0.034375
0 0.445312 0.140625 0.037500 0.043750
0 0.507812 0.785156 0.121875 0.048438
0 0.576562 0.378906 0.021875 0.020313
0 0.532813 0.159375 0.053125 0.096875
0 0.183594 0.391406 0.032813 0.035937
0 0.673438 0.670312 0.012500 0.012500
0 0.267188 0.988281 0.028125 0.023438
0 0.355469 0.682031 0.060937 0.045312
0 0.689063 0.014063 0.028125 0.028125
0 0.231250 0.430469 0.059375 0.051562
0 0.451562 0.586719 0.050000 0.054688
0 0.482031 0.060156 0.110937 0.117188
0 0.353125 0.779687 0.056250 0.046875
0 0.271875 0.167969 0.028125 0.032813
0 0.246875 0.351562 0.028125 0.025000
0 0.196094 0.206250 0.092188 0.084375
0 0.379688 0.269531 0.021875 0.023438
0 0.327344 0.760156 0.026562 0.032813
0 0.834375 0.343750 0.025000 0.021875
0 0.636719 0.101562 0.032813 0.034375
0 0.303125 0.251563 0.031250 0.050000
0 0.553906 0.712500 0.035937 0.034375
0 0.500781 0.822656 0.104688 0.054688
0 0.410156 0.432031 0.020313 0.020313
0 0.736719 0.674219 0.014063 0.010937
0 0.686719 0.946094 0.042188 0.051562
0 0.361719 0.958594 0.023438 0.035937
0 0.218750 0.294531 0.050000 0.048438
0 0.271875 0.235156 0.034375 0.048438
0 0.146094 0.578125 0.073438 0.084375
0 0.586719 0.676562 0.010937 0.012500
0 0.329688 0.706250 0.021875 0.015625
0 0.453906 0.729688 0.035937 0.028125
0 0.542969 0.531250 0.045312 0.034375
0 0.832812 0.541406 0.031250 0.032813
0 0.723437 0.453125 0.021875 0.018750
0 0.487500 0.481250 0.012500 0.012500
0 0.231250 0.591406 0.034375 0.042188
0 0.228125 0.033594 0.028125 0.029687
0 0.696875 0.796875 0.046875 0.040625
0 0.631250 0.965625 0.034375 0.028125
0 0.512500 0.356250 0.059375 0.059375
0 0.602344 0.475000 0.039062 0.034375
0 0.641406 0.678125 0.014063 0.015625
0 0.625000 0.583594 0.031250 0.032813
0 0.821094 0.460156 0.017188 0.020313
0 0.638281 0.314844 0.039062 0.082812
0 0.430469 0.483594 0.070312 0.051562
0 0.264844 0.878125 0.029687 0.021875
0 0.111719 0.726562 0.035937 0.025000
0 0.461719 0.439063 0.107813 0.043750
0 0.707031 0.905469 0.023438 0.035937
0 0.809375 0.646875 0.018750 0.015625
0 0.814063 0.809375 0.068750 0.040625
0 0.542188 0.937500 0.031250 0.028125
0 0.482031 0.608594 0.023438 0.020313
0 0.303906 0.813281 0.010937 0.010937
0 0.237500 0.822656 0.025000 0.020313
0 0.792969 0.292187 0.035937 0.056250
0 0.659375 0.965625 0.025000 0.021875
0 0.339062 0.876563 0.025000 0.025000
0 0.082812 0.632031 0.034375 0.042188
0 0.114062 0.504687 0.034375 0.062500
0 0.310156 0.923438 0.023438 0.021875
0 0.517969 0.248438 0.060937 0.056250
0 0.673438 0.518750 0.046875 0.040625
0 0.670312 0.492969 0.056250 0.048438
0 0.667188 0.598437 0.012500 0.006250
0 0.685937 0.600781 0.015625 0.014063
0 0.718750 0.491406 0.018750 0.014063
0 0.652344 0.787500 0.014063 0.015625
0 0.497656 0.688281 0.010937 0.010937
0 0.557031 0.803906 0.014063 0.010937
0 0.515625 0.572656 0.021875 0.020313
0 0.520312 0.550000 0.028125 0.031250
0 0.411719 0.640625 0.023438 0.034375
0 0.129688 0.682813 0.015625 0.012500
0 0.127344 0.671094 0.014063 0.010937
0 0.105469 0.600781 0.010937 0.017188
0 0.096875 0.593750 0.012500 0.012500
0 0.298438 0.013281 0.018750 0.026562
0 0.592969 0.555469 0.057813 0.029687
0 0.569531 0.491406 0.039062 0.017188
0 0.578906 0.641406 0.029687 0.017188
0 0.576562 0.575781 0.012500 0.017188
1 0.380469 0.579688 0.270313 0.162500
0 0.342187 0.895312 0.015625 0.009375
0 0.261719 0.916406 0.089063 0.045312
1 0.459375 0.891406 0.243750 0.120313
