0 0.935937 0.511719 0.025000 0.023438
0 0.897656 0.130469 0.089063 0.095312
0 0.007812 0.410938 0.015625 0.050000
0 0.769531 0.381250 0.067187 0.071875
0 0.605469 0.468750 0.045312 0.046875
0 0.155469 0.676562 0.064062 0.075000
0 0.178125 0.730469 0.025000 0.023438
0 0.819531 0.887500 0.035937 0.031250
0 0.834375 0.526563 0.059375 0.053125
0 0.948438 0.549219 0.103125 0.123438
1 0.354687 0.335156 0.140625 0.170313
0 0.363281 0.858594 0.060937 0.060937
0 0.450000 0.124219 0.053125 0.045312
0 0.806250 0.093750 0.134375 0.112500
0 0.437500 0.953906 0.012500 0.010937
0 0.589063 0.364844 0.131250 0.082812
0 0.057031 0.610938 0.026562 0.021875
0 0.067969 0.650000 0.042188 0.037500
0 0.032031 0.650781 0.048438 0.139063
0 0.942187 0.781250 0.068750 0.090625
0 0.782031 0.830469 0.023438 0.023438
0 0.564063 0.671094 0.025000 0.023438
0 0.899219 0.660156 0.048438 0.039062
0 0.432812 0.543750 0.031250 0.025000
0 0.937500 0.239844 0.065625 0.054688
0 0.397656 0.906250 0.032813 0.031250
0 0.029687 0.471094 0.059375 0.054688
0 0.271094 0.364063 0.045312 0.040625
0 0.119531 0.657813 0.023438 0.018750
0 0.207031 0.878906 0.026562 0.023438
0 0.400000 0.751563 0.037500 0.050000
1 0.324219 0.142969 0.123438 0.117188
0 0.303906 0.416406 0.032813 0.026562
0 0.550000 0.645312 0.025000 0.025000
0 0.877344 0.670312 0.029687 0.028125
0 0.877344 0.873437 0.045312 0.034375
0 0.659375 0.139063 0.084375 0.118750
0 0.887500 0.635938 0.050000 0.034375
0 0.602344 0.335156 0.132812 0.107813
0 0.565625 0.521875 0.018750 0.015625
0 0.717187 0.359375 0.059375 0.050000
0 0.250000 0.293750 0.028125 0.025000
0 0.408594 0.237500 0.048438 0.040625
0 0.829688 0.714063 0.068750 0.090625
0 0.949219 0.185938 0.029687 0.046875
0 0.985156 0.609375 0.029687 0.025000
0 0.121094 0.419531 0.035937 0.032813
0 0.610156 0.778125 0.042188 0.031250
0 0.184375 0.942187 0.121875 0.115625
0 0.221094 0.735938 0.032813 0.037500
0 0.146094 0.803906 0.039062 0.035937
0 0.819531 0.859375 0.048438 0.040625
0 0.383594 0.926562 0.029687 0.025000
0 0.038281 0.425000 0.057813 0.050000
0 0.625781 0.621094 0.023438 0.023438
0 0.542188 0.451562 0.109375 0.093750
0 0.414844 0.185938 0.048438 0.046875
0 0.317188 0.444531 0.031250 0.026562
0 0.005469 0.537500 0.010937 0.040625
0 0.382031 0.682031 0.092188 0.070312
0 0.502344 0.298438 0.107813 0.096875
0 0.056250 0.385937 0.059375 0.040625
0 0.300000 0.721094 0.075000 0.104688
0 0.632031 0.926562 0.017188 0.021875
0 0.393750 0.422656 0.068750 0.076563
0 0.247656 0.714063 0.032813 0.037500
0 0.183594 0.396094 0.120313 0.107813
0 0.202344 0.490625 0.076563 0.068750
1 0.650000 0.687500 0.178125 0.165625
0 0.419531 0.522656 0.039062 0.032813
0 0.185156 0.114844 0.079687 0.073438
0 0.299219 0.832031 0.073438 0.089063
0 0.516406 0.700781 0.029687 0.026562
0 0.308594 0.321875 0.035937 0.053125
0 0.990625 0.660156 0.018750 0.051562
0 0.123438 0.303906 0.050000 0.045312
0 0.544531 0.503125 0.023438 0.021875
0 0.506250 0.658594 0.071875 0.073438
0 0.256250 0.671094 0.040625 0.039062
0 0.250000 0.761719 0.046875 0.054688
0 0.972656 0.388281 0.039062 0.045312
0 0.809375 0.599219 0.043750 0.039062
0 0.090625 0.628906 0.034375 0.029687
0 0.472656 0.228906 0.051562 0.048438
0 0.050000 0.260156 0.100000 0.073438
0 0.264062 0.589844 0.087500 0.107813
0 0.085156 0.489844 0.060937 0.067187
1 0.649219 0.546094 0.048438 0.048438
0 0.855469 0.570312 0.057813 0.050000
0 0.081250 0.606250 0.025000 0.021875
0 0.006250 0.315625 0.012500 0.131250
0 0.883594 0.333594 0.095312 0.107813
0 0.610156 0.316406 0.107813 0.064062
0 0.753125 0.664062 0.050000 0.037500
0 0.448437 0.566406 0.037500 0.032813
0 0.835938 0.607031 0.034375 0.032813
0 0.883594 0.485938 0.123438 0.159375
0 0.952344 0.623437 0.039062 0.025000
0 0.278125 0.172656 0.043750 0.042188
0 0.769531 0.497656 0.085938 0.076563
0 0.426563 0.753125 0.040625 0.056250
0 0.290625 0.969531 0.062500 0.060937
0 0.066406 0.339062 0.054688 0.037500
0 0.385937 0.072656 0.093750 0.085938
0 0.454688 0.061719 0.053125 0.051562
0 0.888281 0.223438 0.064062 0.053125
0 0.793750 0.760938 0.053125 0.050000
0 0.207813 0.326562 0.037500 0.034375
0 0.352344 0.765625 0.104688 0.103125
0 0.700000 0.456250 0.050000 0.050000
0 0.471875 0.457031 0.034375 0.035937
0 0.155469 0.517969 0.057813 0.054688
0 0.983594 0.788281 0.032813 0.073438
0 0.946094 0.162500 0.023438 0.031250
0 0.425000 0.476562 0.056250 0.059375
0 0.108594 0.711719 0.089063 0.070312
0 0.956250 0.273438 0.040625 0.046875
0 0.242188 0.628906 0.043750 0.048438
0 0.412500 0.972656 0.050000 0.048438
0 0.683594 0.682813 0.014063 0.015625
0 0.184375 0.703125 0.034375 0.031250
0 0.342187 0.932813 0.050000 0.043750
0 0.349219 0.914062 0.042188 0.037500
0 0.888281 0.326562 0.017188 0.018750
1 0.958594 0.390625 0.076563 0.125000
1 0.974219 0.435156 0.045312 0.029687
