0 0.310937 0.528125 0.050000 0.100000
0 0.837500 0.073438 0.103125 0.087500
0 0.591406 0.254688 0.035937 0.028125
0 0.977344 0.693750 0.023438 0.021875
0 0.978906 0.724219 0.014063 0.026562
0 0.918750 0.135156 0.034375 0.039062
0 0.954688 0.076563 0.040625 0.034375
0 0.652344 0.499219 0.085938 0.110937
0 0.803125 0.717969 0.106250 0.148438
0 0.592969 0.545312 0.017188 0.012500
0 0.852344 0.957812 0.023438 0.015625
0 0.792969 0.563281 0.017188 0.017188
0 0.575781 0.724219 0.114062 0.123438
0 0.182031 0.611719 0.017188 0.020313
0 0.897656 0.233594 0.064062 0.048438
1 0.394531 0.597656 0.079687 0.120313
0 0.660156 0.676562 0.017188 0.015625
0 0.236719 0.197656 0.042188 0.057813
0 0.591406 0.592187 0.064062 0.087500
0 0.775781 0.378906 0.042188 0.104688
0 0.189062 0.485156 0.028125 0.026562
0 0.239844 0.805469 0.023438 0.023438
0 0.408594 0.111719 0.132812 0.076563
0 0.107031 0.514844 0.039062 0.101562
0 0.277344 0.963281 0.026562 0.020313
0 0.296094 0.386719 0.023438 0.032813
0 0.959375 0.941406 0.021875 0.020313
0 0.286719 0.452344 0.035937 0.035937
0 0.013281 0.580469 0.026562 0.026562
0 0.938281 0.513281 0.048438 0.032813
0 0.592187 0.152344 0.059375 0.045312
0 0.213281 0.780469 0.014063 0.029687
0 0.322656 0.700781 0.029687 0.054688
0 0.625781 0.814063 0.023438 0.018750
0 0.132812 0.697656 0.018750 0.020313
0 0.625000 0.278906 0.037500 0.029687
0 0.966406 0.669531 0.023438 0.017188
0 0.176563 0.941406 0.018750 0.020313
0 0.256250 0.306250 0.043750 0.087500
0 0.521875 0.526563 0.156250 0.115625
0 0.837500 0.512500 0.053125 0.028125
0 0.969531 0.795312 0.023438 0.025000
0 0.752344 0.775781 0.048438 0.060937
0 0.653125 0.737500 0.015625 0.015625
0 0.310156 0.745313 0.023438 0.021875
0 0.403906 0.658594 0.023438 0.017188
0 0.834375 0.826562 0.090625 0.068750
0 0.896094 0.997656 0.032813 0.004687
0 0.140625 0.519531 0.031250 0.026562
0 0.122656 0.580469 0.026562 0.029687
0 0.942187 0.764844 0.037500 0.032813
0 0.128125 0.536719 0.021875 0.020313
0 0.857031 0.470313 0.089063 0.065625
0 0.528906 0.906250 0.017188 0.025000
0 0.767188 0.163281 0.065625 0.060937
0 0.075781 0.586719 0.023438 0.035937
0 0.171094 0.749219 0.017188 0.042188
0 0.713281 0.713281 0.089063 0.070312
0 0.182812 0.516406 0.031250 0.029687
0 0.780469 0.229687 0.082812 0.084375
0 0.154688 0.432812 0.028125 0.028125
0 0.967187 0.628906 0.046875 0.045312
0 0.789844 0.470313 0.045312 0.087500
0 0.968750 0.422656 0.037500 0.029687
0 0.068750 0.539844 0.021875 0.026562
0 0.878125 0.707031 0.025000 0.020313
0 0.146094 0.885938 0.026562 0.028125
0 0.293750 0.457031 0.025000 0.029687
0 0.327344 0.564844 0.029687 0.026562
0 0.592187 0.907031 0.018750 0.017188
0 0.165625 0.398438 0.040625 0.040625
0 0.900781 0.762500 0.035937 0.025000
0 0.299219 0.936719 0.042188 0.032813
0 0.545312 0.425781 0.043750 0.029687
0 0.403906 0.175781 0.117188 0.076563
0 0.893750 0.420312 0.046875 0.040625
0 0.143750 0.657813 0.031250 0.034375
0 0.093750 0.873437 0.015625 0.015625
0 0.444531 0.458594 0.092188 0.079687
0 0.346094 0.603125 0.029687 0.031250
0 0.760938 0.886719 0.018750 0.017188
0 0.010937 0.480469 0.021875 0.039062
0 0.688281 0.785156 0.073438 0.070312
0 0.396094 0.738281 0.064062 0.064062
0 0.895312 0.725781 0.034375 0.023438
0 0.455469 0.610156 0.023438 0.017188
0 0.173437 0.657031 0.028125 0.032813
0 0.128906 0.628125 0.026562 0.028125
0 0.720313 0.299219 0.028125 0.017188
0 0.236719 0.538281 0.051562 0.067187
0 0.439063 0.910937 0.025000 0.018750
0 0.864062 0.173437 0.050000 0.040625
0 0.603125 0.024219 0.068750 0.035937
0 0.718750 0.463281 0.025000 0.023438
0 0.830469 0.563281 0.057813 0.085938
0 0.266406 0.454688 0.023438 0.028125
0 0.574219 0.823438 0.026562 0.018750
0 0.674219 0.379688 0.176563 0.121875
0 0.919531 0.902344 0.048438 0.042188
0 0.214844 0.667188 0.023438 0.043750
0 0.124219 0.919531 0.023438 0.023438
0 0.029687 0.457031 0.028125 0.023438
0 0.154688 0.545312 0.025000 0.021875
0 0.762500 0.928125 0.021875 0.015625
0 0.856250 0.763281 0.028125 0.032813
0 0.521094 0.447656 0.023438 0.020313
0 0.969531 0.315625 0.048438 0.034375
0 0.408594 0.519531 0.039062 0.032813
0 0.007031 0.708594 0.014063 0.082812
0 0.603906 0.480469 0.029687 0.020313
0 0.248438 0.760938 0.028125 0.028125
0 0.271094 0.710156 0.029687 0.032813
0 0.064844 0.481250 0.060937 0.081250
0 0.228125 0.592969 0.031250 0.029687
0 0.723437 0.601562 0.043750 0.040625
0 0.478906 0.632031 0.035937 0.029687
0 0.258594 0.251563 0.023438 0.031250
0 0.131250 0.937500 0.018750 0.015625
0 0.015625 0.432031 0.025000 0.035937
0 0.291406 0.493750 0.023438 0.021875
0 0.879687 0.667188 0.025000 0.018750
0 0.353906 0.892969 0.045312 0.035937
0 0.271875 0.417969 0.031250 0.039062
0 0.753906 0.542969 0.029687 0.045312
0 0.878125 0.786719 0.034375 0.020313
0 0.115625 0.685156 0.021875 0.017188
0 0.147656 0.938281 0.010937 0.014063
0 0.290625 0.844531 0.034375 0.029687
0 0.207031 0.821875 0.026562 0.040625
0 0.145313 0.782031 0.015625 0.014063
0 0.158594 0.846094 0.014063 0.014063
0 0.174219 0.851562 0.023438 0.025000
0 0.169531 0.874219 0.010937 0.014063
0 0.110156 0.828906 0.014063 0.014063
0 0.121875 0.813281 0.015625 0.014063
0 0.129688 0.777344 0.006250 0.010937
0 0.138281 0.742969 0.014063 0.014063
0 0.092969 0.721875 0.014063 0.025000
0 0.099219 0.678906 0.020313 0.048438
0 0.151562 0.696094 0.025000 0.035937
0 0.168750 0.691406 0.021875 0.032813
0 0.185938 0.695312 0.025000 0.025000
0 0.203125 0.683594 0.012500 0.032813
0 0.198437 0.654687 0.009375 0.009375
0 0.200000 0.645312 0.009375 0.012500
0 0.250781 0.703125 0.007812 0.009375
0 0.189062 0.628125 0.009375 0.009375
0 0.017188 0.677344 0.012500 0.020313
0 0.007812 0.603125 0.015625 0.031250
0 0.211719 0.486719 0.010937 0.014063
0 0.082812 0.497656 0.018750 0.020313
0 0.089063 0.512500 0.012500 0.012500
0 0.213281 0.371875 0.010937 0.012500
0 0.199219 0.433594 0.007812 0.010937
0 0.242188 0.411719 0.021875 0.035937
0 0.282031 0.346875 0.039062 0.056250
0 0.328125 0.298438 0.046875 0.075000
0 0.353906 0.419531 0.017188 0.032813
1 0.325000 0.367969 0.068750 0.160938
1 0.222656 0.408594 0.067187 0.142187
0 0.238281 0.333594 0.014063 0.023438
0 0.260937 0.526563 0.021875 0.021875
1 0.260937 0.518750 0.065625 0.090625
0 0.086719 0.819531 0.064062 0.114062
1 0.114844 0.897656 0.079687 0.089063
1 0.190625 0.870313 0.078125 0.134375
1 0.265625 0.806250 0.062500 0.096875
1 0.267969 0.806250 0.117188 0.193750
1 0.321875 0.817187 0.093750 0.206250
0 0.601562 0.657813 0.081250 0.053125
0 0.651563 0.591406 0.050000 0.042188
0 0.962500 0.906250 0.021875 0.021875
0 0.985938 0.655469 0.009375 0.010937
0 0.771875 0.524219 0.046875 0.035937
0 0.746094 0.488281 0.045312 0.035937
0 0.934375 0.385156 0.078125 0.039062
0 0.918750 0.360156 0.028125 0.017188
0 0.885938 0.326562 0.115625 0.084375
0 0.665625 0.225000 0.012500 0.012500
0 0.446094 0.329688 0.026562 0.018750
1 0.705469 0.242969 0.157812 0.142187
1 0.650781 0.071094 0.164062 0.132812
1 0.562500 0.362500 0.187500 0.121875
1 0.564844 0.344531 0.417187 0.260937
0 0.538281 0.371094 0.010937 0.007812
1 0.595313 0.777344 0.143750 0.151562
0 0.603906 0.839844 0.020313 0.017188
