0 0.595313 0.632812 0.034375 0.046875
0 0.850781 0.262500 0.032813 0.028125
0 0.279687 0.308594 0.037500 0.035937
0 0.815625 0.742188 0.021875 0.037500
0 0.203906 0.323437 0.051562 0.040625
0 0.682031 0.382812 0.020313 0.021875
0 0.925000 0.659375 0.034375 0.034375
0 0.362500 0.435156 0.037500 0.060937
0 0.321094 0.290625 0.032813 0.040625
0 0.982031 0.767188 0.032813 0.034375
0 0.485938 0.317188 0.015625 0.012500
0 0.025781 0.793750 0.048438 0.056250
0 0.550000 0.496875 0.037500 0.034375
0 0.025781 0.459375 0.051562 0.075000
0 0.649219 0.757812 0.017188 0.015625
0 0.493750 0.342969 0.050000 0.054688
0 0.348438 0.679688 0.028125 0.031250
0 0.125000 0.543750 0.103125 0.196875
0 0.879687 0.396875 0.037500 0.040625
0 0.591406 0.709375 0.007812 0.009375
0 0.071875 0.759375 0.031250 0.028125
0 0.017969 0.312500 0.032813 0.062500
0 0.500609 0.092727 0.063719 0.041703
0 0.559375 0.584375 0.056250 0.093750
0 0.221875 0.185156 0.137500 0.079687
0 0.989844 0.676562 0.020313 0.043750
1 0.557031 0.765625 0.051562 0.081250
0 0.090625 0.299219 0.021875 0.026562
0 0.561719 0.087500 0.060937 0.065625
0 0.521094 0.460156 0.014063 0.023438
0 0.307812 0.735938 0.028125 0.025000
0 0.553906 0.864844 0.020313 0.026562
0 0.528906 0.561719 0.010937 0.014063
0 0.097656 0.654687 0.048438 0.046875
0 0.512500 0.803906 0.015625 0.017188
0 0.982812 0.313281 0.034375 0.023438
0 0.712500 0.160156 0.028125 0.029687
0 0.928125 0.403125 0.028125 0.031250
0 0.600000 0.480469 0.034375 0.042188
0 0.414062 0.603906 0.015625 0.010937
0 0.653125 0.203125 0.034375 0.034375
0 0.318750 0.482031 0.040625 0.048438
0 0.547656 0.325000 0.023438 0.021875
0 0.630469 0.571875 0.035937 0.034375
0 0.685937 0.496094 0.015625 0.014063
0 0.904687 0.628906 0.037500 0.026562
0 0.016406 0.677344 0.032813 0.126562
0 0.150781 0.142969 0.114062 0.067187
0 0.760938 0.501563 0.031250 0.025000
0 0.678125 0.358594 0.028125 0.029687
0 0.867969 0.917188 0.032813 0.037500
0 0.515625 0.778125 0.021875 0.021875
0 0.926562 0.592187 0.028125 0.028125
0 0.327344 0.253125 0.039062 0.037500
0 0.060156 0.646094 0.048438 0.035937
0 0.517969 0.837500 0.004687 0.009375
0 0.800781 0.790625 0.020313 0.021875
0 0.361719 0.889844 0.014063 0.014063
0 0.503906 0.883594 0.010937 0.014063
0 0.502344 0.504687 0.042188 0.050000
0 0.373656 0.685602 0.031688 0.064953
0 0.574219 0.328125 0.032813 0.031250
0 0.642969 0.646094 0.020313 0.020313
0 0.328125 0.590625 0.084375 0.153125
0 0.825781 0.649758 0.104688 0.062016
1 0.491406 0.387500 0.089063 0.084375
0 0.773438 0.208594 0.109375 0.117188
0 0.564063 0.690625 0.018750 0.031250
0 0.515625 0.600000 0.025000 0.065625
0 0.657813 0.858594 0.037500 0.051562
0 0.180469 0.728125 0.032813 0.043750
0 0.782031 0.064844 0.079687 0.051562
0 0.976562 0.606664 0.046875 0.085203
0 0.580469 0.460938 0.023438 0.025000
0 0.985938 0.482031 0.028125 0.032813
0 0.804688 0.492969 0.034375 0.032813
0 0.385156 0.744531 0.054688 0.064062
0 0.988281 0.510156 0.023438 0.026562
0 0.221875 0.574219 0.031250 0.048438
0 0.607812 0.350781 0.028125 0.035937
0 0.755469 0.371094 0.026562 0.029687
0 0.128906 0.827344 0.032813 0.026562
0 0.539062 0.934375 0.031250 0.031250
0 0.387500 0.434375 0.068750 0.075000
0 0.892188 0.492969 0.037500 0.023438
0 0.972656 0.650000 0.029687 0.031250
0 0.701562 0.072656 0.059375 0.067187
0 0.108594 0.191406 0.023438 0.026562
0 0.716406 0.518750 0.051562 0.078125
0 0.460938 0.642969 0.018750 0.020313
0 0.812500 0.334375 0.031250 0.028125
0 0.765625 0.275781 0.071875 0.101562
0 0.285156 0.073438 0.048438 0.037500
0 0.850781 0.691406 0.026562 0.042188
0 0.910156 0.271875 0.082812 0.106250
0 0.438281 0.189844 0.017188 0.023438
0 0.129688 0.309375 0.034375 0.028125
0 0.675781 0.723437 0.032813 0.034375
0 0.653125 0.618750 0.025000 0.028125
0 0.696875 0.260937 0.037500 0.046875
0 0.420312 0.689844 0.021875 0.020313
0 0.757789 0.546070 0.074953 0.101516
0 0.607812 0.259906 0.078125 0.107313
0 0.948438 0.620313 0.021875 0.025000
0 0.467187 0.532813 0.046875 0.040625
0 0.250781 0.262500 0.051562 0.040625
0 0.476562 0.943750 0.021875 0.021875
0 0.275000 0.892969 0.028125 0.029687
0 0.939063 0.499219 0.034375 0.026562
0 0.271094 0.496094 0.035937 0.048438
0 0.321875 0.052344 0.046875 0.035937
0 0.560937 0.521875 0.028125 0.021875
0 0.003125 0.884375 0.006250 0.021875
0 0.548438 0.822656 0.062500 0.067187
0 0.240625 0.515625 0.021875 0.015625
0 0.987500 0.722656 0.021875 0.026562
0 0.411719 0.437500 0.042188 0.075000
0 0.140625 0.426563 0.137500 0.209375
0 0.958594 0.845313 0.017188 0.012500
0 0.825781 0.695312 0.023438 0.031250
0 0.803906 0.522656 0.023438 0.020313
0 0.635156 0.414062 0.079687 0.096875
0 0.022656 0.980469 0.032813 0.026562
0 0.544531 0.349219 0.020313 0.020313
0 0.581250 0.386719 0.034375 0.032813
0 0.245312 0.609375 0.050000 0.040625
0 0.504687 0.857812 0.009375 0.015625
0 0.490625 0.692187 0.043750 0.046875
0 0.643750 0.333594 0.056250 0.051562
0 0.253906 0.703906 0.017188 0.017188
0 0.826562 0.168750 0.046875 0.056250
0 0.965625 0.871875 0.021875 0.028125
0 0.371875 0.342187 0.071875 0.093750
0 0.869531 0.736719 0.023438 0.020313
0 0.945312 0.435156 0.034375 0.026562
0 0.195312 0.826562 0.031250 0.028125
0 0.598437 0.868750 0.053125 0.081250
0 0.859375 0.860938 0.065625 0.059375
0 0.696875 0.629687 0.009375 0.009375
0 0.389062 0.516406 0.053125 0.067187
0 0.794922 0.428648 0.061719 0.094797
0 0.653125 0.553906 0.012500 0.014063
0 0.745313 0.452344 0.034375 0.032813
0 0.529641 0.705961 0.034281 0.058797
0 0.231250 0.678125 0.037500 0.046875
0 0.142969 0.930469 0.029687 0.029687
0 0.907813 0.514844 0.028125 0.026562
0 0.963281 0.733594 0.032813 0.020313
0 0.239063 0.546875 0.031250 0.053125
0 0.275000 0.130469 0.050000 0.045312
0 0.603906 0.757031 0.035937 0.032813
0 0.504687 0.474219 0.021875 0.017188
0 0.260156 0.407031 0.032813 0.048438
0 0.955469 0.554688 0.032813 0.031250
0 0.477969 0.277312 0.049688 0.054625
0 0.350078 0.246602 0.112656 0.130703
0 0.014328 0.008828 0.028656 0.017656
0 0.376109 0.804891 0.033469 0.069156
1 0.419641 0.593844 0.089281 0.081437
1 0.441953 0.607930 0.090156 0.078359
0 0.524672 0.757055 0.011844 0.020359
0 0.774477 0.650687 0.098953 0.123250
0 0.829562 0.454414 0.015375 0.011953
0 0.848062 0.444352 0.018000 0.013703
0 0.824180 0.496633 0.048359 0.071391
1 0.789219 0.421563 0.162812 0.196250
1 0.798047 0.627477 0.202344 0.154953
1 0.473414 0.468914 0.115578 0.131578
0 0.397016 0.918922 0.072156 0.087844
