0 0.660156 0.413281 0.054688 0.051562
0 0.198437 0.610156 0.100000 0.089063
0 0.981250 0.122656 0.037500 0.029687
0 0.166406 0.392188 0.014063 0.015625
0 0.010937 0.675000 0.012500 0.012500
0 0.256250 0.576562 0.012500 0.018750
0 0.834375 0.743750 0.021875 0.015625
0 0.783594 0.121875 0.035937 0.031250
0 0.270313 0.159375 0.046875 0.037500
1 0.765719 0.562695 0.053312 0.047266
0 0.403125 0.234375 0.018750 0.021875
0 0.710156 0.804688 0.023438 0.015625
0 0.087500 0.644531 0.021875 0.014063
1 0.980469 0.629742 0.039062 0.043859
0 0.556250 0.464844 0.028125 0.017188
0 0.740625 0.772656 0.087500 0.064062
0 0.440625 0.775781 0.046875 0.042188
0 0.713281 0.587500 0.042188 0.046875
0 0.520312 0.656250 0.021875 0.012500
0 0.839063 0.085156 0.087500 0.067187
0 0.582812 0.782813 0.012500 0.012500
0 0.985938 0.289844 0.025000 0.029687
0 0.149219 0.670312 0.017188 0.015625
0 0.545312 0.278125 0.090625 0.087500
0 0.590453 0.528586 0.034031 0.035297
0 0.011719 0.424219 0.014063 0.017188
0 0.816406 0.544531 0.042188 0.051562
0 0.450000 0.200781 0.028125 0.026562
0 0.479687 0.803125 0.068750 0.034375
0 0.203906 0.122656 0.035937 0.048438
0 0.500781 0.410156 0.045312 0.042188
0 0.415625 0.270313 0.018750 0.015625
0 0.034375 0.031250 0.021875 0.028125
0 0.800781 0.508594 0.054688 0.045312
0 0.071875 0.380469 0.021875 0.014063
0 0.220312 0.271875 0.040625 0.031250
0 0.755469 0.257031 0.023438 0.023438
0 0.698438 0.250000 0.106250 0.053125
0 0.462500 0.549219 0.028125 0.026562
0 0.155469 0.139844 0.045312 0.060937
0 0.845313 0.576562 0.034375 0.037500
0 0.363281 0.339062 0.023438 0.025000
0 0.100000 0.475781 0.025000 0.032813
1 0.084375 0.339164 0.168750 0.147078
0 0.531250 0.428906 0.021875 0.017188
0 0.507812 0.535937 0.050000 0.028125
0 0.849219 0.418750 0.026562 0.018750
0 0.114062 0.450000 0.018750 0.025000
0 0.758594 0.692969 0.032813 0.029687
0 0.128125 0.565625 0.043750 0.034375
0 0.240625 0.464844 0.109375 0.054688
0 0.491406 0.468750 0.095312 0.071875
0 0.808594 0.039789 0.023438 0.029578
0 0.764062 0.020313 0.043750 0.040625
0 0.272656 0.228125 0.070312 0.084375
1 0.065711 0.486531 0.131422 0.119938
0 0.963672 0.712820 0.074219 0.063141
0 0.990625 0.325000 0.018750 0.021875
0 0.923438 0.796875 0.065625 0.037500
0 0.792188 0.161719 0.018750 0.029687
0 0.634375 0.563281 0.021875 0.020313
0 0.975000 0.171875 0.021875 0.021875
0 0.731250 0.512500 0.025000 0.018750
0 0.296875 0.276562 0.021875 0.021875
0 0.147656 0.288281 0.032813 0.054688
0 0.707812 0.347656 0.037500 0.042188
0 0.821094 0.275781 0.048438 0.054688
0 0.160938 0.209375 0.056250 0.090625
0 0.650000 0.321875 0.012500 0.012500
0 0.357812 0.454688 0.043750 0.046875
0 0.287500 0.469531 0.028125 0.023438
0 0.389062 0.132812 0.025000 0.031250
0 0.171094 0.714844 0.017188 0.017188
0 0.886688 0.323437 0.017125 0.015625
1 0.928906 0.488867 0.095312 0.071484
0 0.664844 0.210156 0.039062 0.026562
0 0.135937 0.510938 0.046875 0.043750
0 0.949219 0.332813 0.057813 0.053125
0 0.357812 0.244531 0.034375 0.039062
0 0.039062 0.527344 0.040625 0.026562
0 0.609375 0.508594 0.043750 0.045312
0 0.214062 0.199219 0.059375 0.095312
0 0.275781 0.105469 0.045312 0.057813
0 0.178125 0.563281 0.046875 0.029687
0 0.301563 0.396875 0.034375 0.025000
0 0.338281 0.503125 0.032813 0.031250
0 0.992969 0.450781 0.010937 0.026562
0 0.168750 0.675000 0.025000 0.031250
0 0.711719 0.634375 0.060937 0.053125
0 0.785937 0.716406 0.090625 0.064062
0 0.622656 0.325000 0.023438 0.018750
0 0.322656 0.425000 0.089063 0.053125
0 0.807813 0.222656 0.034375 0.029687
0 0.292969 0.491406 0.023438 0.017188
0 0.381250 0.390625 0.021875 0.021875
0 0.437508 0.231656 0.028141 0.035187
0 0.241406 0.691406 0.017188 0.017188
0 0.653273 0.625109 0.078422 0.072094
0 0.547656 0.700000 0.067187 0.034375
0 0.978906 0.205469 0.035937 0.029687
0 0.197656 0.789062 0.048438 0.056250
0 0.981250 0.246094 0.034375 0.045312
0 0.920312 0.196875 0.025000 0.034375
0 0.391406 0.196875 0.026562 0.021875
0 0.160938 0.535937 0.021875 0.021875
0 0.422656 0.197656 0.023438 0.023438
0 0.416406 0.599219 0.035937 0.023438
0 0.633594 0.391406 0.023438 0.039062
0 0.082812 0.437500 0.031250 0.021875
0 0.212500 0.486719 0.021875 0.014063
0 0.863281 0.715625 0.023438 0.021875
0 0.897656 0.289844 0.070312 0.051562
0 0.903125 0.646875 0.081250 0.046875
0 0.074219 0.613281 0.073438 0.051562
0 0.159375 0.020313 0.037500 0.034375
0 0.166406 0.767969 0.020313 0.020313
0 0.957031 0.005469 0.057813 0.010937
0 0.339844 0.110937 0.026562 0.025000
0 0.116406 0.105469 0.042188 0.035937
0 0.587500 0.616406 0.043750 0.042188
0 0.334375 0.167187 0.084375 0.112500
0 0.446094 0.675000 0.014063 0.015625
0 0.253125 0.046094 0.046875 0.067187
0 0.839844 0.771875 0.017188 0.015625
0 0.953125 0.535937 0.015625 0.018750
0 0.167187 0.747656 0.012500 0.014063
0 0.392969 0.367188 0.026562 0.018750
1 0.906273 0.727344 0.065672 0.054688
0 0.674219 0.524219 0.048438 0.026562
0 0.006250 0.646094 0.012500 0.020313
0 0.732812 0.296875 0.040625 0.028125
0 0.359375 0.070312 0.053125 0.071875
0 0.497656 0.598437 0.089063 0.093750
0 0.441406 0.332813 0.070312 0.118750
0 0.409375 0.138281 0.021875 0.026562
0 0.338281 0.348438 0.020313 0.015625
0 0.382031 0.275781 0.054688 0.060937
0 0.955469 0.056250 0.085938 0.112500
0 0.192188 0.692969 0.025000 0.029687
0 0.309375 0.524219 0.034375 0.026562
0 0.854688 0.218750 0.043750 0.050000
0 0.253906 0.317969 0.070312 0.070312
0 0.866867 0.312961 0.039984 0.041547
0 0.775000 0.385156 0.053125 0.039062
0 0.337500 0.292187 0.025000 0.021875
0 0.009375 0.021094 0.018750 0.042188
0 0.260937 0.526563 0.075000 0.075000
0 0.397656 0.444531 0.029687 0.026562
0 0.823117 0.475555 0.014984 0.013609
0 0.782031 0.635156 0.045312 0.035937
0 0.674219 0.803906 0.020313 0.020313
0 0.265625 0.357812 0.046875 0.040625
0 0.570312 0.578906 0.043750 0.042188
0 0.821875 0.658594 0.028125 0.020313
0 0.820312 0.447656 0.021875 0.017188
0 0.148438 0.416406 0.025000 0.029687
0 0.609375 0.189062 0.028125 0.021875
0 0.857812 0.386719 0.025000 0.020313
0 0.682813 0.285938 0.084375 0.034375
0 0.581250 0.752344 0.046875 0.020313
0 0.497656 0.735156 0.132812 0.107813
0 0.039844 0.160156 0.076563 0.070312
0 0.254688 0.383594 0.031250 0.026562
0 0.871094 0.160938 0.085938 0.090625
0 0.603125 0.281250 0.053125 0.062500
0 0.026562 0.584375 0.046875 0.043750
0 0.861367 0.343516 0.041484 0.055781
0 0.992398 0.534047 0.016047 0.027469
0 0.754687 0.459195 0.053125 0.055891
0 0.732977 0.555156 0.028453 0.013437
0 0.708578 0.554102 0.017156 0.014453
0 0.685078 0.553781 0.023281 0.010687
0 0.696266 0.540250 0.014406 0.008625
1 0.691648 0.550266 0.133297 0.119281
0 0.313297 0.642336 0.010969 0.009672
0 0.325437 0.618867 0.013375 0.012734
0 0.281742 0.611492 0.082234 0.076109
1 0.107758 0.205734 0.215516 0.273969
0 0.374289 0.313461 0.051703 0.042547
1 0.896086 0.336938 0.123422 0.167625
1 0.918383 0.343547 0.158641 0.196469
0 0.572078 0.338398 0.034781 0.026797
