0 0.775781 0.578125 0.164062 0.140625
0 0.207031 0.230469 0.182812 0.160938
0 0.927344 0.089844 0.145313 0.117188
0 0.375781 0.169531 0.110937 0.117188
0 0.576562 0.174219 0.015625 0.023438
0 0.181250 0.962500 0.068750 0.028125
0 0.131250 0.776563 0.081250 0.103125
0 0.464062 0.025000 0.096875 0.050000
0 0.845313 0.683594 0.121875 0.167187
0 0.742188 0.731250 0.103125 0.121875
0 0.234375 0.071094 0.137500 0.135937
0 0.894531 0.831250 0.179688 0.337500
0 0.429688 0.303125 0.100000 0.053125
0 0.969531 0.265625 0.060937 0.262500
0 0.650781 0.113281 0.310937 0.226562
0 0.042188 0.626563 0.084375 0.168750
0 0.567969 0.306250 0.048438 0.043750
0 0.533594 0.758594 0.292187 0.242188
0 0.259375 0.970313 0.065625 0.025000
0 0.867969 0.392969 0.117188 0.139063
0 0.345313 0.900000 0.121875 0.178125
0 0.100000 0.046094 0.128125 0.092188
0 0.941406 0.484375 0.117188 0.225000
0 0.617188 0.903906 0.350000 0.192188
0 0.153125 0.590625 0.134375 0.175000
