0 0.392969 0.318750 0.060937 0.053125
0 0.503906 0.262500 0.035937 0.028125
0 0.550781 0.762500 0.060937 0.087500
1 0.697656 0.115625 0.304688 0.168750
0 0.597656 0.574219 0.048438 0.042188
0 0.463281 0.652344 0.026562 0.042188
0 0.335938 0.548438 0.021875 0.025000
0 0.512500 0.829688 0.025000 0.031250
0 0.558594 0.499219 0.023438 0.035937
0 0.802344 0.800000 0.051562 0.046875
0 0.563281 0.697656 0.020313 0.029687
0 0.430469 0.899219 0.079687 0.079687
0 0.633594 0.867188 0.023438 0.025000
0 0.560156 0.844531 0.060937 0.054688
0 0.378906 0.818750 0.035937 0.068750
0 0.547656 0.978125 0.114062 0.043750
0 0.594531 0.842187 0.039062 0.031250
0 0.824219 0.095312 0.020313 0.021875
0 0.323437 0.030469 0.112500 0.060937
0 0.754687 0.936719 0.043750 0.026562
0 0.779687 0.398438 0.031250 0.040625
0 0.406250 0.810937 0.025000 0.028125
0 0.385156 0.668750 0.020313 0.028125
0 0.505469 0.032813 0.017188 0.037500
0 0.651563 0.604688 0.053125 0.053125
0 0.450781 0.650781 0.054688 0.045312
0 0.439063 0.546094 0.028125 0.035937
0 0.486719 0.626563 0.023438 0.025000
0 0.753906 0.253906 0.029687 0.032813
0 0.431250 0.816406 0.028125 0.026562
0 0.254688 0.200781 0.012500 0.014063
0 0.693750 0.703125 0.012500 0.021875
0 0.726562 0.718750 0.046875 0.059375
0 0.825781 0.968750 0.054688 0.062500
0 0.425781 0.122656 0.051562 0.039062
0 0.704688 0.350000 0.031250 0.031250
0 0.933594 0.066406 0.039062 0.042188
0 0.383594 0.724219 0.020313 0.020313
0 0.257812 0.933594 0.053125 0.048438
0 0.424219 0.357031 0.029687 0.035937
0 0.405469 0.501563 0.017188 0.018750
0 0.432812 0.075781 0.031250 0.060937
0 0.627344 0.664062 0.070312 0.059375
0 0.401562 0.468750 0.028125 0.040625
0 0.490625 0.247656 0.037500 0.029687
0 0.366406 0.761719 0.007812 0.010937
0 0.606250 0.482031 0.028125 0.042188
0 0.704688 0.942969 0.046875 0.067187
0 0.668750 0.843750 0.034375 0.021875
0 0.718750 0.660937 0.031250 0.040625
0 0.728125 0.877344 0.025000 0.026562
0 0.356250 0.860938 0.021875 0.037500
0 0.463281 0.865625 0.020313 0.031250
0 0.764062 0.962500 0.075000 0.031250
0 0.646875 0.019531 0.059375 0.029687
0 0.783594 0.853125 0.020313 0.021875
0 0.464844 0.039062 0.020313 0.037500
0 0.894531 0.035156 0.048438 0.045312
0 0.421875 0.988281 0.053125 0.020313
0 0.478125 0.689844 0.018750 0.020313
0 0.241406 0.750781 0.035937 0.048438
0 0.578125 0.888281 0.025000 0.042188
0 0.552344 0.067969 0.017188 0.029687
0 0.454688 0.939844 0.025000 0.026562
0 0.369531 0.550000 0.045312 0.050000
0 0.745313 0.993750 0.021875 0.012500
0 0.661719 0.872656 0.023438 0.023438
0 0.415625 0.010937 0.028125 0.021875
0 0.354687 0.717187 0.028125 0.037500
0 0.814063 0.919531 0.028125 0.035937
0 0.639844 0.233594 0.029687 0.029687
0 0.615625 0.758594 0.018750 0.023438
0 0.435156 0.614844 0.023438 0.023438
0 0.815625 0.439844 0.056250 0.048438
0 0.346875 0.987500 0.043750 0.015625
0 0.248438 0.169531 0.012500 0.014063
0 0.702344 0.557031 0.039062 0.045312
0 0.548438 0.305469 0.068750 0.076563
0 0.671875 0.978125 0.025000 0.025000
0 0.495312 0.735156 0.018750 0.020313
0 0.649219 0.907813 0.023438 0.034375
0 0.721094 0.624219 0.026562 0.032813
0 0.658594 0.945312 0.020313 0.021875
0 0.778125 0.987500 0.040625 0.025000
0 0.594531 0.800000 0.045312 0.056250
0 0.804688 0.845313 0.018750 0.018750
0 0.695312 0.892188 0.046875 0.043750
0 0.596875 0.740625 0.025000 0.043750
0 0.702344 0.600781 0.023438 0.017188
0 0.284375 0.150000 0.056250 0.068750
0 0.380469 0.935156 0.060937 0.073438
0 0.378125 0.235937 0.046875 0.034375
0 0.526563 0.691406 0.059375 0.076563
0 0.585156 0.044531 0.026562 0.032813
0 0.748437 0.790625 0.087500 0.075000
0 0.827344 0.724219 0.035937 0.082812
0 0.477344 0.758594 0.045312 0.054688
0 0.777344 0.689063 0.054688 0.050000
0 0.655469 0.960938 0.020313 0.021875
0 0.797656 0.028125 0.029687 0.037500
0 0.598437 0.006250 0.018750 0.006250
0 0.608594 0.533594 0.035937 0.042188
0 0.285156 0.614844 0.014063 0.010937
0 0.649219 0.571875 0.023438 0.025000
0 0.752344 0.025781 0.026562 0.035937
0 0.518750 0.094531 0.034375 0.060937
1 0.550000 0.956250 0.206250 0.087500
0 0.621094 0.870313 0.010937 0.015625
0 0.457031 0.721094 0.035937 0.048438
0 0.271875 0.472656 0.037500 0.064062
0 0.333594 0.113281 0.060937 0.057813
0 0.674219 0.726562 0.023438 0.025000
0 0.980469 0.025781 0.020313 0.017188
0 0.800000 0.253906 0.031250 0.026562
0 0.317969 0.364063 0.010937 0.012500
0 0.261719 0.609375 0.010937 0.012500
0 0.300781 0.860938 0.014063 0.015625
0 0.342969 0.927344 0.010937 0.010937
0 0.412500 0.749219 0.012500 0.010937
0 0.405469 0.675781 0.010937 0.010937
0 0.401562 0.620313 0.012500 0.018750
0 0.342187 0.579688 0.012500 0.015625
0 0.254688 0.351562 0.012500 0.015625
1 0.610938 0.474219 0.121875 0.157812
0 0.512500 0.788281 0.012500 0.010937
0 0.578125 0.724219 0.018750 0.017188
0 0.645312 0.789844 0.050000 0.048438
1 0.777344 0.031250 0.167187 0.050000
0 0.749219 0.186719 0.029687 0.032813
0 0.796094 0.122656 0.020313 0.023438
0 0.575781 0.943750 0.014063 0.012500
0 0.629687 0.983594 0.018750 0.020313
0 0.340625 0.363281 0.009375 0.007812
0 0.514844 0.607812 0.020313 0.031250
0 0.390625 0.485156 0.012500 0.014063
0 0.335938 0.493750 0.075000 0.084375
0 0.359375 0.475781 0.034375 0.020313
0 0.371875 0.462500 0.034375 0.028125
0 0.471875 0.996094 0.018750 0.007812
0 0.522656 0.896094 0.032813 0.035937
0 0.498437 0.895312 0.028125 0.050000
1 0.469531 0.064844 0.217188 0.129688
0 0.373437 0.421094 0.025000 0.023438
0 0.439063 0.507031 0.046875 0.045312
1 0.555469 0.382031 0.048438 0.079687
1 0.510156 0.385156 0.045312 0.079687
1 0.555469 0.428125 0.042188 0.043750
1 0.614844 0.691406 0.189062 0.185938
1 0.621875 0.770312 0.256250 0.156250
0 0.450000 0.565625 0.025000 0.031250
