0 0.660156 0.884375 0.023438 0.018750
0 0.475781 0.537500 0.039062 0.028125
0 0.840625 0.437500 0.043750 0.040625
0 0.651563 0.300781 0.040625 0.042188
0 0.239063 0.277922 0.050000 0.037094
1 0.100000 0.250000 0.093750 0.112500
0 0.221961 0.222125 0.065797 0.034875
0 0.747188 0.120344 0.078750 0.056313
0 0.916406 0.357031 0.120313 0.092188
0 0.027344 0.704688 0.051562 0.053125
0 0.709375 0.779687 0.043750 0.028125
0 0.681250 0.220312 0.065625 0.043750
1 0.036687 0.479977 0.064000 0.159953
0 0.577273 0.742266 0.045172 0.028281
0 0.874219 0.467187 0.026562 0.018750
0 0.625000 0.852344 0.040625 0.026562
0 0.103125 0.302344 0.078125 0.045312
0 0.716406 0.296875 0.039062 0.034375
0 0.262500 0.750000 0.025000 0.015625
0 0.449219 0.467969 0.039062 0.029687
0 0.774219 0.341406 0.051562 0.045312
0 0.523438 0.588281 0.040625 0.029687
0 0.813281 0.158594 0.064062 0.045312
0 0.387500 0.139844 0.059375 0.045312
0 0.015625 0.652344 0.028125 0.042188
0 0.203906 0.422875 0.020313 0.017625
1 0.912703 0.280086 0.175406 0.119547
0 0.267188 0.954688 0.015625 0.012500
0 0.746094 0.067187 0.073438 0.050000
0 0.619531 0.907031 0.042188 0.026562
0 0.021094 0.942969 0.042188 0.064062
0 0.199219 0.814063 0.060937 0.046875
0 0.064844 0.329547 0.054688 0.037219
0 0.775930 0.293078 0.048734 0.042406
0 0.153906 0.416406 0.045312 0.039062
0 0.154688 0.160938 0.043750 0.034375
0 0.415625 0.581250 0.028125 0.028125
0 0.468750 0.580469 0.034375 0.026562
0 0.634375 0.492188 0.115625 0.184375
0 0.486719 0.257031 0.057813 0.042188
0 0.209375 0.395930 0.025000 0.023109
0 0.041406 0.573438 0.017188 0.015625
0 0.446094 0.514844 0.039062 0.026562
0 0.226562 0.591406 0.078125 0.042188
0 0.237805 0.669258 0.122484 0.097891
0 0.148438 0.630469 0.021875 0.014063
0 0.097656 0.938281 0.132812 0.095312
1 0.065883 0.746844 0.106766 0.074938
0 0.806250 0.416406 0.025000 0.020313
0 0.221875 0.094531 0.046875 0.064062
0 0.631250 0.799219 0.040625 0.026562
0 0.978906 0.603125 0.042188 0.046875
0 0.663281 0.721875 0.035937 0.028125
0 0.469531 0.913281 0.042188 0.026562
0 0.104688 0.428906 0.059375 0.045312
0 0.382031 0.361719 0.142187 0.110937
0 0.507031 0.375781 0.042188 0.023438
0 0.507812 0.332031 0.043750 0.026562
0 0.784375 0.486719 0.059375 0.045312
0 0.591406 0.264844 0.089063 0.110937
0 0.716406 0.173437 0.067187 0.056250
0 0.010156 0.358594 0.017188 0.029687
0 0.312500 0.425781 0.096875 0.073438
0 0.238969 0.626891 0.027937 0.025656
0 0.732031 0.805469 0.020313 0.020313
0 0.536719 0.399219 0.039062 0.026562
0 0.517188 0.730469 0.037500 0.026562
0 0.842516 0.290352 0.060031 0.058828
0 0.476562 0.447656 0.040625 0.026562
0 0.171875 0.657031 0.021875 0.014063
0 0.692969 0.860938 0.026562 0.021875
0 0.778125 0.442188 0.046875 0.056250
0 0.510938 0.199219 0.084375 0.107813
0 0.557031 0.562500 0.042188 0.034375
0 0.196875 0.460156 0.059375 0.042188
0 0.900000 0.546094 0.159375 0.129688
0 0.451562 0.828906 0.043750 0.029687
0 0.434375 0.176563 0.040625 0.037500
0 0.210938 0.347094 0.034375 0.034813
0 0.604688 0.581250 0.028125 0.037500
1 0.327977 0.486352 0.212203 0.182078
0 0.205406 0.249133 0.070187 0.038891
0 0.620969 0.410977 0.023187 0.015703
0 0.900930 0.712437 0.073734 0.046750
0 0.945680 0.748141 0.056984 0.027531
0 0.905359 0.772352 0.026344 0.019703
0 0.846461 0.855312 0.021047 0.038750
0 0.085906 0.747508 0.024938 0.020016
1 0.087641 0.545461 0.078406 0.178422
1 0.145344 0.538070 0.084437 0.179266
