0 0.684375 0.369531 0.046875 0.039062
1 0.806250 0.163281 0.240625 0.326562
0 0.976562 0.007812 0.043750 0.015625
0 0.060937 0.217188 0.071875 0.059375
0 0.117969 0.275000 0.039062 0.037500
0 0.148438 0.320312 0.034375 0.040625
0 0.021094 0.040625 0.042188 0.075000
0 0.585938 0.060156 0.059375 0.042188
0 0.352344 0.830469 0.064062 0.042188
1 0.908594 0.044016 0.079687 0.088031
0 0.316406 0.673438 0.067187 0.062500
0 0.609375 0.763281 0.046875 0.120313
0 0.167969 0.004687 0.054688 0.009375
0 0.364063 0.115625 0.275000 0.231250
0 0.322656 0.289844 0.132812 0.098437
0 0.622656 0.315625 0.064062 0.053125
0 0.410938 0.653906 0.096875 0.132812
0 0.521875 0.158594 0.034375 0.029687
0 0.018750 0.545312 0.031250 0.040625
0 0.687500 0.753906 0.034375 0.026562
0 0.028125 0.787500 0.046875 0.037500
0 0.510445 0.038727 0.139641 0.077453
0 0.103125 0.021094 0.081250 0.042188
1 0.943750 0.184406 0.112500 0.212562
0 0.494531 0.133594 0.020313 0.017188
1 0.966406 0.062500 0.060937 0.068750
0 0.627344 0.203125 0.223438 0.162500
0 0.728125 0.267188 0.043750 0.031250
0 0.691406 0.532031 0.067187 0.076563
0 0.703125 0.007812 0.053125 0.015625
0 0.738281 0.322656 0.057813 0.048438
0 0.207031 0.762500 0.035937 0.031250
1 0.877344 0.420312 0.235937 0.365625
0 0.132812 0.157031 0.090625 0.095312
0 0.687500 0.417969 0.034375 0.026562
0 0.457031 0.264062 0.089063 0.062500
0 0.678125 0.759375 0.062500 0.050000
0 0.164594 0.605203 0.291687 0.310406
0 0.212547 0.118453 0.087594 0.065031
0 0.585156 0.106250 0.060937 0.043750
0 0.335156 0.575000 0.070312 0.056250
0 0.392188 0.484375 0.034375 0.034375
0 0.395313 0.250781 0.037500 0.032813
0 0.685156 0.072656 0.051562 0.051562
0 0.184375 0.400000 0.103125 0.087500
1 0.443508 0.076906 0.187016 0.153812
0 0.438258 0.418125 0.026516 0.036250
