0 0.875000 0.460156 0.065625 0.082812
0 0.792969 0.827344 0.107813 0.192188
0 0.558594 0.771875 0.079687 0.075000
0 0.121875 0.795312 0.068750 0.090625
1 0.602344 0.876563 0.292187 0.246875
0 0.696094 0.096875 0.045312 0.053125
0 0.230469 0.210156 0.064062 0.079687
0 0.141406 0.258594 0.095312 0.120313
0 0.320312 0.147656 0.090625 0.110937
0 0.280469 0.085938 0.110937 0.125000
0 0.561719 0.500000 0.067187 0.065625
0 0.068750 0.351562 0.068750 0.081250
0 0.821875 0.198437 0.125000 0.125000
0 0.714063 0.931250 0.018750 0.021875
0 0.685156 0.402344 0.057813 0.048438
0 0.051562 0.289062 0.059375 0.081250
0 0.900000 0.978906 0.043750 0.042188
0 0.622656 0.107031 0.042188 0.051562
0 0.622656 0.380469 0.073438 0.073438
1 0.774219 0.106250 0.182812 0.159375
0 0.434375 0.133594 0.043750 0.048438
0 0.060156 0.675781 0.120313 0.185938
1 0.447656 0.767188 0.148438 0.187500
0 0.740625 0.060937 0.040625 0.050000
0 0.102344 0.417187 0.110937 0.093750
0 0.237500 0.441406 0.131250 0.123438
0 0.620313 0.025781 0.046875 0.029687
0 0.548438 0.435156 0.121875 0.089063
0 0.350781 0.415625 0.060937 0.059375
0 0.546094 0.610938 0.035937 0.050000
0 0.510938 0.253906 0.071875 0.067187
0 0.123438 0.448437 0.087500 0.068750
0 0.678906 0.744531 0.073438 0.092188
0 0.009375 0.585156 0.018750 0.079687
0 0.138281 0.882812 0.035937 0.046875
0 0.867188 0.246094 0.046875 0.048438
0 0.469531 0.413281 0.035937 0.051562
0 0.395313 0.167187 0.040625 0.034375
0 0.311719 0.235156 0.048438 0.039062
0 0.523438 0.009375 0.037500 0.018750
0 0.874219 0.564844 0.135937 0.154688
0 0.078125 0.841406 0.156250 0.210938
0 0.614062 0.177344 0.037500 0.051562
0 0.477344 0.506250 0.123438 0.143750
0 0.989844 0.353125 0.020313 0.050000
0 0.650781 0.436719 0.057813 0.073438
0 0.527344 0.946875 0.135937 0.106250
0 0.163281 0.514844 0.139063 0.104688
0 0.855469 0.115625 0.029687 0.031250
1 0.653125 0.237500 0.253125 0.275000
1 0.475781 0.321875 0.226562 0.206250
1 0.359375 0.331250 0.287500 0.187500
