1 0.557813 0.350781 0.084375 0.089063
0 0.671875 0.543750 0.040625 0.053125
0 0.393750 0.310156 0.040625 0.054688
0 0.373437 0.433594 0.053125 0.054688
1 0.252344 0.653125 0.260937 0.209375
0 0.410156 0.287500 0.029687 0.034375
0 0.860156 0.276562 0.079687 0.100000
0 0.501563 0.439063 0.037500 0.046875
1 0.542969 0.217188 0.117188 0.146875
1 0.365625 0.967187 0.075000 0.046875
0 0.506250 0.050781 0.031250 0.042188
0 0.335938 0.854688 0.034375 0.034375
0 0.600000 0.386719 0.043750 0.067187
0 0.785156 0.563281 0.014063 0.017188
0 0.611719 0.852344 0.026562 0.032813
0 0.757812 0.466406 0.034375 0.032813
0 0.484375 0.078125 0.040625 0.059375
0 0.609375 0.196875 0.031250 0.034375
0 0.749219 0.345313 0.032813 0.037500
0 0.382031 0.250000 0.039062 0.056250
0 0.701562 0.521094 0.031250 0.035937
0 0.275781 0.890625 0.064062 0.059375
0 0.153125 0.921094 0.018750 0.035937
0 0.186719 0.850000 0.023438 0.031250
0 0.240625 0.787500 0.068750 0.096875
0 0.143750 0.822656 0.037500 0.045312
0 0.475781 0.024219 0.017188 0.020313
1 0.157812 0.625781 0.100000 0.139063
0 0.471094 0.119531 0.032813 0.039062
0 0.785937 0.345313 0.025000 0.031250
0 0.296875 0.771094 0.021875 0.026562
1 0.186719 0.913281 0.101562 0.076563
0 0.659375 0.447656 0.100000 0.107813
0 0.841406 0.425000 0.023438 0.031250
0 0.804688 0.558594 0.015625 0.017188
0 0.643750 0.508594 0.031250 0.042188
0 0.399219 0.480469 0.039062 0.051562
0 0.778125 0.043750 0.021875 0.021875
0 0.867969 0.057813 0.054688 0.028125
0 0.691406 0.371094 0.023438 0.029687
0 0.637500 0.254688 0.040625 0.046875
0 0.648438 0.086719 0.018750 0.020313
0 0.395313 0.750000 0.065625 0.068750
0 0.292969 0.817187 0.035937 0.046875
0 0.256250 0.425781 0.109375 0.145313
0 0.201563 0.931250 0.031250 0.034375
1 0.066406 0.491406 0.089063 0.151562
0 0.668750 0.132031 0.034375 0.045312
0 0.832031 0.110937 0.029687 0.046875
0 0.578125 0.095312 0.028125 0.037500
0 0.446094 0.075781 0.042188 0.064062
0 0.601562 0.408594 0.025000 0.029687
0 0.073438 0.066406 0.040625 0.067187
0 0.461719 0.974219 0.060937 0.051562
0 0.464062 0.832812 0.034375 0.043750
0 0.329688 0.382812 0.037500 0.050000
0 0.589063 0.173437 0.037500 0.050000
0 0.509375 0.614844 0.018750 0.023438
0 0.149219 0.176563 0.045312 0.059375
0 0.458594 0.362500 0.039062 0.053125
0 0.746094 0.167187 0.023438 0.031250
0 0.582031 0.985938 0.067187 0.028125
0 0.361719 0.708594 0.101562 0.142187
0 0.102344 0.589063 0.042188 0.053125
1 0.105469 0.828125 0.079687 0.212500
0 0.291406 0.945312 0.039062 0.040625
0 0.154688 0.120313 0.034375 0.043750
0 0.653125 0.370312 0.040625 0.046875
1 0.471875 0.313281 0.087500 0.101562
0 0.777344 0.220312 0.060937 0.053125
0 0.650781 0.317969 0.057813 0.048438
1 0.395313 0.921094 0.115625 0.092188
1 0.725000 0.868750 0.093750 0.137500
0 0.268750 0.168750 0.046875 0.059375
0 0.594531 0.272656 0.048438 0.057813
0 0.707031 0.600000 0.023438 0.031250
0 0.233594 0.033594 0.185938 0.067187
0 0.860938 0.565625 0.021875 0.025000
0 0.352344 0.309375 0.039062 0.050000
0 0.860938 0.085156 0.025000 0.032813
0 0.215625 0.864844 0.037500 0.048438
0 0.390625 0.795312 0.021875 0.025000
0 0.705469 0.395313 0.032813 0.037500
0 0.853906 0.321094 0.035937 0.042188
0 0.624219 0.952344 0.014063 0.020313
0 0.890625 0.185938 0.025000 0.034375
0 0.444531 0.430469 0.079687 0.101562
0 0.448437 0.800000 0.031250 0.043750
0 0.350781 0.552344 0.057813 0.042188
0 0.532813 0.976562 0.034375 0.037500
0 0.552344 0.185938 0.026562 0.031250
0 0.674219 0.071094 0.017188 0.023438
0 0.288281 0.529687 0.070312 0.062500
0 0.285156 0.568750 0.039062 0.050000
0 0.553906 0.118750 0.035937 0.050000
0 0.437500 0.013281 0.050000 0.026562
0 0.450781 0.212500 0.117188 0.153125
0 0.379688 0.100781 0.134375 0.170313
0 0.203125 0.222656 0.096875 0.095312
0 0.258594 0.242969 0.060937 0.060937
1 0.392969 0.848437 0.070312 0.078125
0 0.210938 0.524219 0.050000 0.092188
0 0.767188 0.063281 0.012500 0.014063
0 0.394531 0.867188 0.014063 0.009375
0 0.485156 0.642188 0.114062 0.075000
0 0.514844 0.530469 0.114062 0.129688
1 0.628906 0.737500 0.126562 0.184375
1 0.623437 0.755469 0.234375 0.335938
0 0.485938 0.315625 0.021875 0.037500
0 0.578125 0.337500 0.028125 0.028125
