1 0.075000 0.271094 0.150000 0.185938
0 0.642969 0.475781 0.145313 0.123438
0 0.492969 0.046875 0.060937 0.050000
0 0.594531 0.655469 0.079687 0.064062
0 0.817969 0.655469 0.082812 0.104688
0 0.761719 0.710156 0.048438 0.060937
0 0.257812 0.364844 0.156250 0.120313
0 0.101562 0.468750 0.053125 0.050000
0 0.157031 0.767969 0.042188 0.048438
0 0.585156 0.957031 0.029687 0.032813
0 0.931250 0.016406 0.087500 0.032813
0 0.068750 0.523438 0.059375 0.068750
0 0.617969 0.074219 0.060937 0.057813
0 0.643750 0.709375 0.056250 0.068750
0 0.063281 0.176563 0.048438 0.075000
0 0.167969 0.628906 0.067187 0.064062
0 0.574219 0.315625 0.060937 0.081250
0 0.683594 0.970313 0.060937 0.046875
0 0.076563 0.843750 0.025000 0.031250
0 0.375000 0.792188 0.118750 0.128125
0 0.836719 0.964844 0.095312 0.035937
0 0.609375 0.347656 0.056250 0.070312
0 0.287500 0.734375 0.125000 0.121875
1 0.864844 0.821094 0.270313 0.260937
0 0.597656 0.768750 0.029687 0.031250
0 0.438281 0.028125 0.045312 0.050000
0 0.695312 0.173437 0.065625 0.090625
0 0.098437 0.804688 0.037500 0.053125
0 0.991406 0.921094 0.017188 0.039062
0 0.188281 0.268750 0.167187 0.131250
0 0.678125 0.085938 0.056250 0.059375
0 0.666406 0.644531 0.060937 0.048438
0 0.315625 0.923438 0.065625 0.081250
0 0.978906 0.855469 0.042188 0.132812
0 0.269531 0.921094 0.039062 0.067187
0 0.249219 0.637500 0.067187 0.078125
0 0.174219 0.048438 0.067187 0.065625
0 0.085156 0.056250 0.045312 0.056250
0 0.721094 0.724219 0.045312 0.067187
0 0.793750 0.137500 0.137500 0.078125
0 0.656250 0.818750 0.125000 0.090625
0 0.928125 0.174219 0.109375 0.082812
0 0.766406 0.051562 0.070312 0.103125
0 0.029687 0.668750 0.050000 0.150000
0 0.993750 0.958594 0.012500 0.032813
0 0.282031 0.085156 0.079687 0.095312
0 0.543750 0.282813 0.031250 0.043750
0 0.564063 0.242188 0.031250 0.053125
0 0.523438 0.222656 0.103125 0.129688
0 0.753125 0.480469 0.250000 0.298438
0 0.181250 0.442188 0.112500 0.112500
0 0.410938 0.742188 0.034375 0.037500
0 0.765625 0.968750 0.081250 0.040625
1 0.531250 0.282031 0.268750 0.335938
0 0.591406 0.410938 0.029687 0.037500
1 0.165625 0.423438 0.209375 0.215625
