0 0.422656 0.075781 0.098437 0.064062
0 0.650781 0.157812 0.070312 0.040625
0 0.973437 0.783883 0.053125 0.045891
0 0.328906 0.192188 0.051562 0.037500
0 0.182812 0.420312 0.162500 0.146875
0 0.871094 0.429688 0.039062 0.028125
0 0.959375 0.053125 0.071875 0.034375
0 0.924219 0.189844 0.032813 0.020313
0 0.841406 0.922656 0.039062 0.032813
0 0.212500 0.289062 0.118750 0.087500
0 0.641406 0.446375 0.023438 0.020875
0 0.807813 0.612500 0.046875 0.034375
0 0.940625 0.425781 0.046875 0.032813
0 0.042188 0.328906 0.084375 0.092188
0 0.146094 0.846094 0.032813 0.029687
0 0.014969 0.903125 0.029937 0.037500
0 0.110156 0.589844 0.051562 0.060937
0 0.862500 0.069531 0.062500 0.032813
0 0.759375 0.936719 0.078125 0.067187
0 0.838281 0.246094 0.035937 0.032813
0 0.313281 0.857812 0.029687 0.034375
0 0.311367 0.250570 0.050859 0.054266
0 0.664844 0.382812 0.060937 0.043750
0 0.071875 0.766406 0.034375 0.042188
0 0.953125 0.352344 0.087500 0.104688
0 0.759375 0.554688 0.084375 0.078125
0 0.269531 0.352344 0.060937 0.051562
0 0.047656 0.235937 0.092188 0.068750
0 0.085938 0.857031 0.100000 0.148438
0 0.870313 0.172656 0.040625 0.045312
0 0.854688 0.136719 0.053125 0.035937
0 0.822375 0.943180 0.041625 0.039484
0 0.556250 0.248438 0.018750 0.018750
0 0.386719 0.500781 0.060937 0.042188
0 0.024758 0.512086 0.049516 0.086672
0 0.498437 0.460938 0.053125 0.087500
0 0.671094 0.068750 0.160938 0.109375
0 0.331250 0.424219 0.140625 0.117188
0 0.330469 0.614062 0.076563 0.062500
0 0.393750 0.158727 0.046875 0.058078
0 0.010156 0.641406 0.017188 0.017188
0 0.966406 0.240625 0.064062 0.050000
0 0.436719 0.335938 0.132812 0.096875
0 0.046812 0.733109 0.018625 0.019344
0 0.951562 0.021094 0.071875 0.039062
0 0.398438 0.603906 0.062500 0.082812
0 0.092969 0.406250 0.060937 0.059375
0 0.014844 0.600781 0.026562 0.026562
0 0.196094 0.894531 0.089063 0.073438
0 0.033594 0.576562 0.039062 0.043750
0 0.385937 0.660156 0.068750 0.057813
0 0.085938 0.381250 0.059375 0.043750
0 0.253125 0.485156 0.040625 0.026562
0 0.272656 0.542969 0.154688 0.129688
0 0.615125 0.457031 0.024000 0.014063
0 0.516406 0.317969 0.089063 0.026562
0 0.867188 0.602344 0.121875 0.110937
0 0.956250 0.642188 0.050000 0.106250
0 0.616406 0.492188 0.070312 0.068750
0 0.817187 0.515625 0.025000 0.018750
0 0.519047 0.678070 0.209969 0.171766
0 0.944531 0.135937 0.104688 0.100000
0 0.657031 0.771875 0.226562 0.215625
0 0.011844 0.863820 0.023688 0.027641
0 0.953125 0.549219 0.046875 0.023438
0 0.396094 0.831000 0.185938 0.199500
0 0.400781 0.471875 0.026562 0.025000
0 0.729688 0.258594 0.184375 0.114062
0 0.054688 0.690625 0.040625 0.053125
0 0.803125 0.400781 0.231250 0.160938
0 0.862500 0.235156 0.046875 0.029687
0 0.546094 0.397656 0.067187 0.045312
0 0.483594 0.086719 0.070312 0.067187
0 0.474219 0.245312 0.185938 0.093750
0 0.972656 0.473438 0.051562 0.043750
0 0.123438 0.225000 0.046875 0.037500
0 0.781461 0.679336 0.222297 0.136797
0 0.017969 0.459375 0.032813 0.021875
0 0.532031 0.172656 0.026562 0.017188
0 0.161719 0.265625 0.035937 0.037500
0 0.073438 0.725781 0.028125 0.039062
0 0.198437 0.653125 0.087500 0.059375
0 0.820312 0.305469 0.112500 0.076563
0 0.021094 0.771094 0.042188 0.135937
0 0.769531 0.157031 0.067187 0.042188
0 0.972656 0.921094 0.054688 0.064062
0 0.232813 0.767188 0.084375 0.068750
0 0.085938 0.501563 0.031250 0.021875
0 0.608664 0.323859 0.036078 0.047719
0 0.046875 0.625000 0.071875 0.075000
0 0.530469 0.781250 0.023438 0.018750
0 0.255469 0.231250 0.123438 0.075000
0 0.087500 0.257812 0.071875 0.046875
0 0.811719 0.778125 0.048438 0.018750
0 0.082812 0.657813 0.031250 0.046875
0 0.838281 0.202344 0.039062 0.045312
0 0.028125 0.144531 0.056250 0.042188
0 0.445312 0.413281 0.059375 0.054688
0 0.155469 0.618750 0.054688 0.046875
0 0.035281 0.393547 0.023688 0.040219
0 0.060031 0.486664 0.032563 0.026453
0 0.004906 0.575023 0.009813 0.034422
0 0.007070 0.617203 0.014141 0.015656
0 0.374555 0.560297 0.030359 0.011219
0 0.988906 0.669844 0.021563 0.061562
0 0.180734 0.312680 0.058344 0.031609
0 0.122570 0.350086 0.063891 0.022047
0 0.123398 0.316695 0.056172 0.049016
0 0.219250 0.491305 0.035375 0.020109
0 0.186852 0.520906 0.054953 0.051187
0 0.132508 0.555469 0.011891 0.020313
0 0.427695 0.469844 0.039766 0.074063
0 0.357086 0.294836 0.017297 0.033422
0 0.341297 0.319805 0.023219 0.058359
0 0.319047 0.347008 0.028719 0.059641
0 0.357258 0.354320 0.027016 0.027391
