0 0.196875 0.782031 0.046875 0.045312
0 0.682031 0.746875 0.023438 0.034375
0 0.492188 0.400781 0.093750 0.104688
0 0.368750 0.434375 0.043750 0.034375
0 0.727344 0.966406 0.070312 0.064062
0 0.908594 0.386719 0.023438 0.029687
0 0.634375 0.697656 0.031250 0.051562
0 0.645312 0.485938 0.028125 0.034375
0 0.336719 0.377344 0.182812 0.079687
0 0.871094 0.716406 0.026562 0.020313
0 0.290625 0.616406 0.053125 0.064062
0 0.410938 0.175781 0.031250 0.035937
0 0.008594 0.539062 0.017188 0.065625
0 0.782031 0.809375 0.082812 0.071875
0 0.891406 0.730469 0.035937 0.035937
0 0.030469 0.795312 0.048438 0.043750
0 0.811719 0.439844 0.126562 0.126562
0 0.310156 0.550781 0.110937 0.120313
0 0.367188 0.268750 0.068750 0.065625
0 0.417969 0.670312 0.123438 0.184375
0 0.289844 0.305469 0.070312 0.064062
0 0.047656 0.729688 0.054688 0.056250
0 0.185938 0.262500 0.046875 0.040625
0 0.858594 0.766406 0.039062 0.054688
0 0.521875 0.267188 0.103125 0.140625
0 0.985156 0.311719 0.029687 0.029687
0 0.280469 0.226562 0.070312 0.059375
0 0.447656 0.160938 0.057813 0.068750
0 0.821094 0.922656 0.101562 0.126562
0 0.202344 0.178125 0.082812 0.090625
0 0.062500 0.040625 0.059375 0.053125
0 0.628125 0.537500 0.037500 0.034375
0 0.717187 0.844531 0.028125 0.029687
1 0.912891 0.696719 0.057031 0.071563
0 0.147656 0.882031 0.032813 0.032813
0 0.025781 0.975000 0.051562 0.050000
0 0.254688 0.819531 0.050000 0.051562
0 0.759219 0.508437 0.018438 0.038750
0 0.262500 0.735156 0.031250 0.029687
0 0.986719 0.383594 0.023438 0.026562
0 0.186719 0.690625 0.035937 0.037500
0 0.300781 0.859375 0.042188 0.037500
0 0.623437 0.782031 0.034375 0.039062
0 0.792188 0.323437 0.028125 0.031250
0 0.317188 0.678125 0.053125 0.053125
0 0.823438 0.397656 0.028125 0.029687
0 0.551562 0.357812 0.037500 0.040625
0 0.092188 0.547656 0.028125 0.023438
0 0.702344 0.546875 0.057813 0.128125
0 0.567187 0.461719 0.040625 0.054688
0 0.960156 0.377344 0.023438 0.023438
0 0.682031 0.312500 0.020313 0.031250
0 0.994531 0.472656 0.010937 0.029687
0 0.445312 0.386719 0.028125 0.026562
0 0.977344 0.535156 0.026562 0.026562
0 0.342187 0.279687 0.043750 0.046875
0 0.920312 0.521094 0.015625 0.010937
0 0.898438 0.496875 0.025000 0.021875
0 0.107813 0.631250 0.071875 0.078125
0 0.771875 0.603906 0.025000 0.020313
0 0.605469 0.557031 0.042188 0.032813
0 0.954688 0.596875 0.021875 0.021875
0 0.846875 0.282813 0.040625 0.046875
0 0.925781 0.483594 0.035937 0.060937
0 0.659375 0.513281 0.028125 0.035937
0 0.673438 0.657813 0.059375 0.140625
0 0.989844 0.429688 0.020313 0.034375
0 0.967187 0.581250 0.021875 0.018750
0 0.032031 0.207031 0.064062 0.045312
0 0.665625 0.896094 0.059375 0.073438
0 0.978906 0.505703 0.035937 0.039531
0 0.357812 0.034375 0.137500 0.068750
0 0.367969 0.750781 0.026562 0.023438
0 0.398438 0.103125 0.068750 0.065625
0 0.224219 0.477344 0.214062 0.104688
0 0.464062 0.114844 0.040625 0.032813
0 0.680469 0.347656 0.026562 0.035937
0 0.968750 0.645312 0.028125 0.031250
0 0.200781 0.558594 0.089063 0.085938
0 0.489844 0.801562 0.120313 0.162500
0 0.945312 0.749219 0.025000 0.020313
0 0.984375 0.346875 0.031250 0.040625
0 0.824219 0.557344 0.042188 0.042812
0 0.155469 0.978906 0.048438 0.042188
0 0.725000 0.754687 0.034375 0.034375
0 0.979688 0.631250 0.012500 0.015625
0 0.648438 0.773438 0.012500 0.015625
0 0.217188 0.623437 0.059375 0.053125
0 0.710938 0.357812 0.031250 0.031250
0 0.677344 0.421875 0.023438 0.034375
0 0.372656 0.481250 0.051562 0.034375
0 0.203125 0.351562 0.065625 0.031250
0 0.732812 0.671094 0.009375 0.014063
0 0.232813 0.334375 0.040625 0.021875
0 0.753125 0.701562 0.046875 0.075000
0 0.339062 0.632812 0.037500 0.034375
0 0.250781 0.125000 0.051562 0.043750
0 0.950781 0.659375 0.020313 0.025000
0 0.794531 0.257031 0.057813 0.054688
0 0.828125 0.643750 0.128125 0.090625
0 0.715625 0.432031 0.046875 0.070312
0 0.860938 0.885156 0.068750 0.076563
0 0.277344 0.985156 0.032813 0.026562
0 0.393750 0.534375 0.040625 0.050000
0 0.065625 0.663281 0.071875 0.067187
0 0.453125 0.052344 0.053125 0.057813
0 0.603125 0.597656 0.028125 0.051562
0 0.402344 0.428906 0.045312 0.042188
0 0.351562 0.867188 0.025000 0.021875
0 0.851562 0.344531 0.009375 0.007812
0 0.582812 0.890625 0.031250 0.031250
1 0.074023 0.276313 0.148047 0.374500
0 0.039828 0.596141 0.079656 0.054781
0 0.779445 0.448234 0.027641 0.027719
0 0.780328 0.505188 0.035656 0.038500
1 0.814344 0.531156 0.178687 0.209187
