0 0.473438 0.953125 0.040625 0.028125
0 0.409375 0.496094 0.028125 0.023438
0 0.245312 0.685156 0.018750 0.020313
0 0.932813 0.310937 0.059375 0.037500
0 0.122477 0.428070 0.026203 0.024891
0 0.269531 0.853125 0.054688 0.065625
0 0.953125 0.740625 0.043750 0.034375
0 0.252344 0.707031 0.017188 0.020313
0 0.244531 0.260937 0.014063 0.015625
0 0.222656 0.696875 0.029687 0.028125
0 0.864844 0.596875 0.023438 0.043750
0 0.876563 0.285938 0.031250 0.031250
0 0.153125 0.457813 0.021875 0.034375
0 0.797656 0.494531 0.042188 0.026562
0 0.572656 0.626563 0.026562 0.043750
0 0.140625 0.343750 0.043750 0.053125
0 0.791492 0.563016 0.070484 0.063531
0 0.946875 0.606250 0.034375 0.031250
0 0.887500 0.574219 0.028125 0.032813
0 0.251563 0.214062 0.021875 0.025000
0 0.976562 0.387500 0.046875 0.059375
0 0.274219 0.293750 0.014063 0.018750
0 0.248531 0.352938 0.015813 0.018375
0 0.720313 0.275000 0.043750 0.053125
0 0.733594 0.511719 0.026562 0.029687
0 0.736719 0.713281 0.042188 0.032813
0 0.994531 0.909375 0.010937 0.025000
0 0.143750 0.564844 0.028125 0.026562
0 0.824219 0.315625 0.029687 0.025000
0 0.891406 0.873437 0.023438 0.021875
0 0.630469 0.796875 0.010937 0.015625
0 0.314844 0.752344 0.026562 0.026562
0 0.532813 0.930469 0.015625 0.020313
0 0.472656 0.828125 0.023438 0.018750
0 0.910156 0.695312 0.054688 0.062500
0 0.421875 0.676562 0.034375 0.040625
0 0.247656 0.731250 0.026562 0.028125
0 0.321875 0.572656 0.021875 0.017188
0 0.225234 0.656305 0.016094 0.015734
0 0.675000 0.501563 0.028125 0.034375
0 0.488281 0.415625 0.048438 0.065625
0 0.567969 0.502344 0.020313 0.020313
0 0.921875 0.781250 0.034375 0.025000
0 0.290758 0.657414 0.009641 0.021078
0 0.990625 0.764062 0.015625 0.056250
0 0.479687 0.870313 0.034375 0.046875
0 0.523438 0.834375 0.050000 0.081250
0 0.853906 0.642188 0.029687 0.028125
0 0.349219 0.382031 0.042188 0.048438
0 0.678906 0.127344 0.085938 0.076563
0 0.943750 0.839844 0.046875 0.029687
0 0.546094 0.294531 0.054688 0.054688
0 0.350000 0.442969 0.021875 0.017188
0 0.352344 0.243750 0.014063 0.015625
0 0.080469 0.458594 0.035937 0.054688
0 0.321875 0.472656 0.034375 0.045312
0 0.564578 0.707375 0.016656 0.021000
0 0.441406 0.728125 0.042188 0.053125
0 0.367531 0.871789 0.035063 0.043578
0 0.790625 0.675781 0.037500 0.039062
0 0.200000 0.523438 0.059375 0.096875
0 0.282813 0.173437 0.081250 0.059375
0 0.290625 0.428906 0.093750 0.060937
0 0.575000 0.667188 0.031250 0.040625
0 0.653562 0.332117 0.060250 0.079859
0 0.309375 0.793750 0.043750 0.071875
0 0.728125 0.403906 0.025000 0.029687
0 0.797656 0.331250 0.032813 0.031250
0 0.101562 0.319531 0.065625 0.051562
0 0.353125 0.925781 0.031250 0.051562
0 0.376125 0.903820 0.033500 0.029516
0 0.317500 0.601648 0.025625 0.025172
0 0.109375 0.505469 0.021875 0.023438
0 0.211719 0.736719 0.023438 0.035937
0 0.504687 0.933594 0.040625 0.048438
0 0.251563 0.321094 0.031250 0.032813
0 0.584375 0.867969 0.078125 0.101562
0 0.636719 0.647656 0.010937 0.020313
0 0.764062 0.615625 0.028125 0.037500
0 0.278125 0.931250 0.018750 0.018750
0 0.996875 0.160156 0.006250 0.029687
0 0.532031 0.347656 0.035937 0.051562
0 0.261719 0.371875 0.020313 0.018750
0 0.401562 0.750000 0.043750 0.056250
0 0.304688 0.722656 0.021875 0.023438
0 0.318750 0.357031 0.028125 0.045312
0 0.297117 0.558492 0.012984 0.010734
0 0.263281 0.796875 0.017188 0.028125
0 0.221875 0.308594 0.028125 0.029687
0 0.709375 0.620313 0.031250 0.034375
0 0.136719 0.507812 0.020313 0.021875
0 0.983594 0.340625 0.032813 0.034375
0 0.903125 0.909375 0.040625 0.040625
0 0.733594 0.482031 0.032813 0.032813
0 0.103125 0.359375 0.034375 0.034375
0 0.443430 0.213969 0.046234 0.046687
0 0.441406 0.645312 0.010937 0.025000
0 0.710938 0.437500 0.034375 0.034375
0 0.904687 0.656250 0.037500 0.034375
0 0.413187 0.281516 0.076375 0.097406
0 0.240625 0.647656 0.025000 0.020313
0 0.255469 0.634375 0.026562 0.021875
0 0.515625 0.786719 0.012500 0.017188
0 0.603125 0.303125 0.050000 0.078125
0 0.530469 0.668750 0.026562 0.028125
0 0.951562 0.680469 0.021875 0.023438
0 0.771875 0.214844 0.031250 0.029687
0 0.210156 0.622656 0.039062 0.048438
0 0.290625 0.389062 0.046875 0.046875
0 0.933594 0.439844 0.035937 0.035937
0 0.303469 0.840281 0.019437 0.018063
0 0.266633 0.564844 0.042641 0.082812
0 0.982031 0.233594 0.035937 0.042188
0 0.825000 0.465625 0.037500 0.031250
0 0.424219 0.428125 0.014063 0.012500
0 0.682813 0.264844 0.059375 0.039062
0 0.743750 0.692187 0.015625 0.015625
0 0.982812 0.604688 0.034375 0.031250
0 0.792969 0.520312 0.042188 0.025000
0 0.723437 0.572656 0.034375 0.032813
0 0.669531 0.428125 0.026562 0.034375
0 0.309375 0.885938 0.018750 0.021875
0 0.064891 0.402344 0.014156 0.029687
0 0.850781 0.183594 0.029687 0.023438
0 0.321875 0.661719 0.021875 0.035937
0 0.188281 0.692187 0.023438 0.021875
0 0.302344 0.929688 0.017188 0.018750
0 0.424219 0.475000 0.017188 0.028125
0 0.092133 0.393055 0.024891 0.020484
0 0.077344 0.417187 0.017188 0.018750
0 0.491406 0.260937 0.067187 0.081250
0 0.943930 0.646352 0.025359 0.027078
0 0.592969 0.628906 0.023438 0.035937
0 0.739062 0.609375 0.015625 0.018750
0 0.290625 0.862500 0.015625 0.021875
0 0.234375 0.459375 0.009375 0.015625
0 0.542188 0.762500 0.028125 0.028125
0 0.814063 0.734375 0.040625 0.025000
0 0.887500 0.238281 0.021875 0.017188
0 0.644531 0.483594 0.020313 0.023438
0 0.247656 0.914062 0.039062 0.040625
0 0.433594 0.299219 0.039062 0.045312
0 0.467969 0.597656 0.023438 0.020313
0 0.482031 0.696094 0.064062 0.135937
0 0.620852 0.377344 0.032328 0.042188
0 0.265625 0.674219 0.015625 0.020313
0 0.504687 0.639062 0.028125 0.043750
0 0.208594 0.276562 0.042188 0.059375
0 0.370312 0.433594 0.028125 0.029687
0 0.140625 0.293750 0.021875 0.021875
0 0.394531 0.781250 0.035937 0.040625
0 0.147289 0.378312 0.038328 0.028500
0 0.378906 0.662500 0.020313 0.021875
0 0.259375 0.815625 0.021875 0.031250
0 0.891406 0.782031 0.017188 0.017188
0 0.782813 0.466406 0.034375 0.032813
0 0.463281 0.475000 0.032813 0.025000
0 0.661719 0.392969 0.048438 0.064062
0 0.789062 0.412500 0.025000 0.031250
0 0.331383 0.672305 0.015891 0.019609
0 0.790625 0.437500 0.040625 0.025000
0 0.578125 0.521875 0.028125 0.028125
0 0.813547 0.178297 0.048969 0.044094
0 0.734375 0.146094 0.031250 0.032813
0 0.491406 0.798438 0.010937 0.015625
0 0.379688 0.402344 0.031250 0.039062
0 0.420312 0.903125 0.015625 0.018750
0 0.206250 0.586719 0.021875 0.020313
0 0.103125 0.474219 0.015625 0.014063
0 0.097656 0.546875 0.057813 0.062500
0 0.947656 0.535156 0.032813 0.042188
0 0.330469 0.882031 0.029687 0.045312
0 0.179688 0.459375 0.021875 0.028125
0 0.239063 0.618750 0.021875 0.015625
0 0.154688 0.592969 0.031250 0.035937
0 0.562500 0.735156 0.015625 0.014063
0 0.848437 0.230469 0.081250 0.070312
0 0.750000 0.746875 0.034375 0.028125
0 0.309375 0.582031 0.025000 0.017188
0 0.364063 0.696094 0.046875 0.042188
0 0.457031 0.900781 0.023438 0.042188
0 0.326562 0.440625 0.028125 0.028125
0 0.391406 0.253125 0.042188 0.043750
0 0.131672 0.450000 0.025844 0.025000
0 0.057031 0.440625 0.017188 0.043750
0 0.970313 0.038281 0.059375 0.060937
0 0.153906 0.618750 0.039062 0.034375
0 0.436203 0.957812 0.034906 0.037500
0 0.372656 0.558594 0.023438 0.020313
0 0.844531 0.721875 0.020313 0.021875
0 0.110937 0.401562 0.021875 0.025000
0 0.757031 0.395313 0.035937 0.031250
0 0.453906 0.844531 0.020313 0.017188
0 0.813281 0.879687 0.048438 0.053125
0 0.315625 0.699219 0.021875 0.026562
0 0.607031 0.090625 0.057813 0.059375
0 0.073438 0.359375 0.012500 0.018750
0 0.339062 0.331250 0.040625 0.031250
0 0.253906 0.501563 0.060937 0.078125
0 0.425781 0.393750 0.029687 0.037500
0 0.664062 0.588281 0.059375 0.073438
0 0.821875 0.618750 0.037500 0.037500
0 0.857812 0.784375 0.040625 0.031250
0 0.232813 0.560156 0.021875 0.020313
0 0.872055 0.914898 0.022234 0.020422
0 0.793078 0.917336 0.051781 0.044047
0 0.754875 0.659945 0.031625 0.035516
0 0.751914 0.640656 0.016328 0.012562
0 0.971172 0.642328 0.014219 0.015906
0 0.910773 0.550500 0.037172 0.032250
0 0.980562 0.578273 0.039250 0.031547
0 0.982820 0.556930 0.034391 0.029484
0 0.860766 0.383719 0.015281 0.020563
0 0.947063 0.158898 0.047250 0.039672
0 0.916484 0.152977 0.011094 0.009078
0 0.953492 0.137359 0.053859 0.034094
0 0.936984 0.098297 0.027094 0.021594
0 0.693430 0.217188 0.052484 0.050000
0 0.714969 0.201453 0.045562 0.068531
0 0.489586 0.146922 0.010422 0.018844
0 0.505039 0.142852 0.013203 0.013828
0 0.633164 0.247359 0.016328 0.007219
0 0.631437 0.258555 0.012875 0.010859
0 0.586109 0.457164 0.012844 0.014328
0 0.618609 0.478102 0.059094 0.037453
0 0.562008 0.798156 0.027141 0.033813
0 0.540641 0.709891 0.031281 0.038531
0 0.525359 0.727070 0.025719 0.038516
0 0.553852 0.927687 0.026453 0.030375
0 0.523609 0.892938 0.012844 0.010875
0 0.506445 0.889648 0.016016 0.023047
0 0.342734 0.821391 0.019844 0.014656
0 0.371352 0.745016 0.017703 0.024406
0 0.345313 0.883117 0.015625 0.016234
0 0.284250 0.760898 0.015375 0.024922
0 0.282703 0.723266 0.031031 0.049656
0 0.177812 0.657828 0.043125 0.031281
0 0.250062 0.601266 0.012625 0.015031
0 0.129937 0.471961 0.009875 0.012672
0 0.139352 0.487961 0.016203 0.013422
0 0.323727 0.526211 0.041203 0.030547
0 0.303922 0.519758 0.010969 0.017641
0 0.374305 0.504031 0.048609 0.020563
0 0.443797 0.616937 0.021969 0.021375
0 0.412258 0.599992 0.030766 0.040609
0 0.402438 0.648508 0.048625 0.056391
0 0.365687 0.634141 0.012625 0.012031
0 0.349352 0.673039 0.020578 0.024203
0 0.402313 0.856383 0.010875 0.009641
1 0.338805 0.754148 0.105734 0.170797
0 0.282344 0.670805 0.011562 0.010359
0 0.216883 0.609891 0.018141 0.016656
0 0.188875 0.592625 0.015250 0.013375
0 0.350570 0.574305 0.029266 0.011109
0 0.353641 0.591898 0.038531 0.030672
0 0.167953 0.554148 0.020281 0.036422
0 0.177484 0.596578 0.020594 0.027531
0 0.479844 0.622219 0.022187 0.028813
1 0.476922 0.407555 0.075719 0.168234
1 0.351648 0.518828 0.118922 0.128281
1 0.775102 0.332234 0.106453 0.098844
0 0.837406 0.345523 0.034187 0.028547
1 0.887883 0.386578 0.072641 0.070031
1 0.864445 0.455859 0.053891 0.052344
1 0.925883 0.528438 0.111141 0.097500
1 0.988453 0.280562 0.023781 0.029875
1 0.944969 0.087969 0.064938 0.054062
