0 0.685156 0.067187 0.064062 0.096875
0 0.622656 0.498437 0.039062 0.059375
0 0.260937 0.310937 0.059375 0.068750
0 0.618750 0.414062 0.043750 0.068750
0 0.282813 0.397656 0.021875 0.026562
0 0.135937 0.575000 0.065625 0.075000
0 0.565625 0.962500 0.062500 0.075000
0 0.330469 0.055469 0.035937 0.051562
0 0.843750 0.939063 0.034375 0.031250
0 0.622656 0.803125 0.114062 0.100000
0 0.032031 0.419531 0.048438 0.060937
0 0.525000 0.672656 0.021875 0.026562
0 0.607812 0.246094 0.062500 0.079687
0 0.803906 0.860156 0.039062 0.039062
0 0.528906 0.068750 0.042188 0.043750
0 0.605469 0.750000 0.045312 0.053125
0 0.125781 0.135156 0.076563 0.054688
0 0.630469 0.326562 0.076563 0.081250
0 0.410156 0.406250 0.048438 0.050000
0 0.395313 0.634375 0.087500 0.087500
0 0.257031 0.512500 0.073438 0.081250
0 0.566406 0.532813 0.029687 0.050000
0 0.370312 0.342187 0.025000 0.034375
0 0.165625 0.447656 0.046875 0.060937
0 0.660937 0.245312 0.068750 0.096875
0 0.405469 0.714844 0.035937 0.035937
0 0.571875 0.700000 0.053125 0.053125
0 0.714844 0.375000 0.020313 0.028125
0 0.805469 0.553906 0.070312 0.067187
0 0.442188 0.392969 0.018750 0.023438
0 0.505469 0.803125 0.051562 0.071875
0 0.559375 0.563281 0.015625 0.023438
0 0.430469 0.360156 0.042188 0.042188
0 0.256250 0.687500 0.084375 0.103125
0 0.477344 0.980469 0.051562 0.039062
0 0.378906 0.155469 0.045312 0.048438
0 0.391406 0.754687 0.032813 0.050000
0 0.105469 0.339062 0.060937 0.065625
0 0.317188 0.692969 0.078125 0.079687
0 0.678906 0.172656 0.057813 0.057813
0 0.518750 0.293750 0.025000 0.025000
0 0.552344 0.169531 0.035937 0.045312
0 0.043750 0.135937 0.087500 0.075000
0 0.364063 0.700781 0.075000 0.057813
0 0.117969 0.786719 0.020313 0.023438
0 0.426563 0.369531 0.037500 0.035937
0 0.560937 0.459375 0.078125 0.093750
0 0.557031 0.309375 0.042188 0.087500
0 0.549219 0.750000 0.051562 0.065625
0 0.527344 0.378906 0.045312 0.064062
0 0.898438 0.215625 0.056250 0.096875
0 0.294531 0.110937 0.095312 0.084375
0 0.378125 0.847656 0.021875 0.023438
0 0.457813 0.462500 0.040625 0.046875
0 0.614062 0.963281 0.059375 0.057813
0 0.199219 0.807031 0.132812 0.114062
0 0.185938 0.644531 0.084375 0.095312
0 0.584375 0.176563 0.025000 0.034375
0 0.775000 0.461719 0.078125 0.082812
0 0.243750 0.395313 0.034375 0.040625
0 0.175000 0.080469 0.034375 0.026562
0 0.521875 0.143750 0.040625 0.050000
0 0.571875 0.636719 0.056250 0.070312
0 0.470313 0.943750 0.059375 0.065625
0 0.568750 0.825000 0.018750 0.021875
0 0.275781 0.342187 0.035937 0.043750
0 0.061719 0.807031 0.045312 0.064062
0 0.785156 0.403125 0.029687 0.040625
0 0.350000 0.793750 0.081250 0.112500
0 0.257031 0.039844 0.029687 0.014063
0 0.303906 0.860156 0.085938 0.110937
0 0.570312 0.859375 0.037500 0.050000
0 0.292969 0.224219 0.123438 0.114062
0 0.182812 0.227344 0.037500 0.051562
0 0.659375 0.132812 0.028125 0.034375
0 0.732031 0.475781 0.048438 0.070312
0 0.735938 0.352344 0.031250 0.039062
0 0.432031 0.151562 0.095312 0.109375
0 0.720313 0.766406 0.053125 0.067187
0 0.095312 0.710938 0.050000 0.065625
0 0.500000 0.490625 0.037500 0.043750
0 0.375000 0.078125 0.128125 0.137500
0 0.061719 0.296094 0.110937 0.104688
0 0.107031 0.210156 0.117188 0.120313
0 0.357031 0.457031 0.045312 0.054688
0 0.570312 0.093750 0.053125 0.053125
0 0.544531 0.628906 0.023438 0.020313
0 0.582812 0.402344 0.037500 0.051562
0 0.450000 0.814844 0.109375 0.098437
0 0.453125 0.731250 0.059375 0.075000
0 0.231250 0.934375 0.150000 0.131250
0 0.876563 0.858594 0.031250 0.035937
0 0.339844 0.977344 0.060937 0.045312
0 0.943750 0.882031 0.034375 0.032813
0 0.400781 0.492969 0.098437 0.067187
0 0.641406 0.037500 0.095312 0.075000
0 0.222656 0.173437 0.042188 0.059375
0 0.607812 0.568750 0.025000 0.028125
0 0.123438 0.969531 0.109375 0.060937
0 0.636719 0.390625 0.020313 0.028125
0 0.700781 0.117969 0.035937 0.042188
0 0.086719 0.082812 0.060937 0.043750
0 0.584375 0.200000 0.015625 0.018750
0 0.625000 0.596094 0.059375 0.076563
0 0.735938 0.183594 0.025000 0.042188
0 0.199219 0.884375 0.057813 0.078125
0 0.686719 0.875000 0.029687 0.040625
0 0.599219 0.939844 0.026562 0.048438
0 0.728906 0.867969 0.023438 0.035937
0 0.574219 0.596094 0.060937 0.079687
0 0.600000 0.524219 0.034375 0.042188
1 0.540625 0.527344 0.246875 0.339062
0 0.753906 0.282031 0.060937 0.107813
0 0.730469 0.267969 0.064062 0.114062
1 0.544531 0.307812 0.289062 0.356250
1 0.276562 0.439063 0.300000 0.365625
0 0.024219 0.078906 0.048438 0.026562
0 0.400000 0.946094 0.106250 0.107813
0 0.685156 0.067187 0.064062 0.096875
0 0.622656 0.498437 0.039062 0.059375
0 0.260937 0.310937 0.059375 0.068750
0 0.618750 0.414062 0.043750 0.068750
0 0.282813 0.397656 0.021875 0.026562
0 0.135937 0.575000 0.065625 0.075000
0 0.565625 0.962500 0.062500 0.075000
0 0.330469 0.055469 0.035937 0.051562
0 0.843750 0.939063 0.034375 0.031250
0 0.622656 0.803125 0.114062 0.100000
0 0.032031 0.419531 0.048438 0.060937
0 0.525000 0.672656 0.021875 0.026562
0 0.607812 0.246094 0.062500 0.079687
0 0.803906 0.860156 0.039062 0.039062
0 0.528906 0.068750 0.042188 0.043750
0 0.605469 0.750000 0.045312 0.053125
0 0.125781 0.135156 0.076563 0.054688
0 0.630469 0.326562 0.076563 0.081250
0 0.410156 0.406250 0.048438 0.050000
0 0.395313 0.634375 0.087500 0.087500
0 0.257031 0.512500 0.073438 0.081250
0 0.566406 0.532813 0.029687 0.050000
0 0.370312 0.342187 0.025000 0.034375
0 0.165625 0.447656 0.046875 0.060937
0 0.660937 0.245312 0.068750 0.096875
0 0.405469 0.714844 0.035937 0.035937
0 0.571875 0.700000 0.053125 0.053125
0 0.714844 0.375000 0.020313 0.028125
0 0.805469 0.553906 0.070312 0.067187
0 0.442188 0.392969 0.018750 0.023438
0 0.505469 0.803125 0.051562 0.071875
0 0.559375 0.563281 0.015625 0.023438
0 0.430469 0.360156 0.042188 0.042188
0 0.256250 0.687500 0.084375 0.103125
0 0.477344 0.980469 0.051562 0.039062
0 0.378906 0.155469 0.045312 0.048438
0 0.391406 0.754687 0.032813 0.050000
0 0.105469 0.339062 0.060937 0.065625
0 0.317188 0.692969 0.078125 0.079687
0 0.678906 0.172656 0.057813 0.057813
0 0.518750 0.293750 0.025000 0.025000
0 0.552344 0.169531 0.035937 0.045312
0 0.043750 0.135937 0.087500 0.075000
0 0.364063 0.700781 0.075000 0.057813
0 0.117969 0.786719 0.020313 0.023438
0 0.426563 0.369531 0.037500 0.035937
0 0.560937 0.459375 0.078125 0.093750
0 0.557031 0.309375 0.042188 0.087500
0 0.549219 0.750000 0.051562 0.065625
0 0.527344 0.378906 0.045312 0.064062
0 0.898438 0.215625 0.056250 0.096875
0 0.294531 0.110937 0.095312 0.084375
0 0.378125 0.847656 0.021875 0.023438
0 0.457813 0.462500 0.040625 0.046875
0 0.614062 0.963281 0.059375 0.057813
0 0.199219 0.807031 0.132812 0.114062
0 0.185938 0.644531 0.084375 0.095312
0 0.584375 0.176563 0.025000 0.034375
0 0.775000 0.461719 0.078125 0.082812
0 0.243750 0.395313 0.034375 0.040625
0 0.175000 0.080469 0.034375 0.026562
0 0.521875 0.143750 0.040625 0.050000
0 0.571875 0.636719 0.056250 0.070312
0 0.470313 0.943750 0.059375 0.065625
0 0.568750 0.825000 0.018750 0.021875
0 0.275781 0.342187 0.035937 0.043750
0 0.061719 0.807031 0.045312 0.064062
0 0.785156 0.403125 0.029687 0.040625
0 0.350000 0.793750 0.081250 0.112500
0 0.257031 0.039844 0.029687 0.014063
0 0.303906 0.860156 0.085938 0.110937
0 0.570312 0.859375 0.037500 0.050000
0 0.292969 0.224219 0.123438 0.114062
0 0.182812 0.227344 0.037500 0.051562
0 0.659375 0.132812 0.028125 0.034375
0 0.732031 0.475781 0.048438 0.070312
0 0.735938 0.352344 0.031250 0.039062
0 0.432031 0.151562 0.095312 0.109375
0 0.720313 0.766406 0.053125 0.067187
0 0.095312 0.710938 0.050000 0.065625
0 0.500000 0.490625 0.037500 0.043750
0 0.375000 0.078125 0.128125 0.137500
0 0.061719 0.296094 0.110937 0.104688
0 0.107031 0.210156 0.117188 0.120313
0 0.357031 0.457031 0.045312 0.054688
0 0.570312 0.093750 0.053125 0.053125
0 0.544531 0.628906 0.023438 0.020313
0 0.582812 0.402344 0.037500 0.051562
0 0.450000 0.814844 0.109375 0.098437
0 0.453125 0.731250 0.059375 0.075000
0 0.231250 0.934375 0.150000 0.131250
0 0.876563 0.858594 0.031250 0.035937
0 0.339844 0.977344 0.060937 0.045312
0 0.943750 0.882031 0.034375 0.032813
0 0.400781 0.492969 0.098437 0.067187
0 0.641406 0.037500 0.095312 0.075000
0 0.222656 0.173437 0.042188 0.059375
0 0.607812 0.568750 0.025000 0.028125
0 0.123438 0.969531 0.109375 0.060937
0 0.636719 0.390625 0.020313 0.028125
0 0.700781 0.117969 0.035937 0.042188
0 0.086719 0.082812 0.060937 0.043750
0 0.584375 0.200000 0.015625 0.018750
0 0.625000 0.596094 0.059375 0.076563
0 0.735938 0.183594 0.025000 0.042188
0 0.199219 0.884375 0.057813 0.078125
0 0.686719 0.875000 0.029687 0.040625
0 0.599219 0.939844 0.026562 0.048438
0 0.728906 0.867969 0.023438 0.035937
0 0.574219 0.596094 0.060937 0.079687
0 0.600000 0.524219 0.034375 0.042188
1 0.540625 0.527344 0.246875 0.339062
0 0.753906 0.282031 0.060937 0.107813
0 0.730469 0.267969 0.064062 0.114062
1 0.544531 0.307812 0.289062 0.356250
1 0.276562 0.439063 0.300000 0.365625
0 0.024219 0.078906 0.048438 0.026562
0 0.400000 0.946094 0.106250 0.107813
