0 0.426563 0.135937 0.034375 0.034375
0 0.390625 0.553906 0.040625 0.057813
0 0.488281 0.607031 0.014063 0.010937
0 0.490625 0.153906 0.028125 0.017188
0 0.409375 0.447656 0.037500 0.042188
0 0.271875 0.354687 0.015625 0.015625
0 0.604688 0.532031 0.056250 0.035937
0 0.759375 0.276562 0.050000 0.034375
0 0.892969 0.255469 0.032813 0.026562
0 0.379688 0.435156 0.031250 0.032813
0 0.017969 0.618750 0.032813 0.034375
0 0.029687 0.678906 0.012500 0.007812
0 0.316406 0.826562 0.051562 0.062500
0 0.917188 0.436719 0.046875 0.032813
0 0.914062 0.534375 0.081250 0.059375
0 0.662500 0.600000 0.031250 0.034375
0 0.426563 0.530469 0.037500 0.026562
0 0.385297 0.289609 0.048719 0.072969
0 0.404687 0.641406 0.053125 0.051562
0 0.117188 0.649219 0.034375 0.026562
0 0.496094 0.689844 0.017188 0.010937
0 0.224219 0.368750 0.026562 0.021875
0 0.909375 0.877344 0.028125 0.026562
0 0.494531 0.559375 0.085938 0.081250
0 0.743750 0.526563 0.018750 0.012500
0 0.577344 0.121875 0.020313 0.018750
0 0.028906 0.515625 0.057813 0.062500
0 0.877922 0.326109 0.030844 0.064719
0 0.381250 0.357812 0.040625 0.025000
0 0.565625 0.547656 0.031250 0.029687
0 0.741406 0.596094 0.035937 0.042188
0 0.224219 0.296875 0.023438 0.028125
0 0.083594 0.486719 0.054688 0.026562
0 0.753906 0.694531 0.057813 0.057813
0 0.335156 0.302344 0.048438 0.060937
0 0.895312 0.672656 0.046875 0.042188
0 0.293750 0.271094 0.031250 0.026562
0 0.723437 0.543750 0.028125 0.018750
0 0.025000 0.712500 0.028125 0.028125
0 0.197656 0.634375 0.098437 0.084375
0 0.609375 0.168750 0.106250 0.071875
0 0.960156 0.614844 0.048438 0.035937
0 0.142969 0.862500 0.042188 0.037500
0 0.138281 0.535937 0.042188 0.034375
0 0.539062 0.103906 0.046875 0.029687
0 0.303125 0.439063 0.034375 0.028125
0 0.146875 0.702344 0.059375 0.042188
0 0.420312 0.482031 0.031250 0.029687
0 0.422656 0.507031 0.032813 0.023438
0 0.803906 0.488047 0.060937 0.104219
0 0.662500 0.396094 0.046875 0.023438
0 0.084375 0.297656 0.028125 0.026562
0 0.649219 0.353906 0.067187 0.064062
0 0.759375 0.851562 0.021875 0.025000
0 0.948438 0.452344 0.046875 0.039062
0 0.717969 0.347656 0.089063 0.092188
0 0.131250 0.371094 0.031250 0.026562
0 0.328906 0.710156 0.051562 0.051562
0 0.681250 0.429688 0.034375 0.018750
0 0.817187 0.752344 0.028125 0.026562
0 0.691406 0.125781 0.070312 0.032813
0 0.891406 0.364844 0.023438 0.029687
0 0.345313 0.452344 0.050000 0.045312
0 0.875781 0.778125 0.020313 0.015625
0 0.437500 0.410938 0.046875 0.037500
0 0.296875 0.212500 0.071875 0.053125
0 0.196875 0.722656 0.040625 0.023438
0 0.968750 0.225000 0.056250 0.053125
0 0.767969 0.628906 0.051562 0.042188
0 0.417187 0.283594 0.028125 0.029687
0 0.162500 0.341406 0.025000 0.023438
0 0.692187 0.853906 0.046875 0.042188
0 0.439063 0.571875 0.040625 0.037500
0 0.498453 0.483594 0.134406 0.092188
0 0.828906 0.628125 0.067187 0.062500
0 0.252344 0.678125 0.095312 0.078125
0 0.812500 0.777344 0.031250 0.023438
0 0.689844 0.560937 0.039062 0.034375
0 0.399219 0.746094 0.014063 0.014063
0 0.036719 0.418750 0.051562 0.025000
0 0.796094 0.244531 0.064062 0.060937
0 0.836719 0.191406 0.045312 0.029687
0 0.421875 0.343750 0.028125 0.021875
0 0.428906 0.860938 0.042188 0.050000
0 0.398438 0.205469 0.025000 0.042188
0 0.151562 0.560937 0.040625 0.037500
0 0.897656 0.746875 0.029687 0.021875
0 0.782813 0.754687 0.015625 0.015625
0 0.017969 0.364641 0.035937 0.054281
0 0.961719 0.488281 0.020313 0.017188
0 0.353125 0.381250 0.059375 0.053125
0 0.492969 0.753125 0.014063 0.012500
0 0.345313 0.532031 0.059375 0.114062
0 0.299219 0.413281 0.070312 0.035937
0 0.363281 0.232031 0.023438 0.026562
0 0.485938 0.657813 0.015625 0.012500
0 0.520312 0.657031 0.018750 0.014063
0 0.228906 0.600781 0.042188 0.023438
0 0.450000 0.739844 0.021875 0.023438
0 0.476562 0.517969 0.015625 0.010937
0 0.257031 0.322656 0.023438 0.023438
0 0.509375 0.196094 0.021875 0.017188
0 0.229687 0.786719 0.012500 0.010937
0 0.299219 0.610156 0.054688 0.079687
0 0.396094 0.514844 0.032813 0.020313
0 0.621094 0.478125 0.067187 0.050000
0 0.789062 0.570312 0.046875 0.053125
0 0.585156 0.503906 0.026562 0.023438
0 0.028125 0.321094 0.056250 0.064062
0 0.810156 0.853906 0.023438 0.017188
0 0.293750 0.525000 0.059375 0.100000
0 0.978125 0.378125 0.037500 0.031250
0 0.369531 0.663281 0.017188 0.017188
0 0.037500 0.275781 0.062500 0.045312
0 0.260937 0.501563 0.025000 0.034375
0 0.877344 0.858594 0.026562 0.023438
0 0.982031 0.320312 0.020313 0.012500
0 0.303125 0.375781 0.034375 0.023438
0 0.990625 0.417187 0.018750 0.018750
0 0.785156 0.350781 0.079687 0.060937
0 0.401562 0.388281 0.040625 0.029687
0 0.485938 0.383594 0.062500 0.057813
0 0.833594 0.565625 0.039062 0.028125
0 0.536719 0.828906 0.020313 0.020313
0 0.497656 0.178906 0.026562 0.017188
0 0.121875 0.676562 0.021875 0.021875
0 0.992188 0.827344 0.015625 0.035937
0 0.845313 0.881250 0.025000 0.021875
0 0.637711 0.535117 0.019172 0.023359
0 0.600781 0.257812 0.048438 0.034375
0 0.083594 0.399219 0.029687 0.023438
0 0.605469 0.410156 0.095312 0.076563
0 0.893750 0.600781 0.031250 0.023438
0 0.249219 0.457813 0.051562 0.034375
0 0.528906 0.636719 0.023438 0.026562
0 0.684375 0.231250 0.046875 0.100000
0 0.815875 0.310141 0.044250 0.032781
0 0.095312 0.726562 0.009375 0.012500
0 0.694531 0.908594 0.020313 0.017188
0 0.040625 0.743750 0.056250 0.031250
0 0.354687 0.690133 0.031250 0.027141
0 0.310156 0.332813 0.020313 0.012500
0 0.382031 0.807813 0.054688 0.059375
0 0.055469 0.563281 0.039062 0.029687
0 0.189164 0.500687 0.097078 0.120125
0 0.960938 0.660156 0.068750 0.039062
0 0.889844 0.475781 0.023438 0.017188
0 0.387500 0.476562 0.046875 0.040625
0 0.122656 0.392188 0.042188 0.021875
0 0.146875 0.603125 0.031250 0.018750
0 0.757812 0.512500 0.015625 0.012500
0 0.960156 0.865625 0.029687 0.025000
0 0.772656 0.526563 0.023438 0.021875
0 0.750000 0.453906 0.059375 0.070312
0 0.753906 0.745313 0.020313 0.018750
0 0.172859 0.287375 0.051969 0.096625
0 0.016805 0.758680 0.011734 0.007984
0 0.338859 0.666687 0.015219 0.014625
0 0.316172 0.571461 0.010469 0.027297
0 0.621305 0.787969 0.030109 0.029063
0 0.674086 0.536133 0.026297 0.025391
0 0.558789 0.446883 0.045703 0.037516
0 0.399914 0.420773 0.018578 0.016547
0 0.529117 0.432727 0.011359 0.021703
1 0.627531 0.407820 0.217563 0.265641
0 0.894234 0.308945 0.038469 0.055391
0 0.822492 0.468320 0.048109 0.089766
0 0.841586 0.443977 0.048797 0.097328
1 0.207109 0.483344 0.145469 0.235438
