0 0.653333 0.216867 0.106667 0.114458
0 0.746667 0.121235 0.117333 0.152108
0 0.808667 0.283886 0.116000 0.140060
0 0.725333 0.388554 0.125333 0.150602
0 0.844000 0.495482 0.128000 0.147590
0 0.842667 0.692771 0.122667 0.138554
0 0.730000 0.605422 0.118667 0.141566
0 0.746667 0.794428 0.106667 0.137048
0 0.631333 0.487952 0.092000 0.126506
0 0.595333 0.618223 0.108000 0.118976
0 0.610000 0.765813 0.126667 0.128012
0 0.602667 0.910392 0.109333 0.128012
0 0.478000 0.655873 0.097333 0.115964
0 0.472667 0.804217 0.116000 0.126506
0 0.433333 0.935241 0.125333 0.129518
0 0.382000 0.400602 0.097333 0.141566
0 0.390667 0.555723 0.106667 0.126506
0 0.268667 0.360693 0.116000 0.146084
0 0.280000 0.524849 0.101333 0.143072
0 0.348667 0.697289 0.100000 0.114458
0 0.282000 0.825301 0.129333 0.138554
0 0.202667 0.655120 0.122667 0.132530
0 0.156667 0.463855 0.113333 0.156627
0 0.607333 0.063253 0.121333 0.126506
0 0.604000 0.350151 0.117333 0.137048
0 0.514000 0.161145 0.110667 0.141566
0 0.483333 0.302711 0.118667 0.129518
0 0.396000 0.076054 0.101333 0.109940
0 0.386667 0.219127 0.117333 0.134036
0 0.250667 0.186747 0.125333 0.135542
