0 0.652667 0.200667 0.316000 0.145333
0 0.475333 0.396667 0.281333 0.140000
0 0.816667 0.381333 0.273333 0.136000
0 0.176667 0.412000 0.257333 0.149333
0 0.488000 0.590667 0.264000 0.144000
0 0.193333 0.610000 0.250667 0.153333
0 0.785333 0.584000 0.280000 0.157333
0 0.678000 0.786667 0.262667 0.162667
0 0.368000 0.803333 0.298667 0.164000
0 0.652667 0.200667 0.316000 0.145333
0 0.475333 0.396667 0.281333 0.140000
0 0.816667 0.381333 0.273333 0.136000
0 0.176667 0.412000 0.257333 0.149333
0 0.488000 0.590667 0.264000 0.144000
0 0.193333 0.610000 0.250667 0.153333
0 0.785333 0.584000 0.280000 0.157333
0 0.678000 0.786667 0.262667 0.162667
0 0.368000 0.803333 0.298667 0.164000
