0 0.849333 0.455178 0.146667 0.146832
0 0.310000 0.430448 0.145333 0.128284
0 0.136667 0.587326 0.129333 0.160742
0 0.509333 0.642968 0.114667 0.160742
0 0.315333 0.806801 0.142667 0.154560
0 0.546667 0.278207 0.130667 0.142195
0 0.724000 0.803709 0.122667 0.157651
0 0.395333 0.292117 0.113333 0.145286
0 0.669333 0.578053 0.136000 0.151468
0 0.528000 0.829212 0.122667 0.140649
0 0.146667 0.416538 0.141333 0.137558
0 0.678000 0.156878 0.097333 0.119011
0 0.355333 0.602009 0.110667 0.168470
0 0.269333 0.190881 0.104000 0.122102
0 0.186667 0.291345 0.130667 0.119011
0 0.190667 0.721793 0.133333 0.129830
0 0.682667 0.388717 0.120000 0.122102
0 0.786667 0.253478 0.098667 0.142195
0 0.547333 0.122875 0.110667 0.122102
0 0.819333 0.632921 0.132000 0.134467
0 0.400000 0.118238 0.122667 0.125193
