0 0.145625 0.179475 0.098750 0.066542
0 0.046875 0.173383 0.091250 0.061856
0 0.220000 0.547798 0.097500 0.055295
0 0.519375 0.121837 0.096250 0.078725
0 0.258750 0.649953 0.072500 0.079663
0 0.261875 0.446111 0.051250 0.080600
0 0.175000 0.511715 0.077500 0.067479
0 0.085000 0.430178 0.070000 0.097470
0 0.388125 0.067010 0.051250 0.042174
1 0.538975 0.524367 0.415450 0.182755
0 0.257500 0.725867 0.037500 0.025305
0 0.059375 0.088097 0.058750 0.050609
1 0.083150 0.626776 0.166300 0.172015
0 0.491250 0.577788 0.070000 0.036551
0 0.685000 0.179944 0.050000 0.031865
0 0.471250 0.447516 0.065000 0.049672
0 0.723125 0.791940 0.058750 0.044986
0 0.543750 0.560450 0.060000 0.035614
0 0.602500 0.155108 0.092500 0.074039
0 0.645625 0.835989 0.066250 0.052484
0 0.282500 0.111528 0.032500 0.029991
1 0.606788 0.605464 0.286075 0.329953
1 0.059375 0.457826 0.118750 0.223993
0 0.015000 0.102685 0.030000 0.036673
0 0.638125 0.278351 0.041250 0.029991
1 0.518125 0.428126 0.466250 0.142099
1 0.023937 0.710665 0.047875 0.062381
0 0.590856 0.277127 0.034212 0.027545
0 0.681875 0.312559 0.053750 0.038425
1 0.657500 0.540572 0.160000 0.168304
0 0.320000 0.314902 0.030000 0.028116
0 0.362500 0.415651 0.017500 0.008435
0 0.003125 0.059747 0.006250 0.022024
0 0.635625 0.377694 0.033750 0.026242
0 0.212500 0.688379 0.032500 0.023430
0 0.306875 0.620431 0.033750 0.022493
0 0.155625 0.837863 0.031250 0.022493
0 0.653750 0.675258 0.017500 0.015933
0 0.584375 0.843955 0.016250 0.012184
0 0.490625 0.766635 0.016250 0.013121
0 0.763613 0.740544 0.022225 0.026542
0 0.638031 0.671162 0.013562 0.009616
0 0.146069 0.498561 0.034638 0.037423
0 0.274025 0.348974 0.030550 0.032530
0 0.230225 0.309180 0.035450 0.027919
0 0.758800 0.432376 0.015100 0.013768
