0 0.915000 0.223524 0.092500 0.075914
0 0.919375 0.149485 0.086250 0.070291
0 0.426250 0.292409 0.077500 0.074977
0 0.975000 0.501406 0.050000 0.073102
0 0.291875 0.324742 0.108750 0.057170
0 0.564375 0.319588 0.108750 0.041237
0 0.473750 0.256795 0.092500 0.059981
0 0.578750 0.186504 0.132500 0.056232
1 0.470000 0.530928 0.257500 0.317713
0 0.191250 0.326617 0.035000 0.029053
1 0.316875 0.192596 0.236250 0.130272
0 0.396875 0.496251 0.051250 0.053421
0 0.933125 0.627460 0.043750 0.038425
0 0.569375 0.477038 0.068750 0.050609
0 0.118750 0.678069 0.062500 0.045923
0 0.421250 0.534677 0.050000 0.045923
0 0.955625 0.564199 0.088750 0.071228
0 0.057500 0.620900 0.072500 0.051546
1 0.362500 0.584349 0.450000 0.225867
1 0.541250 0.168229 0.302500 0.096532
0 0.800625 0.596064 0.041250 0.031865
1 0.596875 0.510778 0.206250 0.354264
1 0.203750 0.150890 0.085000 0.037488
0 0.800000 0.560450 0.037500 0.026242
0 0.756250 0.629803 0.052500 0.041237
1 0.451250 0.619494 0.230000 0.125586
0 0.740625 0.358482 0.038750 0.023430
0 0.608125 0.394564 0.011250 0.013121
0 0.668125 0.597938 0.036250 0.026242
0 0.238750 0.291003 0.032500 0.025305
0 0.333125 0.359888 0.031250 0.026242
0 0.038125 0.253983 0.031250 0.024367
0 0.271875 0.621837 0.021250 0.014058
0 0.044375 0.575914 0.016250 0.012184
0 0.145000 0.502812 0.017500 0.012184
0 0.189375 0.706186 0.036250 0.017807
0 0.276250 0.609653 0.012500 0.010309
0 0.489375 0.234770 0.051250 0.027179
0 0.693750 0.325679 0.045000 0.023430
0 0.745625 0.291003 0.038750 0.027179
0 0.599375 0.691190 0.018750 0.012184
