0 0.137333 0.641873 0.157333 0.192837
0 0.098667 0.560606 0.133333 0.173554
0 0.144000 0.464187 0.144000 0.151515
0 0.207333 0.400826 0.118667 0.129477
0 0.290000 0.358127 0.092000 0.132231
0 0.310000 0.464187 0.145333 0.157025
0 0.343333 0.567493 0.124000 0.192837
0 0.272000 0.719008 0.178667 0.198347
0 0.541333 0.719008 0.157333 0.220386
0 0.513333 0.592287 0.133333 0.181818
0 0.402667 0.398072 0.109333 0.146006
0 0.412667 0.319559 0.110667 0.126722
0 0.544667 0.314050 0.100000 0.132231
0 0.547333 0.391185 0.126667 0.154270
0 0.668000 0.329201 0.090667 0.123967
0 0.688667 0.431129 0.124000 0.151515
0 0.694000 0.544077 0.153333 0.179063
0 0.796667 0.692837 0.166667 0.239669
0 0.880667 0.574380 0.156000 0.179063
0 0.872667 0.464187 0.156000 0.157025
0 0.772667 0.373278 0.102667 0.140496
