0 0.590667 0.097796 0.072000 0.173554
0 0.536000 0.133609 0.088000 0.267218
0 0.484667 0.170799 0.105333 0.275482
0 0.414667 0.100551 0.106667 0.201102
0 0.390667 0.561983 0.122667 0.347107
0 0.454667 0.517906 0.101333 0.292011
0 0.560667 0.309917 0.081333 0.239669
0 0.597333 0.340220 0.072000 0.239669
0 0.585333 0.611570 0.074667 0.220386
0 0.548000 0.608815 0.088000 0.275482
0 0.565333 0.862259 0.069333 0.198347
0 0.514667 0.878788 0.085333 0.242424
0 0.458667 0.862259 0.098667 0.275482
0 0.537333 0.979339 0.069333 0.041322
