0 0.139333 0.655647 0.158667 0.198347
0 0.099333 0.577135 0.134667 0.179063
0 0.144667 0.475207 0.145333 0.157025
0 0.206667 0.411846 0.120000 0.134986
0 0.288000 0.365014 0.093333 0.134986
0 0.309333 0.469697 0.146667 0.162534
0 0.344000 0.573003 0.125333 0.198347
0 0.274000 0.727273 0.180000 0.203857
0 0.543333 0.719008 0.158667 0.225895
0 0.514000 0.592287 0.134667 0.187328
0 0.402000 0.402204 0.110667 0.148760
0 0.412000 0.320937 0.112000 0.129477
0 0.542667 0.312672 0.101333 0.134986
0 0.546667 0.391185 0.128000 0.159780
0 0.666000 0.322314 0.092000 0.126722
0 0.688000 0.422865 0.125333 0.157025
0 0.694667 0.538567 0.154667 0.184573
0 0.797333 0.681818 0.168000 0.245179
0 0.881333 0.560606 0.157333 0.184573
0 0.872000 0.450413 0.157333 0.162534
0 0.770667 0.363636 0.104000 0.143251
