0 0.224000 0.627721 0.117333 0.120464
0 0.732667 0.402758 0.105333 0.123367
0 0.313333 0.796807 0.120000 0.127721
0 0.616000 0.736575 0.109333 0.105951
0 0.604000 0.597968 0.106667 0.127721
0 0.621333 0.353411 0.104000 0.117562
0 0.400000 0.229318 0.104000 0.116110
0 0.367333 0.675617 0.110667 0.111756
0 0.448000 0.880261 0.117333 0.120464
0 0.490667 0.764151 0.101333 0.126270
0 0.527333 0.175617 0.102667 0.124819
0 0.609333 0.089260 0.117333 0.134978
0 0.666667 0.217707 0.098667 0.113208
0 0.726000 0.579826 0.118667 0.129173
0 0.642000 0.474601 0.081333 0.113208
0 0.824667 0.654572 0.100000 0.119013
0 0.794667 0.285922 0.098667 0.124819
0 0.827333 0.490566 0.108000 0.121916
0 0.490000 0.634253 0.089333 0.098694
0 0.403333 0.394775 0.100000 0.139332
0 0.748000 0.144412 0.093333 0.105951
0 0.278000 0.194485 0.121333 0.121916
0 0.611333 0.862119 0.102667 0.119013
0 0.304667 0.514514 0.105333 0.126270
0 0.420000 0.103048 0.096000 0.098694
0 0.415333 0.548621 0.100000 0.113208
0 0.739333 0.759071 0.100000 0.107402
0 0.289333 0.357039 0.112000 0.139332
0 0.186667 0.441219 0.098667 0.110305
0 0.505333 0.308418 0.114667 0.100145
