0 0.592000 0.811321 0.101333 0.119013
0 0.431333 0.239478 0.105333 0.104499
0 0.755333 0.729318 0.108000 0.120464
0 0.727333 0.396226 0.089333 0.110305
0 0.598667 0.395501 0.109333 0.105951
0 0.376667 0.355588 0.100000 0.104499
0 0.242667 0.584906 0.098667 0.104499
0 0.648667 0.659652 0.094667 0.111756
0 0.844000 0.589260 0.101333 0.119013
0 0.740667 0.533382 0.108000 0.100145
0 0.205333 0.442671 0.106667 0.101597
0 0.133333 0.346154 0.114667 0.117562
0 0.256000 0.294630 0.096000 0.098694
0 0.592000 0.262700 0.109333 0.119013
0 0.490000 0.344702 0.097333 0.079826
0 0.670667 0.161829 0.101333 0.100145
0 0.329333 0.161829 0.106667 0.097242
0 0.520000 0.145138 0.104000 0.107402
0 0.622000 0.523948 0.084000 0.089985
0 0.395333 0.595791 0.121333 0.097242
0 0.196000 0.201742 0.090667 0.092888
0 0.202000 0.714804 0.102667 0.123367
0 0.841333 0.411466 0.101333 0.103048
0 0.495333 0.714078 0.108000 0.104499
0 0.130667 0.553701 0.082667 0.097242
0 0.537333 0.595791 0.096000 0.100145
0 0.757333 0.263425 0.090667 0.100145
0 0.350667 0.716981 0.120000 0.110305
0 0.418667 0.835994 0.093333 0.098694
0 0.325333 0.478229 0.082667 0.117562
0 0.592000 0.811321 0.101333 0.119013
0 0.431333 0.239478 0.105333 0.104499
0 0.755333 0.729318 0.108000 0.120464
0 0.727333 0.396226 0.089333 0.110305
0 0.598667 0.395501 0.109333 0.105951
0 0.376667 0.355588 0.100000 0.104499
0 0.242667 0.584906 0.098667 0.104499
0 0.648667 0.659652 0.094667 0.111756
0 0.844000 0.589260 0.101333 0.119013
0 0.740667 0.533382 0.108000 0.100145
0 0.205333 0.442671 0.106667 0.101597
0 0.133333 0.346154 0.114667 0.117562
0 0.256000 0.294630 0.096000 0.098694
0 0.592000 0.262700 0.109333 0.119013
0 0.490000 0.344702 0.097333 0.079826
0 0.670667 0.161829 0.101333 0.100145
0 0.329333 0.161829 0.106667 0.097242
0 0.520000 0.145138 0.104000 0.107402
0 0.622000 0.523948 0.084000 0.089985
0 0.395333 0.595791 0.121333 0.097242
0 0.196000 0.201742 0.090667 0.092888
0 0.202000 0.714804 0.102667 0.123367
0 0.841333 0.411466 0.101333 0.103048
0 0.495333 0.714078 0.108000 0.104499
0 0.130667 0.553701 0.082667 0.097242
0 0.537333 0.595791 0.096000 0.100145
0 0.757333 0.263425 0.090667 0.100145
0 0.350667 0.716981 0.120000 0.110305
0 0.418667 0.835994 0.093333 0.098694
0 0.325333 0.478229 0.082667 0.117562
