0 0.802500 0.292564 0.151667 0.146771
0 0.723333 0.420744 0.153333 0.156556
0 0.222500 0.416830 0.128333 0.156556
0 0.618333 0.344423 0.120000 0.148728
0 0.328333 0.703523 0.153333 0.150685
0 0.585833 0.582192 0.101667 0.123288
0 0.367500 0.336595 0.118333 0.136986
0 0.341667 0.168297 0.183333 0.164384
0 0.442500 0.605675 0.178333 0.154599
0 0.310833 0.494129 0.118333 0.131115
0 0.692500 0.215264 0.115000 0.121331
0 0.492500 0.321918 0.118333 0.107632
0 0.859167 0.447162 0.115000 0.154599
0 0.580000 0.190802 0.113333 0.150685
0 0.459167 0.775930 0.145000 0.201566
0 0.810000 0.598826 0.123333 0.148728
0 0.250833 0.585127 0.101667 0.136986
0 0.715833 0.734834 0.135000 0.146771
0 0.685000 0.548924 0.100000 0.123288
0 0.150000 0.338552 0.100000 0.129159
0 0.470833 0.169276 0.108333 0.123288
0 0.267500 0.273973 0.131667 0.129159
0 0.142500 0.532290 0.098333 0.156556
0 0.573333 0.751468 0.096667 0.152642
0 0.240000 0.771037 0.163333 0.183953
