0 0.778333 0.251468 0.140000 0.127202
0 0.713333 0.389432 0.140000 0.136986
0 0.215833 0.455969 0.115000 0.140900
0 0.601667 0.329746 0.106667 0.135029
0 0.350000 0.727006 0.140000 0.131115
0 0.593333 0.568493 0.090000 0.111546
0 0.351667 0.357143 0.106667 0.123288
0 0.308333 0.193738 0.170000 0.140900
0 0.453333 0.613503 0.166667 0.131115
0 0.311667 0.520548 0.106667 0.117417
0 0.660833 0.188845 0.105000 0.107632
0 0.475000 0.323875 0.110000 0.091977
0 0.850833 0.397260 0.101667 0.140900
0 0.548333 0.181996 0.100000 0.136986
0 0.488333 0.778865 0.126667 0.183953
0 0.818333 0.553816 0.110000 0.133072
0 0.261667 0.620352 0.090000 0.125245
0 0.739167 0.703523 0.121667 0.131115
0 0.689167 0.523483 0.088333 0.111546
0 0.135833 0.391389 0.088333 0.117417
0 0.435833 0.176125 0.098333 0.109589
0 0.246667 0.309198 0.120000 0.113503
0 0.148333 0.583170 0.083333 0.144814
0 0.599167 0.738748 0.081667 0.142857
0 0.270000 0.806262 0.146667 0.164384
