0 0.530833 0.630631 0.168333 0.151351
0 0.236667 0.709009 0.156667 0.167568
0 0.313333 0.385586 0.183333 0.158559
0 0.217500 0.270270 0.141667 0.165766
0 0.695833 0.554054 0.131667 0.167568
0 0.785000 0.384685 0.153333 0.163964
0 0.370833 0.202703 0.188333 0.178378
0 0.840000 0.552252 0.153333 0.178378
0 0.414167 0.835135 0.158333 0.138739
0 0.485000 0.338739 0.176667 0.172973
0 0.603333 0.219820 0.173333 0.140541
0 0.367500 0.527928 0.125000 0.151351
0 0.760000 0.219820 0.150000 0.154955
0 0.260833 0.549550 0.121667 0.151351
0 0.726667 0.725225 0.160000 0.185586
0 0.645000 0.390991 0.136667 0.133333
0 0.568333 0.765766 0.170000 0.147748
0 0.380000 0.689189 0.150000 0.156757
0 0.486667 0.126126 0.110000 0.151351
0 0.153333 0.442342 0.130000 0.181982
0 0.630833 0.863964 0.148333 0.127928
