0 0.751333 0.640216 0.180000 0.217257
0 0.257333 0.288136 0.165333 0.181818
0 0.710000 0.235747 0.166667 0.175655
0 0.364000 0.212635 0.138667 0.172573
0 0.604667 0.167180 0.153333 0.174114
0 0.689333 0.762712 0.160000 0.200308
0 0.778000 0.335131 0.164000 0.140216
0 0.320667 0.762712 0.121333 0.181818
0 0.204000 0.687211 0.160000 0.147920
0 0.572667 0.805855 0.124000 0.191063
0 0.195333 0.541602 0.174667 0.112481
0 0.452000 0.802773 0.090667 0.228043
0 0.808000 0.473806 0.165333 0.152542
0 0.204667 0.403698 0.169333 0.132512
0 0.476000 0.151772 0.090667 0.183359
