1 0.140625 0.873946 0.173750 0.096532
0 0.253125 0.466261 0.096250 0.051546
0 0.067500 0.613871 0.095000 0.082474
0 0.428125 0.654171 0.068750 0.044986
0 0.916250 0.692596 0.097500 0.065604
0 0.425000 0.310216 0.095000 0.039363
0 0.296875 0.547329 0.088750 0.041237
0 0.960625 0.629803 0.078750 0.071228
0 0.960625 0.716963 0.076250 0.065604
0 0.545000 0.414246 0.040000 0.046860
0 0.350000 0.402999 0.042500 0.050609
0 0.414375 0.851921 0.058750 0.026242
0 0.338750 0.766635 0.072500 0.022493
1 0.050000 0.842081 0.100000 0.075914
0 0.516250 0.208060 0.035000 0.028116
0 0.352500 0.200094 0.035000 0.019681
0 0.728125 0.298500 0.036250 0.025305
0 0.723125 0.276945 0.036250 0.027179
0 0.725625 0.321462 0.036250 0.022493
0 0.981875 0.282568 0.033750 0.019681
0 0.716875 0.259606 0.013750 0.011246
0 0.310625 0.352858 0.036250 0.025305
0 0.010000 0.643861 0.020000 0.013121
0 0.505000 0.579663 0.037500 0.027179
0 0.476250 0.623243 0.037500 0.028116
0 0.508750 0.510309 0.025000 0.019681
0 0.507500 0.554358 0.025000 0.019681
0 0.498750 0.493440 0.025000 0.019681
0 0.502500 0.606373 0.037500 0.026242
0 0.551250 0.527648 0.025000 0.018744
0 0.486250 0.477976 0.025000 0.018744
0 0.628750 0.636364 0.027500 0.020619
0 0.491875 0.447048 0.023750 0.018744
0 0.503125 0.462512 0.026250 0.019681
0 0.509375 0.440019 0.013750 0.010309
0 0.484375 0.463449 0.013750 0.010309
0 0.608125 0.634958 0.013750 0.014058
0 0.513750 0.430178 0.015000 0.011246
0 0.511875 0.450328 0.016250 0.012184
0 0.336875 0.550609 0.008750 0.030928
0 0.718125 0.346298 0.036250 0.027179
0 0.704375 0.369260 0.036250 0.026242
0 0.693750 0.387067 0.025000 0.020619
0 0.801875 0.492502 0.011250 0.014058
0 0.920000 0.330792 0.035000 0.020534
0 0.820625 0.517338 0.016250 0.013121
0 0.808750 0.505155 0.015000 0.011246
0 0.800000 0.477976 0.012500 0.014995
0 0.565625 0.850984 0.041250 0.018744
0 0.945000 0.852390 0.020000 0.014058
0 0.733125 0.816307 0.018750 0.011246
0 0.691250 0.760075 0.020000 0.011246
0 0.939375 0.763355 0.016250 0.012184
0 0.799412 0.464948 0.011325 0.013308
0 0.731456 0.263097 0.012913 0.008857
0 0.405213 0.143149 0.017925 0.008885
0 0.399975 0.137690 0.017450 0.007338
0 0.006869 0.630567 0.013737 0.014649
0 0.993369 0.667146 0.014238 0.037198
0 0.994550 0.641439 0.011600 0.010150
