1 0.920000 0.809747 0.087500 0.134958
0 0.425000 0.679944 0.080000 0.077788
0 0.598125 0.835989 0.121250 0.080600
0 0.696250 0.572634 0.067500 0.056232
0 0.805625 0.213683 0.098750 0.080600
0 0.239375 0.532802 0.063750 0.075914
0 0.538750 0.656982 0.065000 0.071228
0 0.728125 0.173383 0.103750 0.067479
0 0.843125 0.184161 0.096250 0.064667
0 0.392500 0.456420 0.067500 0.035614
0 0.353750 0.599813 0.072500 0.037488
0 0.956250 0.607310 0.042500 0.046860
0 0.833125 0.652296 0.038750 0.056232
1 0.894375 0.875820 0.106250 0.083411
0 0.115625 0.452202 0.041250 0.029053
0 0.085000 0.573571 0.030000 0.028116
0 0.261250 0.305530 0.037500 0.029991
0 0.232500 0.307404 0.040000 0.029991
0 0.291875 0.310216 0.033750 0.029991
0 0.271250 0.114808 0.030000 0.027179
0 0.208125 0.309278 0.016250 0.011246
0 0.282500 0.623243 0.037500 0.029991
0 0.631250 0.882849 0.020000 0.016870
0 0.606250 0.506560 0.040000 0.030928
0 0.660625 0.532802 0.041250 0.030928
0 0.515625 0.494845 0.028750 0.020619
0 0.573125 0.501406 0.028750 0.020619
0 0.491875 0.500469 0.028750 0.020619
0 0.641875 0.511246 0.038750 0.030928
0 0.543750 0.465792 0.027500 0.020619
0 0.470000 0.507966 0.027500 0.020619
0 0.696875 0.421275 0.031250 0.023430
0 0.428750 0.500000 0.027500 0.019681
0 0.450625 0.493440 0.028750 0.021556
0 0.422500 0.486410 0.015000 0.011246
0 0.450000 0.507029 0.015000 0.011246
0 0.692500 0.436270 0.020000 0.012184
0 0.409375 0.481256 0.016250 0.012184
0 0.436250 0.485473 0.017500 0.013121
0 0.547500 0.627460 0.042500 0.010309
0 0.323750 0.319588 0.040000 0.029991
0 0.351875 0.331771 0.038750 0.029991
0 0.375000 0.342549 0.030000 0.021556
0 0.527500 0.275070 0.020000 0.010309
0 0.328125 0.166823 0.031250 0.028116
0 0.561875 0.263824 0.018750 0.014058
0 0.544375 0.271321 0.016250 0.012184
0 0.508125 0.274602 0.021250 0.011246
0 0.972500 0.494377 0.030000 0.032802
0 0.947500 0.365511 0.017500 0.014995
0 0.867500 0.389410 0.017500 0.015933
0 0.902500 0.205248 0.017500 0.013121
0 0.490625 0.272259 0.018750 0.010309
0 0.215000 0.298500 0.012500 0.010309
0 0.015625 0.527179 0.013750 0.014058
0 0.007500 0.529991 0.012500 0.014058
0 0.613125 0.883318 0.021250 0.012184
0 0.781875 0.153702 0.051250 0.014995
0 0.747500 0.149953 0.015000 0.009372
1 0.920000 0.809747 0.087500 0.134958
0 0.425000 0.679944 0.080000 0.077788
0 0.598125 0.835989 0.121250 0.080600
0 0.696250 0.572634 0.067500 0.056232
0 0.805625 0.213683 0.098750 0.080600
0 0.239375 0.532802 0.063750 0.075914
0 0.538750 0.656982 0.065000 0.071228
0 0.728125 0.173383 0.103750 0.067479
0 0.843125 0.184161 0.096250 0.064667
0 0.392500 0.456420 0.067500 0.035614
0 0.353750 0.599813 0.072500 0.037488
0 0.956250 0.607310 0.042500 0.046860
0 0.833125 0.652296 0.038750 0.056232
1 0.894375 0.875820 0.106250 0.083411
0 0.115625 0.452202 0.041250 0.029053
0 0.085000 0.573571 0.030000 0.028116
0 0.261250 0.305530 0.037500 0.029991
0 0.232500 0.307404 0.040000 0.029991
0 0.291875 0.310216 0.033750 0.029991
0 0.271250 0.114808 0.030000 0.027179
0 0.208125 0.309278 0.016250 0.011246
0 0.282500 0.623243 0.037500 0.029991
0 0.631250 0.882849 0.020000 0.016870
0 0.606250 0.506560 0.040000 0.030928
0 0.660625 0.532802 0.041250 0.030928
0 0.515625 0.494845 0.028750 0.020619
0 0.573125 0.501406 0.028750 0.020619
0 0.491875 0.500469 0.028750 0.020619
0 0.641875 0.511246 0.038750 0.030928
0 0.543750 0.465792 0.027500 0.020619
0 0.470000 0.507966 0.027500 0.020619
0 0.696875 0.421275 0.031250 0.023430
0 0.428750 0.500000 0.027500 0.019681
0 0.450625 0.493440 0.028750 0.021556
0 0.422500 0.486410 0.015000 0.011246
0 0.450000 0.507029 0.015000 0.011246
0 0.692500 0.436270 0.020000 0.012184
0 0.409375 0.481256 0.016250 0.012184
0 0.436250 0.485473 0.017500 0.013121
0 0.547500 0.627460 0.042500 0.010309
0 0.323750 0.319588 0.040000 0.029991
0 0.351875 0.331771 0.038750 0.029991
0 0.375000 0.342549 0.030000 0.021556
0 0.527500 0.275070 0.020000 0.010309
0 0.328125 0.166823 0.031250 0.028116
0 0.561875 0.263824 0.018750 0.014058
0 0.544375 0.271321 0.016250 0.012184
0 0.508125 0.274602 0.021250 0.011246
0 0.972500 0.494377 0.030000 0.032802
0 0.947500 0.365511 0.017500 0.014995
0 0.867500 0.389410 0.017500 0.015933
0 0.902500 0.205248 0.017500 0.013121
0 0.490625 0.272259 0.018750 0.010309
0 0.215000 0.298500 0.012500 0.010309
0 0.015625 0.527179 0.013750 0.014058
0 0.007500 0.529991 0.012500 0.014058
0 0.613125 0.883318 0.021250 0.012184
0 0.781875 0.153702 0.051250 0.014995
0 0.747500 0.149953 0.015000 0.009372
