0 0.592014 0.557024 0.071528 0.057024
0 0.762153 0.547983 0.068750 0.054242
0 0.938194 0.450974 0.079167 0.071627
0 0.589583 0.495480 0.040278 0.020167
0 0.041667 0.587274 0.066667 0.045202
1 0.017361 0.458275 0.034722 0.038943
1 0.237847 0.847705 0.190972 0.187761
1 0.300000 0.714882 0.095833 0.063978
1 0.533681 0.747566 0.179861 0.182197
1 0.586111 0.798331 0.508333 0.403338
1 0.594444 0.429764 0.212500 0.152990
1 0.561111 0.076147 0.262500 0.152295
1 0.303125 0.313630 0.606250 0.482615
0 0.249653 0.563282 0.031250 0.036161
1 0.895139 0.446453 0.209722 0.239221
