0 0.434028 0.585535 0.050000 0.066759
0 0.425347 0.755911 0.047917 0.063978
0 0.503125 0.941238 0.064583 0.073018
0 0.495486 0.589708 0.015972 0.038943
0 0.461111 0.034423 0.038889 0.063282
1 0.592361 0.019819 0.034722 0.039638
1 0.182292 0.202712 0.170139 0.174548
1 0.307986 0.278860 0.054861 0.090403
1 0.251042 0.507997 0.165972 0.163421
1 0.186111 0.554242 0.372222 0.472879
1 0.560069 0.601530 0.132639 0.200278
1 0.925347 0.606398 0.149306 0.248957
1 0.707639 0.303199 0.420833 0.606398
0 0.463889 0.244089 0.033333 0.027816
1 0.511111 0.902643 0.219444 0.194715
