0 0.791055 0.238794 0.188251 0.211747
0 0.633511 0.140649 0.153538 0.157651
0 0.310414 0.376352 0.190921 0.208655
0 0.486649 0.153014 0.148198 0.139104
0 0.402537 0.698609 0.166889 0.219474
0 0.644860 0.669243 0.138852 0.173107
0 0.847797 0.493818 0.138852 0.168470
0 0.722964 0.400309 0.198932 0.188563
0 0.461282 0.879444 0.142857 0.148377
0 0.795060 0.687017 0.140187 0.180835
0 0.540721 0.722566 0.141522 0.180835
0 0.622830 0.309119 0.137517 0.179289
0 0.168892 0.612056 0.126836 0.200927
0 0.294393 0.515456 0.158879 0.153014
0 0.459947 0.320711 0.201602 0.146832
0 0.320427 0.186244 0.170895 0.180835
0 0.151535 0.400309 0.140187 0.216383
0 0.302403 0.794436 0.182911 0.166924
0 0.648198 0.829985 0.150868 0.173107
0 0.315087 0.643740 0.170895 0.193199
0 0.678905 0.541731 0.116155 0.165379
