0 0.673565 0.877125 0.182911 0.217929
0 0.782377 0.714838 0.136182 0.177743
0 0.638852 0.305255 0.180240 0.221020
0 0.798398 0.544822 0.120160 0.171561
0 0.349800 0.354714 0.189586 0.193199
0 0.331108 0.635240 0.149533 0.160742
0 0.446595 0.897991 0.145527 0.160742
0 0.546061 0.770479 0.162884 0.230294
0 0.184246 0.390263 0.128171 0.165379
0 0.291722 0.802937 0.156208 0.162287
0 0.303738 0.508501 0.156208 0.163833
0 0.640854 0.673107 0.154873 0.159196
0 0.463284 0.102782 0.173565 0.146832
0 0.524032 0.263524 0.132176 0.183926
0 0.660214 0.486090 0.126836 0.233385
0 0.799065 0.349304 0.156208 0.197836
0 0.646195 0.119784 0.186916 0.162287
0 0.284379 0.223338 0.144192 0.211747
0 0.194927 0.612828 0.149533 0.174652
0 0.410547 0.264297 0.166889 0.197836
0 0.433244 0.696291 0.142857 0.134467
