0 0.268667 0.596893 0.156000 0.146450
0 0.392667 0.804734 0.169333 0.159763
0 0.528000 0.309911 0.154667 0.140533
0 0.881333 0.431953 0.144000 0.147929
0 0.388000 0.262574 0.168000 0.161243
0 0.681333 0.274408 0.122667 0.146450
0 0.216000 0.757396 0.149333 0.130178
0 0.600667 0.146450 0.137333 0.127219
0 0.388667 0.457840 0.124000 0.137574
0 0.730000 0.438609 0.137333 0.155325
0 0.260000 0.411243 0.133333 0.165680
0 0.230000 0.252219 0.094667 0.149408
0 0.126000 0.501479 0.124000 0.174556
0 0.766667 0.591716 0.109333 0.130178
0 0.424000 0.633136 0.149333 0.168639
0 0.728000 0.764793 0.144000 0.195266
0 0.439333 0.122781 0.116000 0.121302
0 0.567333 0.809911 0.134667 0.131657
0 0.615333 0.632396 0.166667 0.161243
0 0.882000 0.627219 0.124000 0.168639
0 0.803333 0.238905 0.140000 0.170118
