0 0.579333 0.760355 0.137333 0.177515
0 0.770667 0.629438 0.149333 0.193787
0 0.330000 0.463757 0.132000 0.176036
0 0.450667 0.078402 0.138667 0.156805
0 0.282000 0.616864 0.150667 0.192308
0 0.302667 0.292160 0.136000 0.140533
0 0.722667 0.824704 0.122667 0.170118
0 0.185333 0.375740 0.120000 0.156805
0 0.458667 0.622781 0.128000 0.142012
0 0.452667 0.243343 0.145333 0.158284
0 0.411333 0.764793 0.153333 0.153846
0 0.267333 0.791420 0.137333 0.109467
0 0.488667 0.914941 0.161333 0.143491
0 0.591333 0.207840 0.121333 0.125740
0 0.617333 0.590237 0.157333 0.171598
0 0.746667 0.256657 0.181333 0.167160
0 0.158000 0.554734 0.113333 0.133136
0 0.781333 0.436391 0.122667 0.153846
0 0.623333 0.376479 0.150667 0.190828
0 0.628667 0.080621 0.156000 0.143491
0 0.275333 0.156065 0.158667 0.161243
