0 0.587333 0.758136 0.132000 0.173077
0 0.774667 0.619083 0.144000 0.187870
0 0.328667 0.470414 0.126667 0.171598
0 0.437333 0.078402 0.133333 0.156805
0 0.286000 0.625740 0.145333 0.186391
0 0.296667 0.300296 0.132000 0.136095
0 0.732000 0.816568 0.117333 0.165680
0 0.181333 0.388314 0.114667 0.152367
0 0.462000 0.625000 0.124000 0.137574
0 0.444667 0.244822 0.140000 0.152367
0 0.420000 0.767751 0.149333 0.147929
0 0.276667 0.799556 0.134667 0.105030
0 0.501333 0.914941 0.157333 0.137574
0 0.582667 0.204142 0.117333 0.121302
0 0.620000 0.585799 0.152000 0.165680
0 0.738667 0.247041 0.176000 0.159763
0 0.160000 0.567308 0.109333 0.128698
0 0.779333 0.425296 0.118667 0.149408
0 0.619333 0.372041 0.145333 0.184911
0 0.614667 0.076183 0.152000 0.137574
0 0.264667 0.164941 0.153333 0.155325
