0 0.690000 0.776639 0.148000 0.159836
0 0.752000 0.311475 0.117333 0.122951
0 0.344000 0.372951 0.157333 0.125683
0 0.569333 0.679645 0.128000 0.132514
0 0.398667 0.174180 0.146667 0.135246
0 0.281333 0.493169 0.144000 0.142077
0 0.326667 0.643443 0.162667 0.158470
0 0.322667 0.816257 0.149333 0.151639
0 0.645333 0.562158 0.165333 0.170765
0 0.456000 0.709699 0.114667 0.137978
0 0.816667 0.616803 0.161333 0.157104
0 0.260000 0.251366 0.128000 0.128415
0 0.518667 0.848361 0.141333 0.131148
0 0.148667 0.408470 0.126667 0.150273
0 0.448000 0.294399 0.125333 0.127049
0 0.163333 0.635929 0.142667 0.159836
0 0.640000 0.427596 0.160000 0.125683
0 0.660667 0.176913 0.134667 0.110656
0 0.590667 0.297814 0.146667 0.163934
0 0.804000 0.459016 0.117333 0.092896
0 0.526000 0.178279 0.078667 0.094262
