0 0.314000 0.812308 0.161333 0.163077
0 0.824667 0.676154 0.137333 0.164615
0 0.858667 0.473077 0.106667 0.192308
0 0.507333 0.879231 0.150667 0.155385
0 0.458667 0.721538 0.104000 0.132308
0 0.336667 0.392308 0.148000 0.132308
0 0.643333 0.183077 0.140000 0.150769
0 0.576000 0.336154 0.125333 0.155385
0 0.580000 0.735385 0.114667 0.147692
0 0.707333 0.529231 0.150667 0.129231
0 0.209333 0.629231 0.120000 0.147692
0 0.712000 0.825385 0.128000 0.146154
0 0.179333 0.454615 0.100000 0.140000
0 0.447333 0.322308 0.118667 0.140000
0 0.320000 0.523077 0.125333 0.110769
0 0.374000 0.647692 0.137333 0.138462
0 0.456000 0.171538 0.144000 0.121538
0 0.801333 0.289231 0.109333 0.126154
0 0.290000 0.242308 0.121333 0.136923
0 0.685333 0.398462 0.125333 0.141538
0 0.682000 0.658462 0.118667 0.110769
