0 0.598000 0.147059 0.161333 0.159664
0 0.666667 0.350840 0.144000 0.155462
0 0.214000 0.259804 0.140000 0.149860
0 0.750667 0.775210 0.149333 0.158263
0 0.706000 0.488095 0.174667 0.138655
0 0.398000 0.315826 0.134667 0.158263
0 0.534000 0.864846 0.177333 0.166667
0 0.534667 0.315826 0.141333 0.169468
0 0.304667 0.820028 0.188000 0.177871
0 0.390667 0.161064 0.165333 0.131653
0 0.851333 0.616246 0.158667 0.176471
0 0.778000 0.241597 0.129333 0.135854
0 0.592667 0.707983 0.134667 0.158263
0 0.687333 0.617647 0.140000 0.120448
0 0.171333 0.658964 0.140000 0.152661
0 0.291333 0.529412 0.148000 0.117647
0 0.357333 0.637955 0.152000 0.161064
0 0.868000 0.408263 0.128000 0.197479
0 0.457333 0.702381 0.122667 0.141457
0 0.298000 0.403361 0.172000 0.145658
0 0.127333 0.467787 0.118667 0.145658
