0 0.119531 0.386288 0.125000 0.158863
0 0.387109 0.225334 0.147656 0.136288
0 0.248047 0.568980 0.121094 0.131271
0 0.403125 0.583612 0.114062 0.133779
0 0.688281 0.594900 0.132812 0.142977
0 0.374219 0.719900 0.135937 0.150502
0 0.803125 0.689381 0.125000 0.137960
0 0.429688 0.350753 0.120313 0.134615
0 0.506250 0.109532 0.150000 0.133779
0 0.555469 0.549331 0.120313 0.128763
0 0.137891 0.654264 0.127344 0.149666
0 0.249609 0.370401 0.127344 0.135452
0 0.841406 0.462793 0.121875 0.141304
0 0.705078 0.390468 0.116406 0.122074
0 0.581641 0.263796 0.114844 0.117893
0 0.332813 0.458612 0.103125 0.106187
0 0.569922 0.399666 0.108594 0.115385
0 0.730469 0.209030 0.123438 0.138796
0 0.560156 0.848662 0.143750 0.145485
0 0.248047 0.183110 0.132031 0.118729
0 0.287109 0.856187 0.138281 0.143813
0 0.546484 0.695652 0.094531 0.102007
