0 0.421094 0.188312 0.148438 0.142857
0 0.130859 0.664069 0.127344 0.161039
0 0.394141 0.783983 0.142969 0.158442
0 0.556250 0.098268 0.153125 0.141126
0 0.264453 0.355844 0.127344 0.136797
0 0.123828 0.389610 0.122656 0.164502
0 0.579297 0.874459 0.147656 0.152381
0 0.730859 0.628571 0.135156 0.148918
0 0.764844 0.203463 0.129688 0.143723
0 0.450781 0.342857 0.121875 0.141991
0 0.432812 0.599134 0.117188 0.141991
0 0.589844 0.568831 0.123438 0.136797
0 0.261328 0.170130 0.138281 0.120346
0 0.880469 0.479221 0.126562 0.149784
0 0.825781 0.750216 0.132812 0.144589
0 0.751563 0.412121 0.120313 0.131602
0 0.353906 0.458442 0.106250 0.113420
0 0.558594 0.718615 0.095312 0.107359
0 0.596484 0.248052 0.121094 0.127273
0 0.263672 0.875325 0.139844 0.162771
0 0.610547 0.395671 0.111719 0.121212
0 0.266016 0.583117 0.121094 0.141126
