0 0.460938 0.179221 0.134375 0.122944
0 0.113672 0.606061 0.110156 0.145455
0 0.359375 0.764502 0.126562 0.140260
0 0.606250 0.110823 0.139063 0.121212
0 0.284766 0.320779 0.113281 0.120346
0 0.141406 0.332900 0.104688 0.149784
0 0.531641 0.883117 0.132031 0.133333
0 0.712891 0.662338 0.119531 0.131602
0 0.799609 0.247186 0.114844 0.127273
0 0.470703 0.336797 0.107031 0.126407
0 0.420703 0.588312 0.102344 0.127273
0 0.580469 0.581818 0.109375 0.121212
0 0.305469 0.136797 0.126562 0.102165
0 0.879687 0.538095 0.110937 0.134199
0 0.791016 0.797835 0.117969 0.127273
0 0.759766 0.451082 0.107031 0.116017
0 0.360547 0.436797 0.094531 0.099567
0 0.530469 0.725541 0.084375 0.095238
0 0.627344 0.265368 0.107813 0.111688
0 0.218359 0.834632 0.122656 0.145455
0 0.622266 0.413853 0.099219 0.107359
0 0.257812 0.545887 0.106250 0.125541
