0 0.205833 0.638640 0.095000 0.103757
0 0.209167 0.222719 0.071667 0.101968
0 0.249167 0.293381 0.071667 0.093023
0 0.776667 0.681574 0.073333 0.093023
0 0.527500 0.761181 0.091667 0.084079
0 0.329167 0.299642 0.085000 0.101968
0 0.742500 0.617174 0.081667 0.107335
0 0.611667 0.739714 0.086667 0.084079
0 0.325000 0.774597 0.093333 0.082290
0 0.457500 0.204830 0.078333 0.094812
0 0.205833 0.541145 0.088333 0.094812
0 0.514167 0.848837 0.081667 0.101968
0 0.230000 0.365832 0.073333 0.084079
0 0.134167 0.420394 0.081667 0.114490
0 0.660833 0.472272 0.081667 0.085868
0 0.683333 0.689624 0.073333 0.080501
0 0.219167 0.771914 0.068333 0.073345
0 0.511667 0.106440 0.106667 0.109123
0 0.745000 0.344365 0.076667 0.080501
0 0.590000 0.829159 0.076667 0.105546
0 0.293333 0.611807 0.096667 0.082290
0 0.730000 0.754025 0.070000 0.087657
0 0.344167 0.500894 0.078333 0.085868
0 0.206667 0.451699 0.070000 0.091234
0 0.268333 0.701252 0.073333 0.082290
0 0.404167 0.127907 0.098333 0.130590
0 0.774167 0.423971 0.085000 0.096601
0 0.699167 0.274597 0.088333 0.094812
0 0.774167 0.521467 0.081667 0.101968
0 0.150000 0.686047 0.086667 0.087657
0 0.819167 0.600179 0.065000 0.084079
0 0.605833 0.608229 0.065000 0.075134
0 0.708333 0.540250 0.063333 0.078712
0 0.313333 0.880143 0.106667 0.078712
0 0.648333 0.550984 0.073333 0.078712
0 0.445833 0.930233 0.075000 0.075134
0 0.273333 0.527728 0.080000 0.093023
0 0.306667 0.100179 0.076667 0.078712
0 0.859167 0.661002 0.075000 0.123435
0 0.835833 0.496422 0.068333 0.076923
0 0.740833 0.210197 0.088333 0.076923
0 0.593333 0.125224 0.090000 0.075134
0 0.805000 0.174419 0.090000 0.087657
0 0.290833 0.374776 0.061667 0.073345
0 0.325833 0.676208 0.075000 0.093023
0 0.755000 0.829159 0.073333 0.076923
0 0.280000 0.445438 0.080000 0.082290
0 0.422500 0.823792 0.121667 0.091234
0 0.664167 0.800537 0.085000 0.144902
0 0.347500 0.426655 0.078333 0.073345
0 0.275833 0.225403 0.071667 0.093023
0 0.789167 0.303220 0.075000 0.084079
0 0.384167 0.620751 0.068333 0.085868
0 0.827500 0.396243 0.065000 0.084079
0 0.597500 0.677102 0.075000 0.066190
0 0.330833 0.168157 0.075000 0.093023
0 0.665000 0.334526 0.070000 0.075134
0 0.605833 0.932021 0.088333 0.100179
0 0.640833 0.069767 0.118333 0.096601
0 0.390833 0.235242 0.075000 0.073345
0 0.394167 0.720036 0.095000 0.084079
0 0.460833 0.750447 0.075000 0.076923
0 0.670833 0.163685 0.061667 0.069767
0 0.618333 0.220036 0.100000 0.082290
0 0.406667 0.296064 0.070000 0.080501
0 0.374167 0.365832 0.065000 0.073345
0 0.510833 0.274597 0.081667 0.084079
0 0.534167 0.196780 0.081667 0.078712
0 0.435000 0.387299 0.066667 0.084079
0 0.420000 0.651163 0.060000 0.067979
0 0.497500 0.624329 0.085000 0.085868
0 0.575000 0.270125 0.063333 0.067979
0 0.523333 0.559928 0.060000 0.071556
0 0.643333 0.399821 0.076667 0.076923
0 0.523333 0.688730 0.073333 0.067979
0 0.886667 0.416816 0.060000 0.107335
0 0.362500 0.559928 0.058333 0.067979
0 0.460833 0.685152 0.058333 0.057245
0 0.700833 0.399821 0.058333 0.073345
0 0.690000 0.608229 0.053333 0.067979
0 0.653333 0.633274 0.053333 0.060823
0 0.415000 0.500894 0.070000 0.064401
0 0.722500 0.462433 0.051667 0.069767
0 0.596667 0.472272 0.060000 0.057245
0 0.447500 0.278175 0.055000 0.066190
0 0.420000 0.448122 0.070000 0.059034
0 0.472500 0.347943 0.075000 0.066190
0 0.450000 0.583184 0.073333 0.078712
0 0.605833 0.358676 0.061667 0.066190
0 0.473333 0.479428 0.070000 0.060823
0 0.555833 0.620751 0.055000 0.075134
0 0.520000 0.333631 0.063333 0.080501
0 0.620000 0.292487 0.043333 0.048301
0 0.476667 0.526834 0.070000 0.069767
0 0.569167 0.555456 0.055000 0.073345
0 0.515833 0.404293 0.058333 0.085868
0 0.594167 0.520572 0.065000 0.053667
0 0.422500 0.551878 0.058333 0.048301
0 0.570000 0.335420 0.056667 0.076923
0 0.481667 0.429338 0.073333 0.067979
0 0.585000 0.419499 0.046667 0.066190
0 0.560000 0.398927 0.053333 0.078712
