0 0.665000 0.796959 0.086667 0.091234
0 0.279167 0.845259 0.088333 0.066190
0 0.340000 0.793381 0.080000 0.066190
0 0.633333 0.184258 0.080000 0.067979
0 0.737500 0.440072 0.068333 0.089445
0 0.335000 0.707513 0.086667 0.080501
0 0.579167 0.228086 0.091667 0.076923
0 0.708333 0.351521 0.070000 0.084079
0 0.775000 0.654741 0.066667 0.093023
0 0.231667 0.582290 0.080000 0.073345
0 0.575000 0.808587 0.080000 0.085868
0 0.821667 0.442755 0.086667 0.076923
0 0.409167 0.805903 0.071667 0.069767
0 0.470833 0.899821 0.098333 0.075134
0 0.454167 0.332737 0.071667 0.078712
0 0.652500 0.281753 0.068333 0.069767
0 0.785833 0.766547 0.061667 0.066190
0 0.135000 0.536673 0.090000 0.103757
0 0.326667 0.258497 0.066667 0.073345
0 0.794167 0.364937 0.091667 0.071556
0 0.628333 0.708408 0.066667 0.096601
0 0.705833 0.226297 0.075000 0.066190
0 0.519167 0.667263 0.071667 0.075134
0 0.490833 0.818426 0.078333 0.066190
0 0.713333 0.723614 0.070000 0.069767
0 0.167500 0.648479 0.111667 0.091234
0 0.397500 0.219141 0.081667 0.080501
0 0.266667 0.316637 0.080000 0.085868
0 0.486667 0.206619 0.086667 0.076923
0 0.715000 0.850626 0.073333 0.084079
0 0.554167 0.148479 0.071667 0.060823
0 0.586667 0.374776 0.063333 0.062612
0 0.511667 0.274597 0.066667 0.059034
0 0.874167 0.654741 0.061667 0.107335
0 0.528333 0.337209 0.066667 0.069767
0 0.904167 0.505367 0.061667 0.073345
0 0.552500 0.737925 0.078333 0.076923
0 0.154167 0.756708 0.065000 0.075134
0 0.605833 0.097496 0.108333 0.066190
0 0.455833 0.144007 0.065000 0.066190
0 0.202500 0.279964 0.061667 0.087657
0 0.141667 0.447227 0.060000 0.089445
0 0.162500 0.215564 0.071667 0.087657
0 0.409167 0.737925 0.061667 0.059034
0 0.684167 0.665474 0.078333 0.071556
0 0.773333 0.189624 0.063333 0.071556
0 0.477500 0.741503 0.068333 0.076923
0 0.809167 0.543828 0.071667 0.121646
0 0.758333 0.289803 0.126667 0.075134
0 0.451667 0.671735 0.060000 0.076923
0 0.273333 0.771914 0.080000 0.066190
0 0.281667 0.216458 0.070000 0.071556
0 0.626667 0.610018 0.073333 0.064401
0 0.364167 0.164580 0.071667 0.060823
0 0.651667 0.376565 0.053333 0.073345
0 0.214167 0.722719 0.078333 0.071556
0 0.326667 0.345259 0.063333 0.067979
0 0.885833 0.335420 0.085000 0.084079
0 0.085000 0.402504 0.076667 0.118068
0 0.268333 0.648479 0.060000 0.073345
0 0.717500 0.586762 0.068333 0.093023
0 0.736667 0.512522 0.063333 0.073345
0 0.167500 0.358676 0.058333 0.059034
0 0.225833 0.407871 0.065000 0.100179
0 0.322500 0.625224 0.068333 0.066190
0 0.390833 0.650268 0.061667 0.062612
0 0.290000 0.516995 0.070000 0.078712
0 0.215833 0.501789 0.065000 0.080501
0 0.404167 0.584079 0.071667 0.062612
0 0.648333 0.567084 0.056667 0.057245
0 0.614167 0.488372 0.071667 0.082290
0 0.278333 0.449016 0.056667 0.060823
0 0.553333 0.468694 0.060000 0.057245
0 0.390000 0.359571 0.063333 0.075134
0 0.670833 0.452594 0.055000 0.071556
0 0.375833 0.099284 0.095000 0.051878
0 0.571667 0.639535 0.056667 0.055456
0 0.676667 0.518784 0.046667 0.057245
0 0.384167 0.299642 0.061667 0.055456
0 0.575833 0.286225 0.058333 0.050089
0 0.604167 0.322004 0.051667 0.050089
0 0.511667 0.592129 0.053333 0.067979
0 0.438333 0.267442 0.060000 0.048301
0 0.463333 0.401610 0.046667 0.059034
0 0.301667 0.584079 0.056667 0.051878
0 0.461667 0.593023 0.046667 0.069767
0 0.363333 0.548301 0.053333 0.073345
0 0.584167 0.543828 0.065000 0.071556
0 0.355833 0.405188 0.055000 0.059034
0 0.484167 0.532200 0.048333 0.069767
0 0.604167 0.427549 0.065000 0.050089
0 0.344167 0.500000 0.068333 0.059034
0 0.293333 0.398032 0.040000 0.041145
0 0.527500 0.522361 0.058333 0.067979
0 0.543333 0.419499 0.063333 0.051878
0 0.410833 0.495528 0.075000 0.053667
0 0.508333 0.397138 0.043333 0.064401
0 0.557500 0.576029 0.038333 0.057245
0 0.338333 0.446333 0.066667 0.051878
0 0.435833 0.529517 0.055000 0.071556
0 0.415000 0.420394 0.056667 0.042934
0 0.399167 0.448122 0.068333 0.048301
