0 0.708594 0.151920 0.128125 0.133556
0 0.760156 0.525042 0.110937 0.138564
0 0.717969 0.666945 0.109375 0.120200
0 0.150781 0.613940 0.096875 0.106010
0 0.453516 0.390234 0.107031 0.104341
0 0.355469 0.233306 0.092188 0.109349
0 0.577734 0.559683 0.082031 0.095993
0 0.478125 0.608097 0.101562 0.099332
0 0.457813 0.078047 0.121875 0.111018
0 0.521094 0.301753 0.110937 0.097663
0 0.507031 0.811352 0.126562 0.103506
0 0.255859 0.598915 0.108594 0.121035
0 0.616797 0.357262 0.082031 0.108514
0 0.151172 0.361436 0.105469 0.113523
0 0.202344 0.741235 0.110937 0.126878
0 0.417578 0.909015 0.117969 0.118531
0 0.630859 0.765025 0.096094 0.102671
0 0.339062 0.550918 0.081250 0.118531
0 0.291406 0.855175 0.107813 0.114357
0 0.790234 0.261269 0.103906 0.105175
0 0.589844 0.666110 0.110937 0.090150
0 0.239453 0.461603 0.089844 0.101836
0 0.133984 0.491653 0.105469 0.105175
0 0.857031 0.656093 0.107813 0.121870
0 0.465625 0.200334 0.106250 0.085142
0 0.791016 0.778381 0.111719 0.114357
0 0.276172 0.337229 0.088281 0.101836
0 0.344141 0.404424 0.082031 0.097663
0 0.404687 0.505426 0.067187 0.099332
0 0.573828 0.221619 0.083594 0.084307
0 0.840234 0.391486 0.100781 0.118531
0 0.317969 0.123122 0.150000 0.116027
0 0.486719 0.701586 0.096875 0.090985
0 0.864062 0.511269 0.100000 0.114357
0 0.591797 0.105175 0.114844 0.106845
0 0.735547 0.406511 0.080469 0.103506
0 0.682031 0.863940 0.112500 0.115192
0 0.383203 0.780050 0.088281 0.079299
0 0.655078 0.462855 0.077344 0.117696
0 0.675391 0.296745 0.105469 0.112688
0 0.559375 0.435309 0.082812 0.106010
0 0.557031 0.904424 0.125000 0.104341
0 0.396094 0.651920 0.075000 0.088481
0 0.204297 0.237062 0.116406 0.126878
0 0.667188 0.580134 0.068750 0.100167
0 0.312891 0.703255 0.100781 0.089316
0 0.414844 0.313856 0.078125 0.081803
