0 0.215234 0.220367 0.110156 0.121870
0 0.568359 0.230801 0.117969 0.102671
0 0.691406 0.299666 0.100000 0.103506
0 0.544141 0.888147 0.088281 0.091820
0 0.391016 0.530050 0.085156 0.103506
0 0.228516 0.605593 0.092969 0.085977
0 0.568750 0.429048 0.081250 0.076795
0 0.595313 0.542154 0.081250 0.097663
0 0.103906 0.471619 0.089063 0.118531
0 0.320312 0.443239 0.078125 0.108514
0 0.787891 0.547579 0.082031 0.125209
0 0.549219 0.773790 0.101562 0.101836
0 0.388281 0.352254 0.093750 0.075125
0 0.311328 0.843907 0.094531 0.100167
0 0.670703 0.855593 0.107031 0.103506
0 0.862891 0.658180 0.097656 0.112688
0 0.767188 0.408598 0.085938 0.090985
0 0.519141 0.678214 0.102344 0.072621
0 0.790625 0.781720 0.095312 0.102671
0 0.330078 0.153172 0.086719 0.099332
0 0.669141 0.434891 0.071094 0.110184
0 0.419531 0.767529 0.085938 0.084307
0 0.428516 0.883556 0.086719 0.101002
0 0.705859 0.152337 0.102344 0.101002
0 0.217969 0.483723 0.067187 0.104341
0 0.807422 0.242905 0.094531 0.106845
0 0.310937 0.707429 0.085938 0.082638
0 0.385156 0.647746 0.082812 0.076795
0 0.488281 0.601836 0.085938 0.060100
0 0.255859 0.374374 0.069531 0.080968
0 0.459375 0.123122 0.100000 0.094324
0 0.121094 0.626461 0.090625 0.149416
0 0.683203 0.548831 0.074219 0.094324
0 0.573828 0.119366 0.096094 0.093489
0 0.151953 0.334725 0.086719 0.111853
0 0.454688 0.236644 0.089063 0.074290
0 0.867188 0.371870 0.095312 0.107679
0 0.738281 0.671536 0.064062 0.085977
0 0.492578 0.330551 0.102344 0.068447
0 0.342969 0.280467 0.093750 0.100167
0 0.450781 0.426962 0.090625 0.075960
0 0.882812 0.510851 0.082812 0.123539
0 0.622266 0.636895 0.074219 0.070117
0 0.206641 0.765442 0.105469 0.110184
0 0.602734 0.338898 0.086719 0.061770
0 0.654687 0.732888 0.071875 0.098497
0 0.313672 0.558013 0.067969 0.074290
