0 0.771484 0.428394 0.113281 0.123344
0 0.530859 0.400662 0.102344 0.110927
0 0.651172 0.867964 0.119531 0.113411
0 0.382031 0.343543 0.096875 0.097682
0 0.470703 0.895695 0.116406 0.091060
0 0.596094 0.659768 0.114062 0.117550
0 0.427734 0.434603 0.099219 0.100993
0 0.697266 0.279801 0.102344 0.122517
0 0.312500 0.721854 0.123438 0.109272
0 0.648828 0.438742 0.102344 0.100993
0 0.375391 0.659354 0.092969 0.091887
0 0.783594 0.215646 0.103125 0.133278
0 0.607031 0.332781 0.081250 0.086093
0 0.404297 0.540977 0.108594 0.113411
0 0.400391 0.230960 0.113281 0.109272
0 0.279687 0.319950 0.103125 0.136589
0 0.132031 0.632450 0.110937 0.117550
0 0.314844 0.856374 0.120313 0.115066
0 0.692969 0.692467 0.101562 0.123344
0 0.853125 0.367550 0.096875 0.122517
0 0.429297 0.794702 0.133594 0.100993
0 0.541406 0.090232 0.095312 0.114238
0 0.128516 0.465646 0.099219 0.138245
0 0.662109 0.553394 0.088281 0.098510
0 0.321094 0.449917 0.076563 0.106788
0 0.317188 0.560017 0.085938 0.103477
0 0.498828 0.308361 0.080469 0.096854
0 0.181641 0.324917 0.078906 0.090232
0 0.849219 0.564570 0.101562 0.112583
0 0.786719 0.736341 0.101562 0.123344
0 0.421094 0.112169 0.101562 0.093543
0 0.570312 0.514901 0.095312 0.102649
0 0.238281 0.607202 0.098437 0.103477
0 0.749609 0.571192 0.091406 0.100993
0 0.279687 0.187086 0.114062 0.120861
0 0.203906 0.750828 0.095312 0.092715
0 0.681250 0.136175 0.101562 0.096854
0 0.557813 0.189983 0.142187 0.098510
0 0.226172 0.471440 0.085156 0.120033
0 0.480078 0.717715 0.119531 0.084437
0 0.567578 0.785182 0.117969 0.091887
0 0.498828 0.615480 0.110156 0.108444
