0 0.755859 0.379967 0.103906 0.112583
0 0.514062 0.396109 0.093750 0.101821
0 0.709375 0.835265 0.110937 0.102649
0 0.358203 0.367550 0.089844 0.089404
0 0.535547 0.895281 0.110156 0.080298
0 0.620313 0.639487 0.104688 0.106788
0 0.418359 0.448262 0.091406 0.091887
0 0.658203 0.247103 0.092969 0.113411
0 0.351562 0.753311 0.115625 0.097682
0 0.637109 0.412666 0.094531 0.091887
0 0.403906 0.680050 0.085938 0.083609
0 0.732812 0.167632 0.092188 0.125000
0 0.577734 0.315811 0.074219 0.078642
0 0.412109 0.557533 0.099219 0.103477
0 0.357812 0.253725 0.104688 0.098510
0 0.253516 0.363825 0.091406 0.128311
0 0.159375 0.697848 0.101562 0.107616
0 0.376172 0.884934 0.111719 0.104305
0 0.721484 0.654387 0.091406 0.115066
0 0.826172 0.305050 0.086719 0.115066
0 0.478516 0.802980 0.125781 0.087748
0 0.473438 0.089404 0.085938 0.105960
0 0.128906 0.534768 0.087500 0.130795
0 0.668359 0.522765 0.080469 0.090232
0 0.314844 0.483444 0.067187 0.100993
0 0.330078 0.592715 0.077344 0.096026
0 0.467578 0.311672 0.072656 0.090232
0 0.158203 0.386175 0.071094 0.083609
0 0.853906 0.498758 0.092188 0.103477
0 0.820703 0.680050 0.091406 0.115066
0 0.359375 0.132450 0.093750 0.084437
0 0.571094 0.502483 0.087500 0.094371
0 0.260156 0.653974 0.090625 0.094371
0 0.757422 0.524421 0.083594 0.093543
0 0.231641 0.232202 0.103906 0.110099
0 0.249219 0.801325 0.087500 0.084437
0 0.618750 0.108444 0.093750 0.087748
0 0.505859 0.184603 0.135156 0.084437
0 0.225000 0.522765 0.075000 0.113411
0 0.515625 0.717715 0.114062 0.072848
0 0.612891 0.768626 0.111719 0.080298
0 0.517969 0.614652 0.101562 0.098510
0 0.755859 0.379967 0.103906 0.112583
0 0.514062 0.396109 0.093750 0.101821
0 0.709375 0.835265 0.110937 0.102649
0 0.358203 0.367550 0.089844 0.089404
0 0.535547 0.895281 0.110156 0.080298
0 0.620313 0.639487 0.104688 0.106788
0 0.418359 0.448262 0.091406 0.091887
0 0.658203 0.247103 0.092969 0.113411
0 0.351562 0.753311 0.115625 0.097682
0 0.637109 0.412666 0.094531 0.091887
0 0.403906 0.680050 0.085938 0.083609
0 0.732812 0.167632 0.092188 0.125000
0 0.577734 0.315811 0.074219 0.078642
0 0.412109 0.557533 0.099219 0.103477
0 0.357812 0.253725 0.104688 0.098510
0 0.253516 0.363825 0.091406 0.128311
0 0.159375 0.697848 0.101562 0.107616
0 0.376172 0.884934 0.111719 0.104305
0 0.721484 0.654387 0.091406 0.115066
0 0.826172 0.305050 0.086719 0.115066
0 0.478516 0.802980 0.125781 0.087748
0 0.473438 0.089404 0.085938 0.105960
0 0.128906 0.534768 0.087500 0.130795
0 0.668359 0.522765 0.080469 0.090232
0 0.314844 0.483444 0.067187 0.100993
0 0.330078 0.592715 0.077344 0.096026
0 0.467578 0.311672 0.072656 0.090232
0 0.158203 0.386175 0.071094 0.083609
0 0.853906 0.498758 0.092188 0.103477
0 0.820703 0.680050 0.091406 0.115066
0 0.359375 0.132450 0.093750 0.084437
0 0.571094 0.502483 0.087500 0.094371
0 0.260156 0.653974 0.090625 0.094371
0 0.757422 0.524421 0.083594 0.093543
0 0.231641 0.232202 0.103906 0.110099
0 0.249219 0.801325 0.087500 0.084437
0 0.618750 0.108444 0.093750 0.087748
0 0.505859 0.184603 0.135156 0.084437
0 0.225000 0.522765 0.075000 0.113411
0 0.515625 0.717715 0.114062 0.072848
0 0.612891 0.768626 0.111719 0.080298
0 0.517969 0.614652 0.101562 0.098510
