0 0.232813 0.193455 0.121875 0.136703
0 0.408984 0.316901 0.147656 0.088650
0 0.127734 0.451947 0.107031 0.140017
0 0.149219 0.602734 0.134375 0.146645
0 0.516406 0.890638 0.117188 0.096106
0 0.390625 0.228252 0.068750 0.078708
0 0.344141 0.137945 0.094531 0.128418
0 0.816406 0.528583 0.064062 0.092792
0 0.755859 0.792875 0.074219 0.094449
0 0.263672 0.605634 0.069531 0.086164
0 0.460547 0.091549 0.124219 0.091964
0 0.487891 0.777133 0.085156 0.077879
0 0.235937 0.373239 0.085938 0.140017
0 0.643750 0.664043 0.079687 0.075394
0 0.653906 0.854184 0.123438 0.107705
0 0.141406 0.319387 0.087500 0.115162
0 0.902344 0.442833 0.064062 0.126761
0 0.678516 0.164872 0.119531 0.112676
0 0.576172 0.101491 0.091406 0.073737
0 0.240625 0.503728 0.067187 0.084507
0 0.489844 0.207954 0.096875 0.086164
0 0.326562 0.567109 0.070312 0.085336
0 0.619531 0.312759 0.070312 0.062138
0 0.213281 0.735294 0.085938 0.136703
0 0.759375 0.350456 0.076563 0.091135
0 0.525391 0.422535 0.077344 0.064623
0 0.622656 0.446147 0.065625 0.053853
0 0.550391 0.628003 0.082031 0.057995
0 0.489453 0.362469 0.082031 0.057167
0 0.776172 0.632146 0.069531 0.094449
0 0.410547 0.558824 0.061719 0.055510
0 0.868750 0.316073 0.081250 0.123447
0 0.416016 0.404722 0.060156 0.065452
0 0.676953 0.350456 0.057031 0.054681
0 0.742969 0.496686 0.056250 0.070423
0 0.586328 0.757664 0.074219 0.075394
0 0.601562 0.233223 0.112500 0.091964
0 0.698438 0.270920 0.071875 0.077879
0 0.828516 0.706711 0.077344 0.106048
0 0.885547 0.594035 0.074219 0.104391
0 0.386328 0.745650 0.074219 0.074565
0 0.710156 0.588650 0.057813 0.068766
0 0.494141 0.548882 0.077344 0.065452
0 0.587500 0.540597 0.065625 0.058824
0 0.662500 0.509942 0.050000 0.082022
0 0.387109 0.659486 0.122656 0.084507
0 0.528125 0.289147 0.070312 0.051367
0 0.630469 0.596520 0.062500 0.056338
0 0.809766 0.432477 0.066406 0.072908
0 0.442969 0.465617 0.059375 0.074565
0 0.689453 0.715824 0.103906 0.089478
0 0.379297 0.480116 0.047656 0.077051
0 0.803125 0.222452 0.087500 0.158244
0 0.312500 0.443662 0.064062 0.130075
0 0.577344 0.369511 0.076563 0.057995
0 0.318750 0.813173 0.109375 0.086993
0 0.659766 0.417564 0.058594 0.059652
0 0.304688 0.275062 0.076563 0.081193
0 0.529687 0.703811 0.139063 0.057167
0 0.717578 0.421292 0.049219 0.063795
0 0.458203 0.620133 0.069531 0.052196
0 0.406641 0.859983 0.107031 0.076222
0 0.297266 0.695112 0.077344 0.079536
