0 0.767969 0.807374 0.121875 0.136703
0 0.591797 0.683927 0.147656 0.088650
0 0.873047 0.548882 0.107031 0.140017
0 0.851562 0.398094 0.134375 0.146645
0 0.483594 0.110191 0.117188 0.096106
0 0.609375 0.771748 0.068750 0.078708
0 0.655859 0.862883 0.094531 0.128418
0 0.184375 0.471417 0.064062 0.092792
0 0.244141 0.207954 0.074219 0.094449
0 0.736328 0.394366 0.069531 0.086164
0 0.539453 0.909279 0.124219 0.091964
0 0.512109 0.223695 0.085156 0.077879
0 0.764844 0.626761 0.085938 0.140017
0 0.356250 0.336785 0.079687 0.075394
0 0.346094 0.145816 0.123438 0.107705
0 0.858594 0.680613 0.087500 0.115162
0 0.097656 0.557995 0.064062 0.126761
0 0.322266 0.835957 0.119531 0.112676
0 0.423828 0.898509 0.091406 0.073737
0 0.760156 0.497100 0.067187 0.084507
0 0.510156 0.792875 0.096875 0.086164
0 0.673438 0.432891 0.070312 0.085336
0 0.381250 0.687241 0.070312 0.062138
0 0.787500 0.264706 0.085938 0.136703
0 0.241406 0.650373 0.076563 0.091135
0 0.475391 0.578293 0.077344 0.064623
0 0.377344 0.553853 0.065625 0.053853
0 0.450391 0.372825 0.082031 0.057995
0 0.511328 0.638360 0.082031 0.057167
0 0.223828 0.368683 0.069531 0.094449
0 0.590234 0.441176 0.061719 0.055510
0 0.132031 0.683927 0.081250 0.123447
0 0.584766 0.596106 0.060156 0.065452
0 0.323047 0.649544 0.057031 0.054681
0 0.257812 0.504143 0.056250 0.070423
0 0.413672 0.243165 0.074219 0.075394
0 0.398438 0.766777 0.112500 0.091964
0 0.301563 0.729909 0.071875 0.077879
0 0.171484 0.294118 0.077344 0.106048
0 0.114453 0.406794 0.074219 0.104391
0 0.613672 0.254350 0.074219 0.074565
0 0.289844 0.411350 0.057813 0.068766
0 0.506641 0.451118 0.077344 0.065452
0 0.412500 0.460232 0.065625 0.058824
0 0.337500 0.490058 0.050000 0.082022
0 0.613672 0.341342 0.122656 0.084507
0 0.471875 0.710853 0.070312 0.051367
0 0.370312 0.403480 0.062500 0.056338
0 0.191016 0.568351 0.066406 0.072908
0 0.557031 0.534383 0.059375 0.074565
0 0.310547 0.285004 0.103906 0.089478
0 0.620703 0.520713 0.047656 0.077051
0 0.196875 0.778376 0.087500 0.158244
0 0.687500 0.557167 0.064062 0.130075
0 0.422656 0.631317 0.076563 0.057995
0 0.681250 0.186827 0.109375 0.086993
0 0.341016 0.583264 0.058594 0.059652
0 0.696094 0.725766 0.076563 0.081193
0 0.470313 0.297017 0.139063 0.057167
0 0.283203 0.578708 0.049219 0.063795
0 0.541797 0.379867 0.069531 0.052196
0 0.593359 0.140017 0.107031 0.076222
0 0.702734 0.304888 0.077344 0.079536
