0 0.767578 0.735727 0.135156 0.156538
0 0.282813 0.676335 0.112500 0.135359
0 0.144141 0.670810 0.113281 0.139042
0 0.616406 0.840239 0.139063 0.137201
0 0.108203 0.497238 0.100781 0.132597
0 0.485156 0.633517 0.104688 0.101289
0 0.766016 0.356354 0.083594 0.121547
0 0.633203 0.340239 0.083594 0.102210
0 0.887500 0.406998 0.089063 0.127072
0 0.752344 0.503223 0.093750 0.120626
0 0.247656 0.834715 0.159375 0.186924
0 0.810156 0.240792 0.112500 0.126151
0 0.858203 0.581952 0.100781 0.152855
0 0.335938 0.577808 0.084375 0.107735
0 0.219141 0.531308 0.088281 0.106814
0 0.425391 0.739871 0.122656 0.107735
0 0.571484 0.699816 0.096094 0.103131
0 0.153516 0.302947 0.103906 0.127072
0 0.694141 0.629834 0.086719 0.104972
0 0.622266 0.531308 0.082031 0.104972
0 0.292969 0.416667 0.085938 0.100368
0 0.437109 0.881215 0.132031 0.134438
0 0.384766 0.271179 0.086719 0.093002
0 0.695312 0.249079 0.092188 0.104052
0 0.536719 0.397790 0.046875 0.058932
0 0.430469 0.385359 0.046875 0.056169
0 0.230078 0.357735 0.078906 0.096685
0 0.360156 0.414365 0.039062 0.062615
0 0.444141 0.323204 0.047656 0.055249
0 0.369531 0.483425 0.040625 0.058932
0 0.414844 0.454420 0.045312 0.054328
0 0.503125 0.305709 0.050000 0.053407
0 0.320703 0.338398 0.042969 0.052486
0 0.520703 0.463628 0.046094 0.054328
0 0.546875 0.342541 0.048438 0.053407
0 0.459375 0.554328 0.050000 0.055249
0 0.557422 0.270718 0.046094 0.055249
0 0.658203 0.450276 0.041406 0.055249
0 0.594531 0.400092 0.042188 0.058011
0 0.563281 0.593923 0.046875 0.047882
0 0.525000 0.535912 0.048438 0.053407
0 0.297266 0.505985 0.049219 0.056169
0 0.401172 0.628913 0.049219 0.049724
0 0.401562 0.537293 0.050000 0.059853
0 0.434766 0.124770 0.446094 0.146409
0 0.570703 0.470074 0.047656 0.059853
0 0.488281 0.364180 0.053125 0.059853
0 0.469141 0.247238 0.041406 0.046961
0 0.391016 0.353131 0.042969 0.046961
0 0.463281 0.487109 0.048438 0.053407
