0 0.756250 0.203959 0.100000 0.111876
0 0.155469 0.335628 0.090625 0.125645
0 0.565234 0.371773 0.089844 0.065404
0 0.893359 0.600258 0.088281 0.135112
0 0.446484 0.810671 0.085156 0.075731
0 0.544922 0.907917 0.092969 0.080895
0 0.693359 0.290448 0.096094 0.124785
0 0.638672 0.335628 0.069531 0.077453
0 0.723828 0.506454 0.078906 0.081756
0 0.348438 0.788726 0.082812 0.066265
0 0.312500 0.868330 0.079687 0.075731
0 0.843359 0.324871 0.077344 0.102410
0 0.824609 0.716867 0.075781 0.103270
0 0.662500 0.883821 0.109375 0.089501
0 0.287109 0.543890 0.066406 0.108434
0 0.273438 0.726334 0.070312 0.068847
0 0.643359 0.143287 0.099219 0.076592
0 0.494531 0.732358 0.068750 0.065404
0 0.628516 0.454389 0.082031 0.091222
0 0.178516 0.514630 0.075781 0.123924
0 0.417578 0.635972 0.091406 0.068847
0 0.383203 0.139415 0.121094 0.072289
0 0.251172 0.211274 0.110156 0.097246
0 0.523438 0.127797 0.103125 0.083477
0 0.656250 0.785284 0.071875 0.073150
0 0.573438 0.216437 0.114062 0.074871
0 0.305469 0.425990 0.073438 0.096386
0 0.357812 0.329174 0.076563 0.074871
0 0.149219 0.674269 0.095312 0.112737
0 0.212500 0.623924 0.070312 0.110155
0 0.454297 0.292169 0.086719 0.071429
0 0.393359 0.399312 0.067969 0.082616
0 0.449609 0.436317 0.072656 0.072289
0 0.477344 0.359294 0.092188 0.071429
0 0.553516 0.809811 0.086719 0.074010
0 0.437500 0.221170 0.089063 0.086059
0 0.555859 0.283993 0.082031 0.077453
0 0.541797 0.447504 0.064844 0.077453
0 0.217969 0.793890 0.090625 0.100688
0 0.377734 0.574010 0.085156 0.077453
0 0.751953 0.675990 0.077344 0.081756
0 0.687891 0.413511 0.080469 0.083477
0 0.103516 0.437177 0.069531 0.103270
0 0.419531 0.901893 0.106250 0.075731
0 0.505469 0.644578 0.076563 0.091222
0 0.752734 0.806368 0.071094 0.087780
0 0.661719 0.664372 0.071875 0.053356
0 0.638281 0.558950 0.070312 0.097246
0 0.808203 0.551205 0.064844 0.069707
0 0.390625 0.724182 0.082812 0.067986
0 0.415625 0.524527 0.050000 0.073150
0 0.229297 0.380379 0.067969 0.079174
0 0.789062 0.408778 0.060937 0.115318
0 0.571875 0.539157 0.054688 0.078313
0 0.306641 0.274096 0.080469 0.090361
0 0.581641 0.626076 0.052344 0.074871
0 0.590234 0.715146 0.082031 0.070568
0 0.896484 0.448795 0.069531 0.133391
0 0.321484 0.651893 0.083594 0.080034
0 0.100781 0.553787 0.070312 0.111015
0 0.489844 0.577453 0.082812 0.049914
0 0.357031 0.481928 0.050000 0.096386
0 0.705469 0.585198 0.050000 0.084337
