0 0.283984 0.833477 0.113281 0.126506
0 0.862109 0.610585 0.105469 0.138554
0 0.452344 0.637263 0.096875 0.078313
0 0.098437 0.460843 0.104688 0.147160
0 0.514062 0.185026 0.093750 0.087780
0 0.404297 0.103270 0.102344 0.094664
0 0.335156 0.737952 0.110937 0.138554
0 0.383984 0.684165 0.078906 0.087780
0 0.277734 0.528399 0.088281 0.092943
0 0.614062 0.191480 0.090625 0.078313
0 0.639453 0.106282 0.088281 0.086919
0 0.182422 0.726334 0.089844 0.113597
0 0.151953 0.335628 0.088281 0.113597
0 0.291016 0.145439 0.119531 0.104991
0 0.705469 0.423838 0.079687 0.117900
0 0.696094 0.240964 0.078125 0.079174
0 0.403125 0.876076 0.107813 0.091222
0 0.476562 0.269363 0.076563 0.075731
0 0.379297 0.565404 0.092969 0.103270
0 0.817187 0.437177 0.090625 0.134251
0 0.565234 0.353701 0.099219 0.082616
0 0.662109 0.839501 0.128906 0.090361
0 0.783203 0.747849 0.121094 0.113597
0 0.524219 0.872633 0.112500 0.098107
0 0.309766 0.241394 0.080469 0.083477
0 0.463672 0.792599 0.122656 0.091222
0 0.702734 0.543890 0.085156 0.106713
0 0.662891 0.648021 0.085156 0.086059
0 0.826172 0.274096 0.108594 0.126506
0 0.769922 0.333477 0.083594 0.119621
0 0.571484 0.698795 0.094531 0.084337
0 0.618750 0.583907 0.078125 0.092083
0 0.557813 0.555938 0.081250 0.082616
0 0.540625 0.636403 0.100000 0.085198
0 0.407813 0.201807 0.095312 0.086919
0 0.597266 0.767212 0.099219 0.098967
0 0.472266 0.722892 0.091406 0.089501
0 0.466016 0.558950 0.074219 0.086919
0 0.742578 0.166093 0.102344 0.113597
0 0.611719 0.407917 0.093750 0.089501
0 0.228516 0.364888 0.086719 0.092943
0 0.325391 0.615318 0.089844 0.094664
0 0.901172 0.502151 0.082031 0.112737
0 0.529297 0.089501 0.114844 0.091222
0 0.476562 0.358434 0.087500 0.102410
0 0.211719 0.235800 0.081250 0.098107
0 0.319531 0.362306 0.078125 0.063683
0 0.355859 0.463855 0.082031 0.106713
0 0.188672 0.497418 0.072656 0.079174
0 0.580469 0.261188 0.090625 0.080034
0 0.580859 0.462565 0.058594 0.080034
0 0.783203 0.577022 0.077344 0.088640
0 0.225781 0.635112 0.075000 0.123924
0 0.424219 0.472461 0.064062 0.086059
0 0.719922 0.694492 0.091406 0.101549
0 0.403906 0.388554 0.060937 0.081756
0 0.383984 0.301205 0.089844 0.082616
0 0.114062 0.611876 0.085938 0.142857
0 0.658203 0.323150 0.092969 0.092083
0 0.888672 0.385542 0.083594 0.120482
0 0.501172 0.421687 0.088281 0.061962
0 0.644141 0.496558 0.061719 0.103270
0 0.286328 0.447504 0.060156 0.091222
