0 0.769922 0.219019 0.105469 0.117900
0 0.163672 0.315835 0.096094 0.130809
0 0.570703 0.376076 0.092969 0.070568
0 0.887891 0.622633 0.094531 0.140275
0 0.431641 0.807229 0.088281 0.080895
0 0.525000 0.909639 0.096875 0.086059
0 0.703125 0.301635 0.101562 0.129948
0 0.646875 0.343804 0.073438 0.081756
0 0.723437 0.519793 0.082812 0.086059
0 0.334375 0.779690 0.085938 0.070568
0 0.295312 0.857573 0.082812 0.080034
0 0.851172 0.345095 0.082031 0.106713
0 0.813672 0.735370 0.080469 0.107573
0 0.644141 0.892857 0.113281 0.095525
0 0.284766 0.531842 0.071094 0.111876
0 0.263281 0.712995 0.073438 0.073150
0 0.660547 0.151463 0.102344 0.082616
0 0.483594 0.731928 0.071875 0.069707
0 0.630469 0.461704 0.085938 0.095525
0 0.178125 0.496127 0.081250 0.128227
0 0.411328 0.630809 0.094531 0.074010
0 0.400391 0.133391 0.124219 0.079174
0 0.265234 0.197935 0.114844 0.103270
0 0.541016 0.129088 0.107031 0.089501
0 0.642969 0.794320 0.075000 0.077453
0 0.586719 0.221601 0.117188 0.081756
0 0.309375 0.414372 0.078125 0.100688
0 0.365625 0.320998 0.079687 0.079174
0 0.141016 0.653614 0.100781 0.117900
0 0.206641 0.607143 0.075781 0.114458
0 0.464453 0.290448 0.089844 0.076592
0 0.398438 0.393287 0.071875 0.086059
0 0.452734 0.433305 0.075781 0.076592
0 0.483594 0.358434 0.095312 0.076592
0 0.538672 0.812392 0.089844 0.079174
0 0.451172 0.217728 0.092969 0.091222
0 0.566406 0.287866 0.085938 0.081756
0 0.543750 0.450086 0.068750 0.080895
0 0.204687 0.776678 0.095312 0.105852
0 0.374219 0.567126 0.089063 0.082616
0 0.743750 0.690189 0.081250 0.086059
0 0.692187 0.424269 0.084375 0.087780
0 0.107422 0.413941 0.074219 0.106713
0 0.400000 0.897160 0.109375 0.081756
0 0.498828 0.644148 0.080469 0.095525
0 0.737500 0.820568 0.075000 0.092083
0 0.653516 0.673408 0.074219 0.057659
0 0.635156 0.566265 0.075000 0.101549
0 0.805078 0.568417 0.067969 0.073150
0 0.380469 0.717728 0.085938 0.072289
0 0.414844 0.519793 0.053125 0.075731
0 0.235156 0.364888 0.071875 0.082616
0 0.793359 0.425990 0.066406 0.118761
0 0.569922 0.543460 0.058594 0.081756
0 0.317969 0.263339 0.084375 0.094664
0 0.575391 0.629948 0.055469 0.077453
0 0.580078 0.719880 0.085156 0.074871
0 0.898828 0.471170 0.075781 0.136833
0 0.314063 0.641136 0.087500 0.084337
0 0.098828 0.530981 0.075781 0.115318
0 0.486328 0.577022 0.085156 0.054217
0 0.358594 0.473752 0.054688 0.098967
0 0.701172 0.596816 0.053906 0.086919
