0 0.391016 0.708479 0.110156 0.128497
0 0.562109 0.147290 0.107031 0.093531
0 0.306250 0.339161 0.101562 0.118881
0 0.746094 0.588724 0.096875 0.107517
0 0.784375 0.282780 0.092188 0.114510
0 0.628906 0.562500 0.106250 0.121503
0 0.410938 0.384178 0.089063 0.118007
0 0.210938 0.267483 0.089063 0.104895
0 0.274609 0.792395 0.097656 0.097028
0 0.518359 0.357955 0.092969 0.107517
0 0.666406 0.311189 0.114062 0.131119
0 0.412891 0.258304 0.100781 0.091783
0 0.520703 0.608392 0.078906 0.099650
0 0.804297 0.725962 0.100781 0.116259
0 0.686328 0.819930 0.105469 0.104895
0 0.733203 0.441434 0.089844 0.117133
0 0.294531 0.616259 0.101562 0.113636
0 0.837891 0.412150 0.069531 0.128497
0 0.381641 0.497815 0.086719 0.098776
0 0.548438 0.860140 0.110937 0.092657
0 0.617188 0.420892 0.095312 0.102273
0 0.138281 0.534091 0.087500 0.113636
0 0.262891 0.479458 0.086719 0.121503
0 0.689453 0.185315 0.107031 0.097902
0 0.410156 0.851399 0.120313 0.094406
0 0.656641 0.699301 0.108594 0.106643
0 0.310547 0.184441 0.103906 0.094406
0 0.435547 0.143794 0.113281 0.091783
0 0.188281 0.686189 0.085938 0.131119
0 0.153125 0.383741 0.081250 0.127622
0 0.522266 0.729895 0.110156 0.094406
0 0.428516 0.592657 0.075781 0.085664
0 0.858984 0.565559 0.078906 0.122378
0 0.544141 0.253497 0.111719 0.089161
