0 0.725391 0.616736 0.132031 0.135565
0 0.385547 0.749372 0.133594 0.126360
0 0.308594 0.351883 0.139063 0.146444
0 0.425781 0.394979 0.106250 0.117155
0 0.532031 0.648117 0.100000 0.106276
0 0.606641 0.477406 0.100781 0.097908
0 0.247266 0.212134 0.127344 0.121339
0 0.646094 0.719247 0.114062 0.119665
0 0.341406 0.867364 0.110937 0.111297
0 0.563281 0.225941 0.115625 0.128870
0 0.297266 0.639331 0.103906 0.125523
0 0.389453 0.521757 0.111719 0.116318
0 0.672266 0.140586 0.124219 0.125523
0 0.242969 0.771967 0.107813 0.123013
0 0.823438 0.722176 0.100000 0.123849
0 0.593359 0.897490 0.117969 0.109623
0 0.185547 0.343515 0.105469 0.138075
0 0.421094 0.267364 0.123438 0.114644
0 0.725000 0.464017 0.098437 0.134728
0 0.156250 0.503766 0.100000 0.127197
0 0.844531 0.572385 0.100000 0.145607
0 0.276953 0.502510 0.097656 0.138075
0 0.380859 0.143515 0.128906 0.094561
0 0.607812 0.579916 0.089063 0.092050
0 0.837109 0.406695 0.097656 0.133891
0 0.675391 0.325105 0.108594 0.134728
0 0.555859 0.364854 0.124219 0.132218
0 0.417969 0.634310 0.123438 0.113808
0 0.461719 0.912134 0.128125 0.100418
0 0.186719 0.643096 0.114062 0.143096
0 0.523828 0.779916 0.125781 0.107113
0 0.775391 0.258577 0.105469 0.123849
0 0.519141 0.107531 0.124219 0.104603
0 0.723047 0.835565 0.128906 0.114644
