0 0.592969 0.251464 0.134375 0.148117
0 0.739844 0.605439 0.125000 0.149791
0 0.375391 0.715063 0.144531 0.156485
0 0.407422 0.587866 0.114844 0.119665
0 0.635938 0.455649 0.104688 0.112971
0 0.471875 0.387866 0.096875 0.112971
0 0.250000 0.790795 0.120313 0.142259
0 0.693359 0.328870 0.117969 0.128870
0 0.853516 0.643933 0.110156 0.124686
0 0.240625 0.451883 0.126562 0.130544
0 0.644141 0.707531 0.122656 0.117992
0 0.527734 0.617155 0.114844 0.126360
0 0.153906 0.341841 0.123438 0.139749
0 0.771484 0.756067 0.121094 0.123013
0 0.684766 0.139749 0.121094 0.113808
0 0.864062 0.373222 0.109375 0.132218
0 0.376563 0.847280 0.134375 0.121339
0 0.288672 0.601255 0.113281 0.138075
0 0.451172 0.262343 0.130469 0.112971
0 0.526953 0.867364 0.124219 0.114644
0 0.542969 0.126778 0.140625 0.116318
0 0.517578 0.738494 0.133594 0.112971
0 0.176172 0.652720 0.096094 0.142259
0 0.566797 0.379079 0.091406 0.100418
0 0.389844 0.146444 0.129688 0.112134
0 0.325000 0.325523 0.131250 0.123849
0 0.370703 0.450209 0.130469 0.140586
0 0.630859 0.578661 0.113281 0.138075
0 0.886328 0.512134 0.100781 0.142259
0 0.655469 0.825523 0.139063 0.129707
0 0.758984 0.455649 0.107031 0.139749
0 0.256641 0.223013 0.121094 0.119665
0 0.133594 0.506695 0.104688 0.138075
0 0.796484 0.238494 0.114844 0.143933
