0 0.860938 0.607492 0.109375 0.123779
0 0.208594 0.249186 0.109375 0.125407
0 0.400781 0.143730 0.142187 0.116450
0 0.302734 0.344055 0.091406 0.090391
0 0.830859 0.386401 0.119531 0.127850
0 0.307812 0.818811 0.104688 0.098534
0 0.133594 0.432410 0.103125 0.097720
0 0.658984 0.168567 0.125781 0.141694
0 0.638281 0.675489 0.078125 0.077362
0 0.505859 0.872150 0.113281 0.102606
0 0.259375 0.442997 0.085938 0.089577
0 0.171484 0.636808 0.105469 0.112378
0 0.720703 0.815961 0.111719 0.112378
0 0.384766 0.290309 0.080469 0.096906
0 0.698828 0.597720 0.092969 0.096091
0 0.558984 0.725570 0.072656 0.084691
0 0.270703 0.552524 0.085156 0.085505
0 0.379297 0.691368 0.082031 0.096091
0 0.566406 0.273208 0.076563 0.092020
0 0.307031 0.642101 0.067187 0.069218
0 0.716797 0.500000 0.086719 0.078176
0 0.473047 0.725977 0.074219 0.100163
0 0.476562 0.272801 0.073438 0.094463
0 0.646484 0.316775 0.071094 0.079805
0 0.465234 0.589577 0.057031 0.058632
0 0.700391 0.396987 0.072656 0.075733
0 0.595313 0.429967 0.057813 0.065147
0 0.467969 0.392508 0.054688 0.060261
0 0.533203 0.396987 0.052344 0.057818
0 0.408594 0.416531 0.054688 0.056189
0 0.593359 0.558632 0.058594 0.058632
0 0.535547 0.589169 0.055469 0.065961
0 0.391406 0.478827 0.065625 0.052117
0 0.623828 0.495521 0.055469 0.062704
0 0.403125 0.552932 0.060937 0.057003
