0 0.714063 0.210809 0.120313 0.142739
0 0.842187 0.409653 0.106250 0.134488
0 0.840234 0.635726 0.102344 0.122937
0 0.310547 0.362624 0.088281 0.089934
0 0.398438 0.312706 0.082812 0.095710
0 0.238672 0.228960 0.107031 0.119637
0 0.281641 0.791667 0.102344 0.096535
0 0.143359 0.429868 0.086719 0.103960
0 0.484375 0.291667 0.070312 0.093234
0 0.166016 0.649340 0.097656 0.110561
0 0.698047 0.616337 0.089844 0.094059
0 0.390625 0.705446 0.076563 0.097360
0 0.287891 0.565182 0.082031 0.082508
0 0.574609 0.302805 0.074219 0.089109
0 0.721875 0.516502 0.082812 0.077558
0 0.636719 0.688119 0.075000 0.077558
0 0.720703 0.825083 0.110156 0.120462
0 0.505469 0.867574 0.109375 0.101485
0 0.479297 0.735561 0.071094 0.096535
0 0.693359 0.423267 0.077344 0.074257
0 0.400000 0.497112 0.062500 0.051980
0 0.474609 0.602723 0.055469 0.055281
0 0.322266 0.653878 0.064844 0.068482
0 0.474219 0.150165 0.137500 0.112211
0 0.598047 0.573845 0.055469 0.053630
0 0.537109 0.597772 0.053906 0.060231
0 0.475781 0.412541 0.054688 0.066007
0 0.628125 0.510314 0.053125 0.061881
0 0.418359 0.443894 0.053906 0.056106
0 0.273828 0.462459 0.083594 0.086634
0 0.538672 0.422030 0.050781 0.061881
0 0.567187 0.728960 0.070312 0.081683
0 0.646094 0.343647 0.071875 0.078383
0 0.413672 0.570957 0.058594 0.054455
0 0.590625 0.452145 0.053125 0.064356
