0 0.757812 0.254538 0.142187 0.162541
0 0.852344 0.473597 0.126562 0.151815
0 0.812891 0.695957 0.121094 0.139439
0 0.335938 0.330446 0.101562 0.104785
0 0.430859 0.297442 0.097656 0.109736
0 0.286719 0.185231 0.125000 0.137789
0 0.237109 0.747525 0.116406 0.113861
0 0.160547 0.365099 0.102344 0.117987
0 0.518750 0.291667 0.084375 0.104785
0 0.146094 0.585809 0.114062 0.127063
0 0.676172 0.650990 0.103906 0.108911
0 0.358984 0.682756 0.091406 0.109736
0 0.280078 0.525165 0.094531 0.096535
0 0.605469 0.318894 0.087500 0.101485
0 0.716016 0.556518 0.094531 0.091584
0 0.603516 0.709983 0.086719 0.089934
0 0.664062 0.860561 0.128125 0.138614
0 0.444922 0.862624 0.124219 0.119637
0 0.441406 0.728135 0.085938 0.108086
0 0.702734 0.459571 0.088281 0.087459
0 0.401562 0.478548 0.070312 0.062706
0 0.458594 0.596535 0.064062 0.064356
0 0.299219 0.618812 0.075000 0.079208
0 0.532422 0.150165 0.153906 0.135314
0 0.583984 0.590759 0.063281 0.062706
0 0.519922 0.603135 0.063281 0.069307
0 0.491016 0.409653 0.064844 0.075083
0 0.624219 0.533003 0.062500 0.070957
0 0.428906 0.429455 0.062500 0.065182
0 0.283594 0.421617 0.096875 0.100660
0 0.551172 0.430281 0.060156 0.070132
0 0.528125 0.738036 0.082812 0.093234
0 0.669141 0.372937 0.083594 0.090759
0 0.403516 0.553630 0.066406 0.064356
0 0.597266 0.469059 0.063281 0.073432
