0 0.714844 0.161765 0.159375 0.176471
0 0.170703 0.388841 0.161719 0.163495
0 0.383984 0.127595 0.149219 0.165225
0 0.235156 0.222318 0.162500 0.160900
0 0.806250 0.307526 0.115625 0.125433
0 0.667188 0.850779 0.115625 0.120242
0 0.790234 0.757353 0.128906 0.125433
0 0.533594 0.903114 0.110937 0.124567
0 0.844141 0.459775 0.130469 0.134083
0 0.591797 0.310554 0.085156 0.098616
0 0.276172 0.820069 0.099219 0.098616
0 0.398438 0.884083 0.100000 0.110727
0 0.649609 0.371972 0.089844 0.091696
0 0.203906 0.698097 0.106250 0.112457
0 0.547656 0.100346 0.167187 0.200692
0 0.544922 0.724481 0.074219 0.090830
0 0.841797 0.613754 0.121094 0.115052
0 0.173828 0.558824 0.096094 0.103806
0 0.679688 0.616349 0.075000 0.076990
0 0.421484 0.323529 0.082031 0.091696
0 0.626172 0.682093 0.071094 0.078720
0 0.467969 0.720156 0.089063 0.099481
0 0.333984 0.450260 0.089844 0.089100
0 0.395703 0.681228 0.072656 0.083910
0 0.505859 0.289792 0.083594 0.095156
0 0.699219 0.535035 0.085938 0.083910
0 0.681250 0.452422 0.085938 0.083045
0 0.429688 0.506488 0.053125 0.061419
0 0.326172 0.541090 0.089844 0.083910
0 0.446875 0.444204 0.054688 0.064879
0 0.341406 0.619810 0.078125 0.078720
0 0.444141 0.570934 0.060156 0.062284
0 0.579688 0.592561 0.060937 0.062284
0 0.478516 0.617215 0.055469 0.063149
0 0.358594 0.375000 0.064062 0.071799
0 0.585547 0.470588 0.055469 0.060554
0 0.593750 0.531142 0.054688 0.057093
0 0.554688 0.421713 0.054688 0.061419
0 0.534766 0.632353 0.058594 0.060554
0 0.503125 0.417820 0.051562 0.069204
