0 0.194531 0.262976 0.159375 0.176471
0 0.399609 0.865484 0.147656 0.179066
0 0.163672 0.629325 0.149219 0.165225
0 0.249219 0.793253 0.145313 0.179931
0 0.326172 0.161765 0.113281 0.128028
0 0.816797 0.314879 0.108594 0.128028
0 0.732422 0.179498 0.113281 0.142734
0 0.864062 0.462803 0.112500 0.122837
0 0.463672 0.118945 0.121094 0.144464
0 0.328906 0.398356 0.089063 0.094291
0 0.789062 0.748702 0.089063 0.109862
0 0.846875 0.612457 0.100000 0.110727
0 0.384375 0.335208 0.082812 0.099481
0 0.678906 0.828720 0.101562 0.117647
0 0.137500 0.447232 0.184375 0.185121
0 0.702734 0.450260 0.082031 0.082180
0 0.602734 0.122405 0.103906 0.134083
0 0.553125 0.861159 0.093750 0.106401
0 0.605078 0.301038 0.069531 0.083045
0 0.340625 0.586938 0.082812 0.090830
0 0.664453 0.361159 0.071094 0.078720
0 0.698828 0.535467 0.089844 0.098616
0 0.455078 0.684689 0.080469 0.099481
0 0.663672 0.616349 0.075781 0.080450
0 0.310156 0.493512 0.085938 0.092561
0 0.531641 0.279412 0.075781 0.095156
0 0.457031 0.300173 0.075000 0.095156
0 0.505859 0.577855 0.055469 0.058824
0 0.537109 0.693339 0.075781 0.099481
0 0.449609 0.558824 0.058594 0.060554
0 0.608203 0.675606 0.071094 0.086505
0 0.564063 0.561851 0.056250 0.066609
0 0.583594 0.412630 0.056250 0.067474
0 0.605859 0.523789 0.057031 0.061419
0 0.387109 0.656574 0.064844 0.070934
0 0.473438 0.406142 0.054688 0.061419
0 0.528125 0.397059 0.051562 0.060554
0 0.429297 0.440311 0.055469 0.060554
0 0.619531 0.462370 0.054688 0.064879
0 0.425781 0.497405 0.062500 0.057093
