0 0.651250 0.421743 0.092500 0.071228
0 0.148125 0.753515 0.048750 0.044986
0 0.930625 0.497188 0.113750 0.090909
0 0.036250 0.584817 0.067500 0.046860
0 0.051250 0.238519 0.075000 0.038425
0 0.170000 0.151359 0.042500 0.047798
0 0.891250 0.579194 0.085000 0.101218
0 0.967500 0.607779 0.065000 0.104030
0 0.025625 0.467198 0.051250 0.045923
0 0.890625 0.783505 0.058750 0.041237
0 0.098125 0.596064 0.063750 0.039363
0 0.042500 0.267573 0.065000 0.029053
0 0.866875 0.489691 0.051250 0.032802
0 0.556250 0.322868 0.052500 0.180881
0 0.793750 0.189316 0.060000 0.054358
0 0.826875 0.261012 0.046250 0.029053
0 0.861250 0.617619 0.052500 0.041237
0 0.940625 0.341612 0.046250 0.038425
0 0.481250 0.522024 0.022500 0.110590
0 0.015000 0.020150 0.030000 0.040300
0 0.042500 0.023899 0.017500 0.019681
0 0.024375 0.298969 0.023750 0.014995
0 0.016875 0.285380 0.033750 0.025305
0 0.866875 0.290534 0.041250 0.028116
0 0.903750 0.319588 0.030000 0.018744
0 0.785625 0.263355 0.033750 0.028116
0 0.245231 0.636546 0.012962 0.015361
0 0.400625 0.607310 0.016250 0.041237
0 0.505625 0.651828 0.008750 0.010309
0 0.795000 0.347235 0.037500 0.029053
0 0.744375 0.602624 0.028750 0.020619
0 0.782500 0.573571 0.037500 0.024367
0 0.018125 0.724930 0.018750 0.017807
0 0.155625 0.909560 0.021250 0.012184
0 0.016875 0.826617 0.013750 0.013121
0 0.481875 0.747891 0.008750 0.011246
0 0.960625 0.742268 0.038750 0.026242
0 0.521000 0.436275 0.019500 0.139653
0 0.717412 0.129470 0.009825 0.020890
0 0.437188 0.836331 0.011875 0.010056
0 0.987844 0.698346 0.023187 0.037741
