0 0.622500 0.603093 0.105000 0.077788
0 0.121250 0.269447 0.065000 0.042174
0 0.556875 0.820056 0.133750 0.095595
0 0.331250 0.165886 0.070000 0.056232
0 0.791250 0.134489 0.060000 0.060918
0 0.921875 0.211809 0.068750 0.037488
0 0.443125 0.800843 0.143750 0.075914
0 0.414375 0.860825 0.146250 0.060918
0 0.486250 0.142924 0.067500 0.044049
0 0.173125 0.825679 0.061250 0.048735
0 0.323750 0.212746 0.060000 0.052484
0 0.751875 0.131678 0.046250 0.051546
0 0.558750 0.771790 0.050000 0.042174
0 0.741875 0.520619 0.246250 0.060918
0 0.946875 0.680881 0.078750 0.051546
0 0.856875 0.714620 0.043750 0.038425
0 0.388125 0.783037 0.061250 0.044049
0 0.763125 0.808810 0.056250 0.039363
0 0.469375 0.489222 0.148750 0.029991
0 0.708750 0.121368 0.022500 0.019681
0 0.725000 0.114339 0.037500 0.028116
0 0.822500 0.747891 0.042500 0.033739
0 0.788125 0.778819 0.028750 0.024367
0 0.848125 0.684161 0.041250 0.028116
0 0.288125 0.327085 0.021250 0.011246
0 0.345625 0.439550 0.056250 0.016870
0 0.300000 0.522962 0.015000 0.007498
0 0.738750 0.701031 0.042500 0.031865
0 0.394375 0.694470 0.031250 0.024367
0 0.436875 0.719306 0.036250 0.030928
0 0.144375 0.169166 0.026250 0.015933
0 0.008750 0.180412 0.017500 0.012184
0 0.169375 0.517338 0.016250 0.007498
0 0.236250 0.872540 0.040000 0.031865
0 0.587500 0.507966 0.187500 0.031865
0 0.047500 0.494377 0.015000 0.010309
0 0.296250 0.887535 0.052500 0.022493
