0 0.370000 0.597001 0.107500 0.082474
0 0.788125 0.204311 0.058750 0.050609
0 0.077500 0.559044 0.132500 0.104030
0 0.937500 0.356607 0.077500 0.055295
0 0.980625 0.698688 0.038750 0.047798
0 0.906250 0.800375 0.052500 0.052484
0 0.096250 0.473290 0.107500 0.110590
0 0.028750 0.454545 0.057500 0.110590
0 0.971875 0.470009 0.056250 0.051546
0 0.050000 0.272259 0.067500 0.047798
0 0.873750 0.353327 0.072500 0.046860
0 0.984375 0.669166 0.031250 0.037488
0 0.141250 0.558575 0.057500 0.039363
0 0.485625 0.681818 0.093750 0.184630
0 0.283125 0.844892 0.071250 0.060918
0 0.233750 0.778351 0.052500 0.034677
0 0.116875 0.431584 0.061250 0.047798
0 0.102500 0.713683 0.055000 0.044049
0 0.513750 0.476570 0.047500 0.111528
0 0.187500 0.753983 0.047500 0.032802
0 0.144375 0.730084 0.033750 0.022493
0 0.273750 0.770384 0.040000 0.031865
0 0.719375 0.333177 0.016250 0.015933
0 0.573750 0.381443 0.025000 0.043112
0 0.459375 0.351453 0.011250 0.011246
0 0.245625 0.688847 0.043750 0.033739
0 0.236250 0.431115 0.032500 0.024367
0 0.205000 0.464386 0.042500 0.029053
0 0.922500 0.216026 0.022500 0.019681
0 0.744375 0.052484 0.023750 0.014995
0 0.900625 0.115276 0.016250 0.014995
0 0.460625 0.253515 0.011250 0.012184
0 0.005625 0.320993 0.011250 0.030928
0 0.495000 0.566073 0.052500 0.140581
0 0.372500 0.893627 0.015000 0.021556
0 0.483750 0.161668 0.015000 0.012184
