0 0.916875 0.309859 0.096250 0.076995
0 0.955000 0.439906 0.090000 0.076056
0 0.914375 0.689202 0.101250 0.088263
0 0.905450 0.587793 0.073400 0.061972
0 0.683125 0.664319 0.091250 0.083568
0 0.580625 0.472770 0.076250 0.053521
0 0.431250 0.608451 0.052500 0.054460
0 0.695000 0.594836 0.072500 0.055399
0 0.535000 0.443192 0.045000 0.048826
0 0.638125 0.246216 0.058750 0.032338
0 0.396975 0.552113 0.053950 0.028169
0 0.559650 0.777934 0.061800 0.034742
0 0.973475 0.128808 0.051950 0.069822
0 0.355856 0.630047 0.104212 0.026291
0 0.739375 0.287831 0.038750 0.034817
0 0.596850 0.569577 0.061200 0.038685
0 0.517775 0.927230 0.063050 0.032864
0 0.308400 0.424150 0.039300 0.038911
0 0.389325 0.825089 0.043650 0.031399
1 0.122450 0.572939 0.192400 0.066066
0 0.432025 0.784507 0.059050 0.032864
0 0.310925 0.694366 0.051850 0.027230
0 0.515000 0.819249 0.062500 0.034742
0 0.259375 0.965258 0.041250 0.028169
0 0.490625 0.430516 0.063750 0.040376
0 0.496875 0.178911 0.036250 0.034817
0 0.425950 0.399700 0.041900 0.033202
1 0.104619 0.432822 0.149237 0.189587
0 0.314375 0.661502 0.103750 0.027230
0 0.308750 0.274178 0.050000 0.026291
0 0.596169 0.624376 0.054837 0.031850
0 0.475369 0.399324 0.048238 0.034329
0 0.157881 0.191695 0.075762 0.034094
0 0.599006 0.595568 0.080513 0.015549
0 0.373125 0.106103 0.033750 0.024413
0 0.516250 0.223005 0.022500 0.027230
0 0.493750 0.223944 0.027500 0.023474
0 0.828750 0.207887 0.027500 0.023286
0 0.517500 0.396714 0.035000 0.025352
0 0.921813 0.971362 0.033625 0.021596
0 0.158775 0.179700 0.070050 0.036394
0 0.004075 0.785765 0.008150 0.086085
0 0.460731 0.374479 0.033962 0.025953
