0 0.738125 0.819718 0.106250 0.075117
0 0.564375 0.843662 0.103750 0.070423
0 0.234375 0.804695 0.121250 0.078873
0 0.368750 0.801408 0.085000 0.057277
0 0.275625 0.632864 0.113750 0.071362
0 0.533125 0.561972 0.073750 0.059155
0 0.359375 0.445070 0.073750 0.041315
0 0.366875 0.643192 0.076250 0.056338
0 0.574375 0.528638 0.066250 0.035681
0 0.833750 0.612207 0.045000 0.045070
0 0.434375 0.420657 0.038750 0.041315
0 0.128125 0.535211 0.048750 0.046948
0 0.956875 0.868075 0.053750 0.040376
0 0.331875 0.386854 0.038750 0.078873
0 0.773750 0.688263 0.047500 0.030047
0 0.404375 0.569953 0.053750 0.046948
0 0.608750 0.358685 0.052500 0.030047
0 0.071250 0.405634 0.042500 0.033803
1 0.415625 0.214085 0.093750 0.146479
0 0.124375 0.439437 0.046250 0.045070
0 0.248750 0.351174 0.037500 0.039437
0 0.075625 0.500000 0.048750 0.047887
0 0.593125 0.495775 0.056250 0.048826
0 0.927500 0.508920 0.047500 0.028169
0 0.636250 0.448357 0.045000 0.032864
1 0.603750 0.205634 0.257500 0.118310
0 0.292500 0.354930 0.040000 0.078873
0 0.806875 0.364789 0.036250 0.038498
0 0.331250 0.568545 0.045000 0.042254
0 0.635000 0.485446 0.047500 0.037559
0 0.922500 0.253521 0.047500 0.058216
0 0.370625 0.571362 0.023750 0.061033
0 0.868750 0.522535 0.037500 0.017840
0 0.867500 0.505634 0.032500 0.021596
0 0.877500 0.757277 0.032500 0.021596
0 0.637500 0.516901 0.035000 0.027230
0 0.938125 0.254930 0.051250 0.053521
0 0.137500 0.118310 0.115000 0.009390
0 0.669375 0.475117 0.036250 0.026291
