0 0.520000 0.318779 0.100000 0.057277
0 0.225625 0.484977 0.071250 0.055399
0 0.071875 0.707981 0.036250 0.031925
0 0.756250 0.568545 0.037500 0.029108
0 0.192500 0.446009 0.052500 0.054460
0 0.466250 0.770892 0.045000 0.037559
0 0.296250 0.612676 0.052500 0.068545
0 0.415000 0.780282 0.035000 0.030047
0 0.633125 0.284977 0.056250 0.032864
1 0.477500 0.389671 0.160000 0.172770
0 0.595625 0.308451 0.081250 0.025352
0 0.713125 0.297183 0.056250 0.032864
1 0.432500 0.660563 0.102500 0.173709
0 0.185625 0.764789 0.033750 0.021596
0 0.191875 0.744131 0.023750 0.015962
0 0.158125 0.694836 0.018750 0.015023
0 0.119375 0.735681 0.021250 0.021596
0 0.248750 0.793897 0.032500 0.019718
0 0.110000 0.368075 0.032500 0.018779
0 0.241875 0.538967 0.033750 0.020657
0 0.254375 0.378873 0.016250 0.010329
0 0.246875 0.392488 0.013750 0.011268
0 0.148125 0.469953 0.033750 0.019718
0 0.162500 0.298122 0.030000 0.025352
0 0.151875 0.313146 0.011250 0.008451
0 0.589375 0.827700 0.033750 0.025352
0 0.618750 0.744131 0.030000 0.023474
0 0.368125 0.740845 0.033750 0.024413
0 0.686250 0.759155 0.027500 0.021596
0 0.531875 0.765728 0.028750 0.023474
0 0.361250 0.761972 0.022500 0.017840
0 0.291250 0.791549 0.027500 0.016901
0 0.409375 0.723944 0.018750 0.018779
0 0.280000 0.643192 0.025000 0.015023
0 0.667500 0.546009 0.030000 0.021596
0 0.446250 0.563850 0.022500 0.023474
0 0.368125 0.549296 0.018750 0.016901
0 0.596250 0.614554 0.015000 0.014085
0 0.604375 0.599061 0.008750 0.007512
0 0.499375 0.605634 0.013750 0.016901
0 0.353750 0.396244 0.025000 0.009390
0 0.492500 0.618310 0.015000 0.012207
0 0.675625 0.295775 0.036250 0.022535
0 0.711875 0.738967 0.028750 0.022535
1 0.541875 0.761502 0.081250 0.061972
1 0.533125 0.718310 0.053750 0.046948
1 0.558750 0.664789 0.110000 0.180282
1 0.537500 0.541784 0.110000 0.176526
0 0.468125 0.606573 0.023750 0.046948
1 0.358750 0.365258 0.075000 0.076995
1 0.313125 0.363850 0.066250 0.076056
0 0.423125 0.306103 0.013750 0.007512
0 0.436250 0.315493 0.010000 0.009390
0 0.575625 0.301878 0.011250 0.004695
0 0.141875 0.290141 0.008750 0.007512
