0 0.741875 0.505634 0.071250 0.072300
0 0.506463 0.293042 0.070425 0.050873
0 0.201875 0.190141 0.041250 0.025352
0 0.422500 0.695775 0.037500 0.026291
0 0.556250 0.266366 0.070000 0.036958
0 0.138487 0.488089 0.046975 0.031577
0 0.339375 0.353052 0.088750 0.035681
0 0.124375 0.450704 0.038750 0.024413
0 0.793125 0.588263 0.041250 0.040376
1 0.645944 0.477263 0.221887 0.111333
0 0.760256 0.561437 0.030513 0.059962
0 0.780769 0.649075 0.041537 0.039934
1 0.283125 0.457746 0.226250 0.068545
0 0.131250 0.277934 0.027500 0.024413
0 0.160000 0.281690 0.020000 0.016901
0 0.223125 0.253521 0.018750 0.013146
0 0.166281 0.226291 0.027563 0.015023
0 0.096019 0.326296 0.024538 0.023484
0 0.654575 0.200469 0.024150 0.023474
0 0.434375 0.307981 0.026250 0.024413
0 0.648750 0.308920 0.012500 0.011268
0 0.629375 0.304225 0.013750 0.009390
0 0.521250 0.233803 0.025000 0.024413
0 0.751156 0.235930 0.032313 0.021155
0 0.730738 0.228634 0.011475 0.008441
0 0.068750 0.584038 0.032500 0.024413
0 0.182500 0.601408 0.030000 0.021596
0 0.173125 0.413146 0.031250 0.024413
0 0.165000 0.652934 0.027500 0.019484
0 0.148750 0.538028 0.030000 0.020657
0 0.145000 0.408920 0.022500 0.015962
0 0.101675 0.358216 0.020850 0.019718
0 0.198087 0.443362 0.023675 0.013484
0 0.298125 0.342254 0.018750 0.017840
0 0.447500 0.628638 0.027500 0.021596
0 0.412500 0.462441 0.030000 0.015962
0 0.428125 0.403756 0.021250 0.013146
0 0.352500 0.577934 0.017500 0.010329
0 0.373750 0.583568 0.010000 0.006573
0 0.359375 0.505164 0.021250 0.009390
0 0.630625 0.384977 0.011250 0.018779
0 0.342500 0.500000 0.015000 0.010329
0 0.780850 0.620812 0.029200 0.026601
0 0.193125 0.671244 0.028750 0.020423
1 0.154331 0.544516 0.078662 0.058047
1 0.211456 0.535906 0.060413 0.038948
1 0.283450 0.552141 0.234400 0.073296
1 0.446137 0.530451 0.229775 0.073108
0 0.356700 0.481493 0.060900 0.014629
1 0.671713 0.386695 0.098425 0.052263
1 0.671588 0.351714 0.098175 0.046150
0 0.754231 0.432437 0.008462 0.010413
0 0.741413 0.442728 0.012825 0.006582
0 0.767081 0.545822 0.006663 0.008075
0 0.759944 0.220141 0.009888 0.006479
