1 0.626875 0.793346 0.198750 0.135895
0 0.772500 0.346767 0.030000 0.018744
0 0.778750 0.560918 0.055000 0.055295
0 0.527500 0.625586 0.040000 0.064667
0 0.758125 0.464386 0.061250 0.047798
0 0.825625 0.403468 0.028750 0.021556
0 0.909375 0.747891 0.043750 0.029991
0 0.976875 0.710872 0.036250 0.029053
0 0.348125 0.149485 0.088750 0.083411
0 0.949375 0.399719 0.083750 0.064667
0 0.770625 0.385192 0.028750 0.022493
0 0.885625 0.173852 0.028750 0.015933
0 0.863750 0.674321 0.040000 0.027179
0 0.758750 0.615276 0.032500 0.045923
0 0.401875 0.443768 0.091250 0.087160
0 0.568750 0.210872 0.072500 0.052484
0 0.820000 0.599344 0.037500 0.023430
0 0.696250 0.432521 0.035000 0.030928
0 0.881875 0.428304 0.018750 0.016870
0 0.868750 0.595127 0.025000 0.022493
0 0.345625 0.275070 0.038750 0.032802
0 0.722500 0.556701 0.032500 0.020619
0 0.993125 0.628866 0.013750 0.028116
0 0.758750 0.120431 0.027500 0.019681
0 0.890625 0.201031 0.026250 0.021556
0 0.664375 0.288191 0.026250 0.023430
0 0.406875 0.636364 0.053750 0.050609
0 0.742500 0.529053 0.017500 0.014058
0 0.670000 0.174789 0.047500 0.027179
0 0.725625 0.265698 0.046250 0.032802
0 0.638750 0.229616 0.047500 0.050609
0 0.608125 0.310684 0.013750 0.012184
0 0.721250 0.114808 0.015000 0.012184
0 0.707500 0.115276 0.015000 0.011246
0 0.373125 0.346298 0.011250 0.014058
0 0.366875 0.324274 0.011250 0.011246
0 0.382500 0.323336 0.010000 0.009372
0 0.325000 0.474695 0.040000 0.034677
0 0.351250 0.491097 0.015000 0.014995
0 0.420625 0.485005 0.011250 0.010309
0 0.433125 0.485473 0.013750 0.013121
0 0.268750 0.451734 0.040000 0.035614
0 0.291875 0.434864 0.076250 0.054358
0 0.070625 0.488754 0.008750 0.017807
0 0.095000 0.597938 0.017500 0.014995
0 0.092500 0.605904 0.015000 0.021556
1 0.360000 0.809278 0.072500 0.096532
0 0.098125 0.815370 0.021250 0.033739
0 0.110625 0.876289 0.011250 0.016870
0 0.990625 0.811621 0.018750 0.026242
0 0.737500 0.634958 0.015000 0.012184
0 0.838125 0.574039 0.013750 0.012184
0 0.766250 0.503749 0.017500 0.012184
0 0.610625 0.538425 0.013750 0.012184
0 0.778125 0.429709 0.013750 0.014058
0 0.263125 0.120900 0.041250 0.033739
0 0.722500 0.433458 0.032500 0.025305
