0 0.703750 0.584817 0.085000 0.061856
0 0.825625 0.623711 0.071250 0.059044
0 0.729375 0.537488 0.078750 0.057170
0 0.276875 0.533271 0.083750 0.048735
0 0.736875 0.650890 0.031250 0.025305
0 0.463125 0.465792 0.078750 0.035614
0 0.708750 0.322399 0.052500 0.033739
0 0.872500 0.095595 0.027500 0.016870
0 0.586250 0.473758 0.065000 0.053421
0 0.187500 0.643861 0.017500 0.013121
0 0.375625 0.416120 0.068750 0.076851
0 0.610000 0.236645 0.067500 0.049672
0 0.567500 0.199625 0.045000 0.033739
0 0.568125 0.438613 0.083750 0.048735
0 0.846875 0.781162 0.028750 0.017807
0 0.776875 0.458294 0.046250 0.039363
0 0.040000 0.345829 0.047500 0.028116
0 0.850625 0.470947 0.106250 0.059044
0 0.196875 0.359888 0.161250 0.108716
0 0.298125 0.435333 0.131250 0.130272
0 0.143750 0.741799 0.040000 0.032802
0 0.908750 0.413777 0.140000 0.081537
0 0.900000 0.355670 0.132500 0.087160
0 0.293750 0.438613 0.017500 0.014995
0 0.266875 0.482193 0.081250 0.081537
0 0.050000 0.503749 0.100000 0.053421
0 0.011875 0.525305 0.023750 0.019681
0 0.110625 0.621368 0.048750 0.046860
0 0.093750 0.641987 0.067500 0.031865
0 0.212500 0.655108 0.022500 0.013121
0 0.366250 0.659794 0.015000 0.013121
0 0.355000 0.702437 0.015000 0.012184
0 0.106875 0.910965 0.038750 0.035614
0 0.677500 0.672446 0.040000 0.034677
0 0.676875 0.759138 0.018750 0.013121
0 0.410000 0.239456 0.017500 0.014058
