1 0.417013 0.864789 0.126525 0.129577
0 0.343750 0.340376 0.070000 0.106103
0 0.826875 0.742723 0.083750 0.090141
0 0.573750 0.320188 0.060000 0.046948
0 0.838125 0.334272 0.071250 0.050704
0 0.628513 0.835864 0.104525 0.052948
0 0.230000 0.658685 0.077500 0.049765
0 0.213750 0.810329 0.042500 0.037559
0 0.174563 0.593897 0.054125 0.040376
0 0.760606 0.561146 0.073713 0.046235
0 0.241250 0.276995 0.035000 0.028169
0 0.189375 0.438028 0.091250 0.034742
0 0.254788 0.509221 0.047075 0.038160
0 0.896250 0.248723 0.050000 0.042986
0 0.214775 0.553197 0.057050 0.037850
0 0.918750 0.413615 0.065000 0.040376
0 0.349375 0.698122 0.038750 0.034742
0 0.842044 0.438967 0.049088 0.030986
0 0.872500 0.546009 0.060000 0.042254
0 0.980625 0.240376 0.038750 0.033803
0 0.718750 0.207042 0.047500 0.032864
0 0.872500 0.470892 0.047500 0.029108
0 0.293944 0.764789 0.052888 0.038498
0 0.462500 0.416432 0.037500 0.030986
0 0.954375 0.437559 0.063750 0.037559
0 0.675625 0.723944 0.026250 0.043192
1 0.868150 0.757192 0.143800 0.216732
0 0.369375 0.480751 0.093750 0.075117
0 0.035937 0.523047 0.049375 0.030131
0 0.487450 0.745610 0.072400 0.047089
0 0.295625 0.218779 0.018750 0.013146
0 0.456975 0.322859 0.018950 0.018488
0 0.664044 0.205878 0.035588 0.015512
0 0.774375 0.199061 0.031250 0.020657
0 0.762500 0.155869 0.052500 0.016901
0 0.016250 0.654587 0.032500 0.028423
0 0.543125 0.560094 0.018750 0.010329
0 0.262500 0.861972 0.022500 0.018779
0 0.006875 0.794366 0.013750 0.037559
0 0.004375 0.737089 0.008750 0.011268
0 0.830000 0.890141 0.022500 0.016901
0 0.771875 0.899531 0.023750 0.016901
0 0.872025 0.804455 0.024050 0.016423
0 0.886875 0.741315 0.013750 0.012207
0 0.913563 0.695305 0.019625 0.042254
0 0.493425 0.309310 0.019350 0.015803
0 0.477750 0.534465 0.020500 0.006019
0 0.560194 0.558704 0.010388 0.007549
0 0.550538 0.631878 0.013575 0.009296
0 0.476600 0.626714 0.018200 0.006479
0 0.535969 0.778601 0.014438 0.011662
0 0.892731 0.800531 0.010462 0.017962
0 0.713706 0.415531 0.014913 0.016038
0 0.702619 0.434033 0.015237 0.009850
0 0.669581 0.443146 0.024162 0.013052
0 0.689981 0.453202 0.017463 0.008751
0 0.664506 0.451582 0.016512 0.011146
1 0.647550 0.428972 0.157600 0.072967
0 0.715144 0.161094 0.017788 0.034864
1 0.498531 0.281629 0.122063 0.260911
0 0.317213 0.542793 0.009425 0.007653
1 0.285350 0.591451 0.230700 0.161305
0 0.048369 0.574601 0.026738 0.007418
0 0.044463 0.571286 0.048925 0.027080
0 0.012681 0.597042 0.025362 0.035399
0 0.013675 0.541371 0.027350 0.025465
0 0.004000 0.480347 0.008000 0.017972
