0 0.595000 0.430391 0.085000 0.036137
1 0.405625 0.341232 0.283750 0.138626
0 0.571875 0.397808 0.061250 0.032583
1 0.590000 0.205569 0.150000 0.084123
1 0.533413 0.255003 0.154325 0.082281
1 0.433400 0.586659 0.156800 0.078531
1 0.684881 0.668735 0.159763 0.062589
1 0.635756 0.676235 0.321512 0.100101
1 0.564450 0.752977 0.331400 0.106665
1 0.984762 0.640178 0.029525 0.019692
0 0.884856 0.351466 0.042213 0.016914
0 0.982606 0.268605 0.035213 0.015883
0 0.728113 0.259023 0.038725 0.015675
0 0.606581 0.209671 0.020663 0.003466
0 0.581538 0.206709 0.015575 0.003466
0 0.125944 0.161443 0.041887 0.014828
0 0.013356 0.374425 0.021713 0.015438
0 0.375750 0.324597 0.061500 0.035450
