0 0.600000 0.432168 0.087500 0.037322
1 0.418125 0.340047 0.293750 0.143365
0 0.579375 0.398993 0.063750 0.033768
1 0.611875 0.207346 0.156250 0.086493
1 0.551250 0.255628 0.160000 0.084716
1 0.427500 0.585604 0.162500 0.081161
1 0.672500 0.671801 0.165000 0.065166
1 0.623125 0.678318 0.328750 0.105450
1 0.546875 0.753851 0.338750 0.111967
1 0.974375 0.648104 0.031250 0.020142
0 0.895625 0.357820 0.043750 0.017773
0 0.990625 0.276066 0.018750 0.016588
0 0.746250 0.263329 0.040000 0.015995
0 0.628125 0.211789 0.021250 0.004147
0 0.602500 0.208531 0.015000 0.003555
0 0.150625 0.155806 0.043750 0.015403
0 0.022500 0.366410 0.022500 0.015995
0 0.388125 0.322275 0.063750 0.036730
