0 0.618750 0.439573 0.097500 0.042654
1 0.465000 0.335900 0.330000 0.159953
0 0.608750 0.404917 0.072500 0.037322
1 0.695625 0.217713 0.178750 0.095379
1 0.623125 0.261848 0.181250 0.093602
1 0.402500 0.579680 0.182500 0.090640
1 0.621250 0.681576 0.180000 0.075237
1 0.568750 0.685130 0.352500 0.125000
1 0.471250 0.754443 0.365000 0.132109
1 0.926875 0.678021 0.036250 0.021919
0 0.934375 0.385664 0.048750 0.020142
0 0.813125 0.281694 0.043750 0.018365
0 0.712500 0.223045 0.022500 0.005332
0 0.688125 0.218602 0.016250 0.004739
0 0.256250 0.135960 0.047500 0.018365
0 0.065625 0.336197 0.026250 0.017180
0 0.441875 0.316943 0.073750 0.040284
