0 0.130000 0.223629 0.145000 0.111111
0 0.798750 0.367089 0.130000 0.075949
0 0.855000 0.426864 0.127500 0.071730
0 0.738125 0.341470 0.143750 0.097848
1 0.448619 0.508112 0.232237 0.137180
0 0.286875 0.091421 0.143750 0.127989
0 0.250000 0.543952 0.107500 0.076653
1 0.835625 0.632911 0.328750 0.087201
0 0.213750 0.600914 0.167500 0.041491
0 0.318750 0.851617 0.060000 0.037975
0 0.417500 0.714135 0.060000 0.047117
0 0.437500 0.186357 0.055000 0.032349
0 0.551250 0.270394 0.052500 0.031646
0 0.962500 0.809423 0.072500 0.030942
1 0.157519 0.389223 0.245037 0.162412
0 0.243125 0.080520 0.056250 0.037271
1 0.285144 0.393460 0.155287 0.201828
0 0.930000 0.023558 0.052500 0.011955
0 0.939375 0.032349 0.031250 0.009845
0 0.291250 0.598101 0.030000 0.017581
0 0.332044 0.468003 0.029087 0.017581
0 0.610625 0.419480 0.038750 0.018987
0 0.596250 0.401195 0.037500 0.016174
0 0.539375 0.606188 0.026250 0.012658
0 0.555000 0.612166 0.017500 0.014768
0 0.981875 0.448664 0.031250 0.014065
0 0.994375 0.601748 0.011250 0.009402
0 0.181250 0.777075 0.027500 0.015471
0 0.275000 0.832630 0.027500 0.015471
0 0.459375 0.743319 0.026250 0.015471
0 0.595625 0.683896 0.028750 0.016174
0 0.994844 0.288984 0.009687 0.029444
0 0.188644 0.706733 0.017288 0.008404
