0 0.081875 0.369076 0.043750 0.024882
0 0.539375 0.280509 0.031250 0.014810
1 0.520000 0.651955 0.297500 0.135664
0 0.354375 0.498223 0.033750 0.013033
1 0.131250 0.734597 0.092500 0.043839
0 0.454375 0.423643 0.063750 0.033306
1 0.379744 0.399091 0.039488 0.025669
0 0.491812 0.207346 0.091125 0.024882
0 0.388656 0.241946 0.027313 0.007589
0 0.245419 0.249846 0.045838 0.039976
0 0.301737 0.270065 0.038475 0.012879
1 0.276831 0.574185 0.068663 0.027518
0 0.055000 0.269550 0.047500 0.022512
1 0.259425 0.661872 0.076350 0.031090
1 0.126250 0.516291 0.065000 0.017180
0 0.736875 0.289988 0.068750 0.034953
0 0.522569 0.449336 0.052637 0.023081
1 0.800625 0.628851 0.103750 0.047986
1 0.570600 0.578842 0.053700 0.024982
1 0.722081 0.518217 0.054162 0.021031
1 0.687406 0.490972 0.052313 0.015118
1 0.928956 0.540634 0.077912 0.023211
0 0.822894 0.480110 0.008287 0.005243
0 0.797019 0.468637 0.011538 0.004810
0 0.882025 0.361641 0.036550 0.013566
0 0.585906 0.411854 0.014312 0.004988
0 0.610169 0.235284 0.007837 0.006114
0 0.778812 0.243839 0.010125 0.005450
0 0.897531 0.212796 0.042562 0.014455
0 0.966450 0.277944 0.012900 0.014419
0 0.953631 0.276037 0.014763 0.011789
0 0.556238 0.182479 0.024975 0.008323
0 0.374762 0.206327 0.037025 0.013365
1 0.687312 0.728945 0.054625 0.037275
1 0.776519 0.661475 0.055537 0.026742
1 0.147000 0.539899 0.249000 0.134301
1 0.014650 0.408315 0.029300 0.116392
