0 0.291875 0.716528 0.058750 0.024289
0 0.035625 0.516291 0.036250 0.017180
1 0.814375 0.467121 0.328750 0.160545
0 0.520000 0.568720 0.032500 0.017773
0 0.348125 0.533472 0.078750 0.034953
1 0.308125 0.572275 0.058750 0.022512
0 0.053125 0.628555 0.033750 0.020142
1 0.690000 0.593009 0.067500 0.036730
0 0.094375 0.744076 0.043750 0.024882
1 0.875625 0.587678 0.076250 0.040284
1 0.593125 0.672393 0.046250 0.033175
0 0.033125 0.422393 0.066250 0.037915
0 0.390625 0.497038 0.056250 0.028436
1 0.721875 0.339751 0.116250 0.056280
1 0.653750 0.455273 0.060000 0.029028
1 0.503750 0.393365 0.052500 0.028436
1 0.451250 0.414100 0.040000 0.027251
1 0.518750 0.292950 0.060000 0.039692
0 0.408750 0.351896 0.012500 0.004739
0 0.388125 0.366114 0.011250 0.005924
0 0.151875 0.343009 0.033750 0.018957
0 0.303750 0.473934 0.012500 0.007109
1 0.936875 0.377370 0.063750 0.029621
1 0.793125 0.345379 0.063750 0.029621
1 0.639375 0.658768 0.318750 0.137441
1 0.385625 0.742002 0.246250 0.031398
