0 0.753750 0.857545 0.090000 0.071228
0 0.144375 0.253046 0.128750 0.093721
0 0.260625 0.808341 0.096250 0.083411
0 0.046250 0.721181 0.092500 0.075914
0 0.478750 0.238988 0.030000 0.024367
1 0.550000 0.548735 0.180000 0.135895
0 0.794375 0.800843 0.048750 0.036551
0 0.048750 0.495314 0.037500 0.027179
0 0.586250 0.370197 0.057500 0.041237
0 0.733125 0.217901 0.041250 0.032802
0 0.868750 0.346298 0.035000 0.029053
0 0.028750 0.419869 0.037500 0.029991
0 0.541875 0.196813 0.051250 0.037488
0 0.351875 0.423618 0.023750 0.016870
1 0.420625 0.663543 0.183750 0.136832
0 0.678750 0.634021 0.035000 0.034677
0 0.158750 0.510778 0.035000 0.022493
0 0.715000 0.408622 0.035000 0.028116
0 0.863125 0.261949 0.041250 0.030928
0 0.768125 0.500937 0.041250 0.053421
1 0.656250 0.159325 0.112500 0.052484
0 0.011875 0.597001 0.023750 0.016870
0 0.669375 0.272259 0.108750 0.023430
0 0.595625 0.231959 0.141250 0.029053
0 0.373750 0.502812 0.025000 0.029053
0 0.293750 0.627929 0.032500 0.022493
0 0.863750 0.176195 0.042500 0.035614
0 0.710000 0.460169 0.017500 0.016870
0 0.824375 0.576382 0.033750 0.024367
0 0.623750 0.760544 0.022500 0.014058
0 0.603750 0.762887 0.017500 0.016870
0 0.310625 0.841143 0.086250 0.044049
0 0.420000 0.611059 0.017500 0.014995
0 0.460625 0.514058 0.026250 0.025305
0 0.563125 0.470009 0.028750 0.029053
0 0.621250 0.556232 0.007500 0.008435
0 0.388750 0.404405 0.020000 0.014058
0 0.258125 0.437676 0.016250 0.011246
0 0.317500 0.556701 0.012500 0.016870
0 0.025000 0.810684 0.017500 0.011246
0 0.171875 0.335989 0.016250 0.012184
0 0.642500 0.140112 0.017500 0.008435
1 0.398750 0.115276 0.027500 0.011246
