0 0.632500 0.310684 0.085000 0.085286
0 0.853750 0.690253 0.140000 0.074039
1 0.333475 0.141415 0.134450 0.102887
0 0.891875 0.613871 0.066250 0.046860
1 0.507850 0.327830 0.168200 0.123327
1 0.558750 0.639175 0.187500 0.138707
0 0.588750 0.440019 0.080000 0.090909
1 0.112500 0.804213 0.225000 0.232605
1 0.423750 0.265698 0.140000 0.105904
0 0.426875 0.675258 0.116250 0.100281
0 0.679375 0.171509 0.083750 0.065604
1 0.537500 0.788191 0.107500 0.153702
1 0.595625 0.714620 0.131250 0.128397
0 0.573750 0.203843 0.070000 0.038425
0 0.443125 0.825679 0.083750 0.069353
1 0.341250 0.329897 0.167500 0.104967
0 0.968125 0.822868 0.061250 0.037488
0 0.642500 0.149016 0.072500 0.065604
1 0.600625 0.544049 0.101250 0.107779
0 0.376875 0.111528 0.083750 0.063730
0 0.706250 0.551546 0.042500 0.057170
0 0.080625 0.131678 0.036250 0.032802
0 0.766875 0.290534 0.041250 0.035614
0 0.672500 0.586692 0.042500 0.050609
0 0.196875 0.154639 0.036250 0.033739
0 0.423750 0.397844 0.062500 0.032802
0 0.235000 0.247891 0.035000 0.030928
0 0.976875 0.583411 0.046250 0.066542
0 0.478750 0.524367 0.047500 0.051546
0 0.392500 0.376757 0.065000 0.029991
1 0.489375 0.442362 0.123750 0.101218
1 0.439375 0.374414 0.163750 0.105904
1 0.335000 0.551546 0.155000 0.085286
0 0.053750 0.462043 0.020000 0.011246
0 0.861875 0.320525 0.021250 0.014995
0 0.743125 0.840675 0.023750 0.018744
0 0.496250 0.723055 0.025000 0.017807
0 0.741250 0.913308 0.012500 0.010309
1 0.501031 0.530989 0.107063 0.085408
1 0.289288 0.487010 0.151075 0.081799
0 0.987831 0.716926 0.023163 0.033664
