0 0.770625 0.568416 0.126250 0.075914
0 0.305000 0.792409 0.120000 0.115276
1 0.923125 0.323336 0.111250 0.110590
0 0.411250 0.807873 0.072500 0.056232
1 0.729375 0.478913 0.188750 0.144330
1 0.326250 0.565604 0.212500 0.160262
0 0.593750 0.556701 0.132500 0.073102
1 0.104375 0.256326 0.208750 0.195876
1 0.796875 0.406748 0.161250 0.119963
0 0.257500 0.473758 0.150000 0.102156
0 0.955000 0.581537 0.090000 0.072165
1 0.126875 0.573102 0.218750 0.104030
1 0.232500 0.604967 0.190000 0.117151
0 0.901875 0.508903 0.061250 0.058107
0 0.062500 0.508903 0.105000 0.073102
1 0.700000 0.356139 0.165000 0.140581
0 0.148125 0.897376 0.058750 0.051546
0 0.967500 0.550609 0.065000 0.062793
1 0.457500 0.582006 0.157500 0.091846
0 0.962500 0.350984 0.037500 0.064667
0 0.465000 0.661200 0.082500 0.040300
0 0.913125 0.132615 0.036250 0.030928
0 0.818125 0.664948 0.053750 0.036551
0 0.413125 0.641987 0.073750 0.039363
0 0.907500 0.222118 0.050000 0.031865
0 0.622500 0.427835 0.052500 0.051546
0 0.790625 0.264761 0.046250 0.030928
0 0.465000 0.865979 0.095000 0.044986
0 0.465000 0.488285 0.075000 0.043112
0 0.646250 0.401125 0.050000 0.052484
1 0.575000 0.483130 0.152500 0.107779
1 0.656250 0.435333 0.165000 0.137769
1 0.406875 0.385661 0.136250 0.128397
0 0.480000 0.164011 0.017500 0.016870
0 0.793750 0.739925 0.022500 0.017807
0 0.089375 0.733833 0.028750 0.020619
0 0.206250 0.532802 0.027500 0.021556
1 0.459375 0.505623 0.128750 0.092784
1 0.484375 0.341612 0.131250 0.124649
0 0.290625 0.895970 0.048750 0.022493
0 0.770625 0.568416 0.126250 0.075914
0 0.305000 0.792409 0.120000 0.115276
1 0.923125 0.323336 0.111250 0.110590
0 0.411250 0.807873 0.072500 0.056232
1 0.729375 0.478913 0.188750 0.144330
1 0.326250 0.565604 0.212500 0.160262
0 0.593750 0.556701 0.132500 0.073102
1 0.104375 0.256326 0.208750 0.195876
1 0.796875 0.406748 0.161250 0.119963
0 0.257500 0.473758 0.150000 0.102156
0 0.955000 0.581537 0.090000 0.072165
1 0.126875 0.573102 0.218750 0.104030
1 0.232500 0.604967 0.190000 0.117151
0 0.901875 0.508903 0.061250 0.058107
0 0.062500 0.508903 0.105000 0.073102
1 0.700000 0.356139 0.165000 0.140581
0 0.148125 0.897376 0.058750 0.051546
0 0.967500 0.550609 0.065000 0.062793
1 0.457500 0.582006 0.157500 0.091846
0 0.962500 0.350984 0.037500 0.064667
0 0.465000 0.661200 0.082500 0.040300
0 0.913125 0.132615 0.036250 0.030928
0 0.818125 0.664948 0.053750 0.036551
0 0.413125 0.641987 0.073750 0.039363
0 0.907500 0.222118 0.050000 0.031865
0 0.622500 0.427835 0.052500 0.051546
0 0.790625 0.264761 0.046250 0.030928
0 0.465000 0.865979 0.095000 0.044986
0 0.465000 0.488285 0.075000 0.043112
0 0.646250 0.401125 0.050000 0.052484
1 0.575000 0.483130 0.152500 0.107779
1 0.656250 0.435333 0.165000 0.137769
1 0.406875 0.385661 0.136250 0.128397
0 0.480000 0.164011 0.017500 0.016870
0 0.793750 0.739925 0.022500 0.017807
0 0.089375 0.733833 0.028750 0.020619
0 0.206250 0.532802 0.027500 0.021556
1 0.459375 0.505623 0.128750 0.092784
1 0.484375 0.341612 0.131250 0.124649
0 0.290625 0.895970 0.048750 0.022493
