0 0.080625 0.539363 0.063750 0.064667
0 0.479375 0.694939 0.146250 0.102156
1 0.448750 0.630740 0.280000 0.292409
0 0.595625 0.399250 0.073750 0.089972
0 0.131250 0.867385 0.075000 0.068416
0 0.466875 0.500000 0.111250 0.066542
0 0.463750 0.447048 0.087500 0.050609
0 0.470625 0.232427 0.131250 0.065604
0 0.868125 0.604967 0.053750 0.045923
0 0.425000 0.202905 0.067500 0.055295
0 0.440000 0.384255 0.060000 0.043112
0 0.200000 0.441425 0.047500 0.061856
0 0.768125 0.227273 0.071250 0.062793
0 0.525625 0.787723 0.031250 0.036551
0 0.320000 0.341143 0.052500 0.041237
0 0.350000 0.311153 0.052500 0.041237
0 0.088125 0.403468 0.043750 0.049672
0 0.784375 0.582474 0.041250 0.032802
0 0.845625 0.270853 0.071250 0.061856
0 0.693125 0.425492 0.041250 0.029991
0 0.068750 0.288660 0.052500 0.046860
0 0.516250 0.202437 0.077500 0.035614
1 0.401250 0.828491 0.232500 0.121837
0 0.253750 0.153233 0.045000 0.029053
0 0.563125 0.821462 0.048750 0.075914
0 0.609375 0.849110 0.038750 0.043112
0 0.473750 0.188379 0.095000 0.035614
0 0.720000 0.314902 0.025000 0.018744
0 0.860625 0.536082 0.031250 0.028116
0 0.800000 0.438144 0.022500 0.025305
0 0.838125 0.386129 0.013750 0.018744
0 0.861250 0.791471 0.015000 0.017807
0 0.646875 0.292877 0.028750 0.017807
0 0.621875 0.330834 0.018750 0.016870
0 0.668750 0.124180 0.022500 0.017807
0 0.473125 0.325679 0.018750 0.019681
0 0.321250 0.247423 0.015000 0.013121
0 0.616250 0.518744 0.035000 0.027179
0 0.315625 0.459231 0.033750 0.028116
0 0.550000 0.445173 0.040000 0.026242
0 0.485000 0.416589 0.012500 0.014058
0 0.213750 0.282099 0.015000 0.011246
0 0.180000 0.336926 0.015000 0.014058
0 0.021250 0.609653 0.022500 0.017807
0 0.165000 0.787723 0.030000 0.019681
0 0.315625 0.832240 0.013750 0.009372
0 0.234375 0.875820 0.013750 0.010309
0 0.793125 0.665417 0.016250 0.007498
0 0.750000 0.775070 0.017500 0.003749
0 0.746250 0.782099 0.010000 0.006560
0 0.480625 0.624180 0.011250 0.009372
0 0.465000 0.196345 0.015000 0.006560
0 0.406875 0.189784 0.013750 0.012184
0 0.140000 0.717432 0.012500 0.012184
0 0.093750 0.898782 0.025000 0.011246
