0 0.515625 0.817245 0.081250 0.043112
0 0.756250 0.532802 0.125000 0.102156
1 0.668656 0.549461 0.369813 0.186082
0 0.373750 0.420337 0.115000 0.047798
0 0.955625 0.807873 0.086250 0.050609
0 0.496250 0.524836 0.080000 0.078725
0 0.426250 0.522962 0.060000 0.061856
0 0.141500 0.498636 0.078000 0.093805
0 0.671250 0.234770 0.057500 0.036551
0 0.098375 0.530745 0.069250 0.045558
0 0.340000 0.534677 0.052500 0.042174
0 0.395625 0.719306 0.078750 0.030928
0 0.160625 0.276476 0.078750 0.048735
0 0.884375 0.506092 0.046250 0.020619
0 0.236875 0.868322 0.043750 0.021556
0 0.273125 0.620900 0.051250 0.036551
0 0.235625 0.595595 0.051250 0.036551
0 0.335000 0.798969 0.062500 0.029053
0 0.634375 0.295220 0.041250 0.028116
0 0.225000 0.222118 0.077500 0.048735
0 0.418125 0.349110 0.036250 0.029053
0 0.180625 0.804124 0.058750 0.035614
0 0.106756 0.462512 0.041013 0.055295
1 0.927819 0.603079 0.143138 0.165858
0 0.017500 0.654171 0.035000 0.031865
0 0.932075 0.481500 0.099150 0.029541
0 0.972375 0.448322 0.054750 0.025042
0 0.083750 0.493355 0.040000 0.068247
0 0.272500 0.320056 0.022500 0.017807
0 0.578750 0.233833 0.035000 0.021556
0 0.443750 0.270858 0.032500 0.015005
0 0.378125 0.237582 0.023750 0.008435
0 0.918750 0.255858 0.022500 0.009372
0 0.236875 0.372301 0.021250 0.021078
0 0.285625 0.394564 0.021250 0.013121
0 0.015000 0.341143 0.022500 0.014995
0 0.266250 0.504686 0.025000 0.012184
0 0.148125 0.611528 0.016250 0.010309
0 0.534375 0.415183 0.033750 0.024367
0 0.430000 0.634021 0.035000 0.023430
0 0.430625 0.458294 0.031250 0.028116
0 0.387500 0.503749 0.017500 0.008435
0 0.185625 0.694939 0.013750 0.010309
0 0.255000 0.724930 0.017500 0.010309
0 0.603750 0.868322 0.022500 0.017807
0 0.691875 0.890815 0.031250 0.023430
0 0.853125 0.775070 0.023750 0.020619
0 0.925756 0.667095 0.011513 0.008978
0 0.976250 0.731022 0.012500 0.009372
0 0.744106 0.296200 0.008213 0.011331
0 0.886944 0.337179 0.003887 0.012690
0 0.895950 0.340965 0.006900 0.007142
0 0.662025 0.525539 0.011550 0.007029
0 0.093725 0.500548 0.007450 0.011406
0 0.078700 0.543604 0.014900 0.009419
0 0.757262 0.787943 0.014525 0.008875
0 0.993506 0.839410 0.012012 0.018088
