0 0.298125 0.527179 0.103750 0.059044
0 0.423125 0.554358 0.088750 0.047798
0 0.555000 0.591846 0.085000 0.044049
0 0.690625 0.629803 0.061250 0.039363
0 0.418750 0.420337 0.140000 0.066542
0 0.776875 0.262418 0.051250 0.044986
0 0.770000 0.775539 0.065000 0.029053
0 0.755000 0.712277 0.052500 0.043112
0 0.568750 0.782099 0.065000 0.038425
0 0.293125 0.708529 0.023750 0.018744
0 0.266875 0.787254 0.046250 0.046860
0 0.873750 0.771321 0.035000 0.031865
0 0.756250 0.674789 0.047500 0.029991
0 0.569375 0.734302 0.021250 0.015933
0 0.943750 0.836457 0.070000 0.017807
0 0.475625 0.774133 0.071250 0.029991
0 0.795625 0.706186 0.038750 0.023430
0 0.643125 0.160262 0.031250 0.018744
0 0.556875 0.244142 0.016250 0.012184
0 0.463125 0.218838 0.016250 0.014058
0 0.658125 0.431584 0.028750 0.015933
0 0.321875 0.193533 0.013750 0.010309
0 0.248125 0.298032 0.046250 0.026242
0 0.294375 0.395501 0.141250 0.069353
0 0.221875 0.438613 0.016250 0.011246
0 0.091875 0.530928 0.021250 0.014058
0 0.007500 0.449859 0.015000 0.011246
0 0.402500 0.693065 0.057500 0.032802
0 0.407500 0.715558 0.060000 0.036551
0 0.336250 0.874414 0.067500 0.035614
0 0.123125 0.877226 0.046250 0.044986
0 0.773125 0.566073 0.013750 0.013121
