0 0.560000 0.106842 0.057500 0.058107
0 0.320625 0.423149 0.073750 0.051546
0 0.061250 0.243205 0.055000 0.045923
0 0.328750 0.477038 0.062500 0.052484
0 0.597500 0.638707 0.060000 0.044049
0 0.706875 0.795689 0.043750 0.043112
0 0.306250 0.283974 0.032500 0.033739
0 0.125444 0.135895 0.043388 0.039363
0 0.733125 0.243674 0.033750 0.041237
0 0.027500 0.591795 0.055000 0.075811
0 0.653750 0.648547 0.057500 0.037488
0 0.633125 0.355201 0.056250 0.024367
0 0.595625 0.532334 0.038750 0.041237
0 0.636875 0.328022 0.061250 0.033739
0 0.524375 0.645267 0.048750 0.032802
0 0.590625 0.140112 0.033750 0.036551
0 0.376250 0.468135 0.035000 0.032802
0 0.009194 0.629447 0.018388 0.051771
0 0.253750 0.160262 0.027500 0.020619
0 0.008750 0.197751 0.017500 0.037488
0 0.044375 0.269447 0.031250 0.019681
0 0.013750 0.285848 0.027500 0.018744
0 0.010000 0.264292 0.020000 0.041237
0 0.146250 0.209466 0.022500 0.014058
0 0.619375 0.141050 0.013750 0.017807
0 0.301250 0.508435 0.027500 0.015933
0 0.185000 0.598407 0.012500 0.010309
0 0.611250 0.372540 0.030000 0.021556
0 0.619375 0.382849 0.018750 0.014058
0 0.570000 0.467198 0.020000 0.014058
0 0.936675 0.652315 0.015850 0.041275
0 0.070625 0.812090 0.026250 0.012184
0 0.791250 0.683693 0.012500 0.014058
0 0.725625 0.944705 0.018750 0.011246
0 0.992500 0.875351 0.012500 0.011246
0 0.142363 0.217619 0.027225 0.011621
0 0.130450 0.223191 0.060900 0.017142
0 0.131419 0.238500 0.055338 0.017769
0 0.491156 0.644021 0.017312 0.011565
0 0.588306 0.767868 0.016612 0.015586
0 0.591656 0.862165 0.010813 0.012990
