0 0.289375 0.649765 0.143750 0.093897
0 0.034375 0.807981 0.068750 0.098592
0 0.242500 0.427700 0.107500 0.081690
0 0.107500 0.613146 0.105000 0.088263
0 0.060000 0.434742 0.112500 0.080751
0 0.485000 0.560094 0.147500 0.149296
0 0.743750 0.231455 0.105000 0.096714
0 0.361875 0.825352 0.183750 0.131455
0 0.405000 0.333803 0.117500 0.059155
0 0.756875 0.969014 0.191250 0.061972
0 0.470000 0.465258 0.217500 0.098592
0 0.546875 0.196244 0.136250 0.052582
0 0.132500 0.243192 0.057500 0.043192
0 0.287500 0.289671 0.050000 0.038498
0 0.456875 0.258685 0.058750 0.025352
0 0.902500 0.890141 0.065000 0.114554
0 0.673750 0.972770 0.100000 0.054460
0 0.281875 0.299061 0.016250 0.010329
0 0.907500 0.744131 0.017500 0.014085
