0 0.327500 0.675587 0.130000 0.081690
0 0.079375 0.869014 0.123750 0.087324
0 0.230000 0.462441 0.095000 0.072300
0 0.139375 0.662441 0.091250 0.079812
0 0.052500 0.492958 0.100000 0.071362
0 0.498125 0.560563 0.123750 0.138967
0 0.678750 0.203756 0.090000 0.088263
0 0.440000 0.838028 0.165000 0.115493
0 0.367500 0.348357 0.110000 0.048826
0 0.867500 0.951174 0.177500 0.090141
0 0.461875 0.469953 0.206250 0.077934
0 0.475625 0.195305 0.131250 0.039437
0 0.079375 0.295305 0.051250 0.038498
0 0.242500 0.320657 0.045000 0.034742
0 0.401250 0.268075 0.055000 0.019718
0 0.981875 0.831455 0.036250 0.111737
0 0.784375 0.958685 0.086250 0.076995
0 0.238750 0.330047 0.015000 0.008451
0 0.957500 0.686854 0.015000 0.012207
0 0.327500 0.675587 0.130000 0.081690
0 0.079375 0.869014 0.123750 0.087324
0 0.230000 0.462441 0.095000 0.072300
0 0.139375 0.662441 0.091250 0.079812
0 0.052500 0.492958 0.100000 0.071362
0 0.498125 0.560563 0.123750 0.138967
0 0.678750 0.203756 0.090000 0.088263
0 0.440000 0.838028 0.165000 0.115493
0 0.367500 0.348357 0.110000 0.048826
0 0.867500 0.951174 0.177500 0.090141
0 0.461875 0.469953 0.206250 0.077934
0 0.475625 0.195305 0.131250 0.039437
0 0.079375 0.295305 0.051250 0.038498
0 0.242500 0.320657 0.045000 0.034742
0 0.401250 0.268075 0.055000 0.019718
0 0.981875 0.831455 0.036250 0.111737
0 0.784375 0.958685 0.086250 0.076995
0 0.238750 0.330047 0.015000 0.008451
0 0.957500 0.686854 0.015000 0.012207
