0 0.132500 0.280225 0.097500 0.065604
0 0.283125 0.159794 0.051250 0.030928
0 0.481875 0.170572 0.048750 0.039363
0 0.434375 0.286785 0.056250 0.035614
0 0.541250 0.688379 0.112500 0.038425
0 0.961875 0.186504 0.061250 0.071228
0 0.380000 0.125586 0.047500 0.039363
0 0.496250 0.864105 0.102500 0.056232
0 0.428750 0.468604 0.047500 0.028116
0 0.172500 0.595595 0.055000 0.047798
0 0.473125 0.321462 0.051250 0.037488
0 0.478125 0.395970 0.046250 0.027179
0 0.566250 0.505155 0.047500 0.028116
0 0.265000 0.253983 0.197500 0.110590
0 0.405625 0.793346 0.038750 0.023430
0 0.220000 0.344892 0.050000 0.029991
0 0.132500 0.428304 0.040000 0.024367
0 0.225000 0.116682 0.052500 0.027179
0 0.428750 0.572634 0.055000 0.022493
0 0.064375 0.411903 0.033750 0.040300
0 0.609387 0.388004 0.071275 0.108716
0 0.780000 0.486879 0.040000 0.029053
0 0.853750 0.147610 0.035000 0.057170
0 0.310000 0.870197 0.042500 0.036551
0 0.286250 0.605904 0.047500 0.029053
0 0.019375 0.746017 0.038750 0.059981
0 0.716875 0.011246 0.033750 0.022493
0 0.451875 0.727741 0.031250 0.023430
0 0.013181 0.025530 0.026363 0.034189
0 0.081975 0.521125 0.048950 0.018819
0 0.379269 0.604700 0.048537 0.022896
0 0.746488 0.827751 0.012975 0.019138
0 0.625244 0.752291 0.017988 0.012549
0 0.649262 0.638271 0.046025 0.015061
0 0.646119 0.619550 0.037237 0.026354
0 0.729000 0.628285 0.020500 0.021331
0 0.969731 0.583632 0.059463 0.031368
0 0.989444 0.559555 0.021388 0.020703
0 0.724437 0.442774 0.131375 0.049560
0 0.897969 0.399770 0.025937 0.025408
0 0.893369 0.386326 0.016738 0.019138
0 0.864025 0.011748 0.033050 0.015998
