0 0.051250 0.542643 0.027500 0.029991
0 0.978125 0.164011 0.043750 0.028116
0 0.057500 0.430178 0.017500 0.013121
0 0.033125 0.434864 0.028750 0.026242
0 0.139375 0.309278 0.031250 0.028116
0 0.083750 0.315839 0.020000 0.020619
0 0.280625 0.253515 0.023750 0.017807
0 0.113750 0.191659 0.032500 0.029053
0 0.348750 0.172915 0.032500 0.030928
0 0.358125 0.299438 0.016250 0.010309
0 0.620625 0.148079 0.016250 0.013121
0 0.706250 0.159794 0.035000 0.032802
0 0.896875 0.196813 0.038750 0.031865
0 0.722500 0.286785 0.060000 0.059981
0 0.889375 0.335052 0.038750 0.030928
0 0.607500 0.445642 0.082500 0.068416
0 0.563750 0.534208 0.017500 0.013121
0 0.555625 0.543580 0.021250 0.011246
0 0.327500 0.567010 0.060000 0.069353
0 0.303125 0.558575 0.021250 0.011246
0 0.306250 0.573102 0.017500 0.014058
0 0.295000 0.568416 0.017500 0.012184
0 0.308125 0.692596 0.086250 0.099344
0 0.240000 0.734770 0.087500 0.103093
1 0.948125 0.564667 0.103750 0.250234
