0 0.817500 0.632615 0.080000 0.067479
0 0.728750 0.582474 0.115000 0.062793
0 0.411250 0.373477 0.105000 0.089035
0 0.518125 0.547798 0.101250 0.085286
0 0.051250 0.373008 0.055000 0.052484
0 0.746875 0.827085 0.111250 0.057170
0 0.351250 0.666354 0.065000 0.044986
0 0.075000 0.156045 0.052500 0.044049
0 0.915000 0.317713 0.065000 0.043112
0 0.955625 0.288191 0.063750 0.040300
0 0.114375 0.215089 0.051250 0.030928
0 0.537500 0.730553 0.040000 0.027179
0 0.525000 0.705717 0.037500 0.028116
0 0.923750 0.498594 0.042500 0.033739
0 0.533125 0.677601 0.043750 0.033739
0 0.558125 0.710403 0.038750 0.031865
0 0.527500 0.640112 0.035000 0.039363
0 0.210000 0.598407 0.040000 0.029053
0 0.898750 0.735708 0.035000 0.026242
0 0.793125 0.743674 0.031250 0.017807
0 0.663750 0.815370 0.027500 0.020619
0 0.957500 0.773664 0.037500 0.012184
0 0.613750 0.756795 0.035000 0.025305
0 0.492500 0.788660 0.032500 0.021556
0 0.782500 0.423618 0.032500 0.024367
0 0.778750 0.401593 0.030000 0.019681
0 0.768125 0.644799 0.016250 0.014995
0 0.970625 0.680881 0.028750 0.014058
0 0.950000 0.494845 0.015000 0.009372
0 0.893750 0.496720 0.022500 0.014995
0 0.380625 0.431115 0.023750 0.018744
0 0.430625 0.474227 0.018750 0.014995
0 0.661250 0.533271 0.015000 0.013121
0 0.331250 0.641518 0.017500 0.014058
0 0.264375 0.574039 0.026250 0.019681
0 0.249375 0.593721 0.033750 0.023430
0 0.006250 0.511246 0.012500 0.017807
0 0.291875 0.516401 0.018750 0.014995
0 0.228125 0.334114 0.013750 0.014058
0 0.213750 0.477038 0.012500 0.009372
0 0.796875 0.223524 0.028750 0.017807
0 0.474375 0.266635 0.013750 0.008435
0 0.318750 0.290534 0.027500 0.020619
0 0.232500 0.162605 0.020000 0.019681
0 0.221875 0.146673 0.013750 0.010309
0 0.058125 0.449391 0.041250 0.027179
0 0.026875 0.467666 0.043750 0.028116
0 0.820000 0.611528 0.040000 0.021556
0 0.685000 0.543112 0.040000 0.030928
0 0.997500 0.419400 0.005000 0.010309
0 0.533750 0.418932 0.022500 0.013121
