0 0.911250 0.477038 0.057500 0.061856
0 0.937500 0.649016 0.072500 0.034677
0 0.191875 0.395033 0.043750 0.038425
0 0.441875 0.589972 0.071250 0.038425
0 0.298750 0.567948 0.080000 0.056232
0 0.135000 0.483130 0.060000 0.040300
0 0.958125 0.333177 0.071250 0.023430
0 0.218125 0.635426 0.076250 0.086223
0 0.864375 0.444236 0.026250 0.031865
0 0.118125 0.458763 0.048750 0.029053
0 0.093125 0.280225 0.046250 0.028116
0 0.751875 0.364574 0.038750 0.022493
0 0.266250 0.533739 0.032500 0.023430
0 0.797500 0.331771 0.025000 0.014995
0 0.688125 0.415651 0.051250 0.019681
0 0.670000 0.795220 0.017500 0.010309
0 0.563125 0.519213 0.026250 0.014995
0 0.906875 0.698219 0.061250 0.020619
0 0.330625 0.695408 0.016250 0.011246
0 0.439375 0.430647 0.021250 0.014058
0 0.410625 0.417994 0.018750 0.014995
0 0.013125 0.357545 0.023750 0.017807
0 0.681875 0.568416 0.026250 0.017807
0 0.065269 0.718861 0.015537 0.009419
0 0.062844 0.614199 0.018188 0.011903
0 0.066025 0.603215 0.014550 0.008679
0 0.183525 0.558421 0.014550 0.007188
0 0.198006 0.549653 0.018513 0.012146
0 0.227387 0.470450 0.007275 0.007441
0 0.246756 0.449906 0.018513 0.018838
0 0.015325 0.424241 0.023150 0.031237
0 0.360175 0.434639 0.017850 0.008922
0 0.348950 0.385970 0.012900 0.024049
0 0.338969 0.388069 0.007938 0.015127
0 0.230231 0.341649 0.025463 0.014133
0 0.420344 0.340961 0.018188 0.014630
0 0.399106 0.270117 0.035713 0.011649
0 0.508481 0.347362 0.086962 0.038679
0 0.638238 0.276284 0.043975 0.031481
0 0.760713 0.284850 0.071425 0.014873
0 0.661869 0.396462 0.011238 0.009419
0 0.785469 0.432807 0.028438 0.014630
0 0.918031 0.409180 0.013562 0.016111
0 0.907969 0.348032 0.028438 0.011903
0 0.986500 0.551776 0.020500 0.012643
0 0.993831 0.564541 0.012663 0.008182
0 0.861363 0.568927 0.055225 0.035698
0 0.824694 0.574255 0.034388 0.016364
0 0.840875 0.595858 0.071750 0.035201
0 0.785694 0.721603 0.013887 0.011153
0 0.854019 0.744592 0.015537 0.012146
0 0.543744 0.527160 0.022487 0.012146
0 0.377225 0.553861 0.046950 0.007441
1 0.587738 0.660136 0.190475 0.060665
1 0.480887 0.584869 0.184275 0.060084
1 0.410881 0.494222 0.151762 0.118716
1 0.697700 0.532769 0.180400 0.111462
1 0.620431 0.434855 0.190862 0.086204
1 0.530175 0.411842 0.142850 0.124527
