0 0.065625 0.613871 0.091250 0.063730
0 0.027500 0.341612 0.055000 0.068416
0 0.821875 0.751172 0.101250 0.100281
0 0.756250 0.798032 0.132500 0.077788
0 0.103750 0.671040 0.052500 0.033739
0 0.168750 0.662137 0.040000 0.032802
0 0.375000 0.802718 0.047500 0.049672
1 0.627500 0.636832 0.182500 0.134021
1 0.873125 0.407685 0.153750 0.164948
0 0.566250 0.748828 0.040000 0.035614
0 0.027500 0.472352 0.055000 0.033739
0 0.451250 0.569822 0.085000 0.043112
0 0.477500 0.759606 0.040000 0.034677
0 0.511875 0.840206 0.068750 0.070291
0 0.640000 0.803187 0.042500 0.037488
0 0.221250 0.778819 0.047500 0.033739
0 0.886250 0.424555 0.087500 0.056232
0 0.329375 0.843486 0.043750 0.033739
0 0.871875 0.504686 0.046250 0.029053
0 0.641250 0.844424 0.052500 0.046860
0 0.607500 0.473758 0.092500 0.047798
0 0.750000 0.588566 0.045000 0.043112
0 0.361250 0.492971 0.065000 0.031865
0 0.229375 0.863168 0.088750 0.024367
0 0.868125 0.860825 0.116250 0.029053
0 0.400625 0.514058 0.056250 0.021556
0 0.665000 0.498126 0.047500 0.027179
0 0.676250 0.860825 0.035000 0.029053
0 0.609375 0.864105 0.068750 0.022493
0 0.365000 0.342081 0.032500 0.016870
0 0.561250 0.819588 0.027500 0.027179
0 0.620625 0.227741 0.018750 0.014995
0 0.797500 0.611059 0.027500 0.020619
0 0.560625 0.298969 0.028750 0.024367
0 0.546250 0.539831 0.025000 0.013121
0 0.676875 0.540769 0.013750 0.011246
0 0.686875 0.728210 0.031250 0.018744
0 0.542500 0.524836 0.020000 0.011246
0 0.284375 0.161668 0.046250 0.072165
0 0.788750 0.631678 0.015000 0.022493
0 0.798125 0.633083 0.013750 0.017807
0 0.770000 0.614808 0.030000 0.039363
0 0.793750 0.589035 0.012500 0.012184
0 0.981250 0.468604 0.037500 0.099344
0 0.987500 0.616682 0.015000 0.007498
0 0.627500 0.357545 0.160000 0.100281
1 0.626250 0.357545 0.175000 0.122774
1 0.468750 0.266635 0.365000 0.282099
1 0.456250 0.290534 0.225000 0.133083
0 0.475625 0.285848 0.168750 0.118088
1 0.551250 0.593252 0.415000 0.292409
