0 0.524375 0.888004 0.083750 0.068416
0 0.843125 0.699625 0.071250 0.070291
0 0.299375 0.154639 0.086250 0.054358
0 0.778125 0.456888 0.063750 0.042174
0 0.628750 0.508435 0.050000 0.042174
0 0.795000 0.422212 0.055000 0.038425
0 0.081250 0.650890 0.022500 0.017807
0 0.956875 0.595595 0.078750 0.072165
0 0.885625 0.443768 0.051250 0.038425
0 0.825000 0.833646 0.042500 0.038425
0 0.901875 0.675258 0.061250 0.068416
0 0.782500 0.821462 0.065000 0.066542
0 0.428750 0.226336 0.185000 0.098407
0 0.171875 0.236176 0.021250 0.014995
0 0.033125 0.755858 0.028750 0.014058
0 0.891250 0.336457 0.020000 0.014995
0 0.129375 0.206654 0.018750 0.014058
0 0.930000 0.454077 0.045000 0.036551
0 0.293125 0.582943 0.046250 0.029991
0 0.911250 0.418932 0.030000 0.016870
0 0.843750 0.943768 0.037500 0.024367
0 0.901875 0.466261 0.028750 0.047798
0 0.739375 0.886598 0.038750 0.020619
0 0.938125 0.997188 0.031250 0.005623
0 0.807500 0.848172 0.032500 0.016870
0 0.885000 0.699157 0.042500 0.046860
0 0.717500 0.626523 0.015000 0.008435
0 0.861250 0.575445 0.017500 0.013121
0 0.980000 0.539831 0.022500 0.016870
0 0.486875 0.448454 0.008750 0.006560
0 0.397500 0.455014 0.020000 0.012184
0 0.303125 0.357545 0.018750 0.015933
0 0.783750 0.162137 0.022500 0.018744
0 0.832500 0.145267 0.105000 0.059981
0 0.943750 0.238519 0.020000 0.014058
0 0.879375 0.884724 0.021250 0.011246
0 0.226250 0.920806 0.017500 0.010309
0 0.028125 0.413777 0.023750 0.010309
1 0.489375 0.322399 0.286250 0.221181
1 0.392500 0.462512 0.127500 0.102156
1 0.550000 0.467666 0.247500 0.179944
1 0.023750 0.420337 0.037500 0.038425
