0 0.402500 0.319588 0.107500 0.097470
0 0.303125 0.314433 0.123750 0.119025
0 0.618269 0.170679 0.114037 0.080815
0 0.131250 0.392690 0.137500 0.095595
0 0.428750 0.421743 0.045000 0.039363
0 0.693750 0.231959 0.037500 0.027179
0 0.508125 0.558575 0.036250 0.020619
0 0.512500 0.421275 0.037500 0.019681
0 0.386875 0.472352 0.028750 0.016870
0 0.608125 0.456888 0.041250 0.019681
0 0.704375 0.514995 0.123750 0.096532
0 0.393125 0.603093 0.028750 0.023430
0 0.614375 0.683693 0.028750 0.023430
0 0.707500 0.399250 0.055000 0.022493
0 0.476875 0.355201 0.023750 0.020619
0 0.326875 0.702905 0.023750 0.018744
0 0.720000 0.337863 0.035000 0.021556
0 0.436250 0.805530 0.022500 0.015933
0 0.806875 0.182287 0.073750 0.107779
0 0.678750 0.849208 0.020000 0.015192
0 0.765231 0.078725 0.030462 0.013121
0 0.658125 0.537488 0.033750 0.030928
0 0.890000 0.606373 0.020000 0.026242
0 0.697844 0.486743 0.013188 0.011912
0 0.370225 0.525258 0.082950 0.025211
0 0.308362 0.546645 0.019225 0.015501
0 0.351806 0.596790 0.018613 0.014574
0 0.297919 0.776828 0.025838 0.016635
0 0.141637 0.720150 0.090775 0.021368
0 0.019425 0.592619 0.038850 0.056842
0 0.121862 0.596888 0.168725 0.039138
0 0.293438 0.565895 0.174375 0.040881
0 0.203606 0.478341 0.077213 0.090703
0 0.260225 0.543819 0.040450 0.045464
0 0.213400 0.387652 0.036800 0.010544
0 0.109550 0.297174 0.046600 0.093880
0 0.052812 0.241682 0.105625 0.014761
0 0.103169 0.192146 0.026337 0.090009
0 0.107519 0.142746 0.015037 0.008079
0 0.163856 0.140422 0.095213 0.016551
0 0.565800 0.190694 0.046600 0.027123
0 0.593488 0.204859 0.041975 0.023590
0 0.942350 0.543768 0.012200 0.007873
0 0.948300 0.560497 0.016600 0.011340
0 0.965088 0.735272 0.015175 0.010375
0 0.675963 0.835848 0.016925 0.010965
1 0.631475 0.632165 0.095450 0.111565
1 0.781844 0.622432 0.208687 0.138960
1 0.906875 0.558796 0.186250 0.092287
1 0.926231 0.501396 0.147462 0.101200
1 0.980594 0.378983 0.038687 0.064433
0 0.385269 0.095778 0.030537 0.007863
0 0.552219 0.083336 0.029438 0.009222
0 0.657131 0.071003 0.059262 0.022043
0 0.707869 0.077067 0.023238 0.011678
0 0.862456 0.079447 0.017413 0.008941
