0 0.710000 0.677132 0.085000 0.062793
0 0.973125 0.462980 0.053750 0.041237
0 0.848750 0.369260 0.020000 0.026242
0 0.513750 0.389878 0.037500 0.026242
0 0.646875 0.272727 0.036250 0.018744
0 0.365000 0.649485 0.035000 0.018744
0 0.494375 0.582474 0.023750 0.014058
0 0.262956 0.512652 0.030912 0.022493
0 0.948125 0.555295 0.096250 0.042174
0 0.555000 0.221649 0.017500 0.015933
0 0.672500 0.413777 0.032500 0.025305
0 0.921250 0.615276 0.040000 0.014058
0 0.620000 0.756326 0.025000 0.009372
0 0.058125 0.157451 0.031250 0.028116
0 0.556444 0.844967 0.025387 0.008585
0 0.493400 0.781373 0.011800 0.012605
0 0.479650 0.768515 0.011800 0.009381
0 0.321112 0.758768 0.062225 0.047994
0 0.118262 0.943112 0.071525 0.017432
0 0.409119 0.624452 0.020737 0.006167
0 0.579137 0.568711 0.010775 0.007151
0 0.579506 0.548721 0.024013 0.014030
0 0.581169 0.534541 0.029838 0.011912
0 0.557681 0.534452 0.015362 0.015483
0 0.544588 0.533261 0.009175 0.013102
0 0.507163 0.560431 0.011825 0.014958
0 0.508125 0.527413 0.018750 0.016401
0 0.528625 0.527554 0.019750 0.018557
0 0.715113 0.425947 0.010225 0.008407
0 0.652644 0.400661 0.012788 0.010319
0 0.239862 0.515328 0.032225 0.022221
0 0.270450 0.400272 0.035900 0.030159
0 0.302856 0.401917 0.030713 0.025951
0 0.330069 0.398852 0.015137 0.012324
0 0.381550 0.203055 0.010600 0.012484
0 0.015175 0.429297 0.030350 0.050722
1 0.076175 0.537699 0.152350 0.160684
1 0.222169 0.652610 0.284338 0.201190
0 0.940275 0.117779 0.008050 0.005005
0 0.640775 0.063130 0.009050 0.006298
0 0.752938 0.056696 0.008375 0.006551
0 0.346544 0.070394 0.008087 0.007704
0 0.174363 0.092081 0.006225 0.006092
0 0.710000 0.677132 0.085000 0.062793
0 0.973125 0.462980 0.053750 0.041237
0 0.848750 0.369260 0.020000 0.026242
0 0.513750 0.389878 0.037500 0.026242
0 0.646875 0.272727 0.036250 0.018744
0 0.365000 0.649485 0.035000 0.018744
0 0.494375 0.582474 0.023750 0.014058
0 0.262956 0.512652 0.030912 0.022493
0 0.948125 0.555295 0.096250 0.042174
0 0.555000 0.221649 0.017500 0.015933
0 0.672500 0.413777 0.032500 0.025305
0 0.921250 0.615276 0.040000 0.014058
0 0.620000 0.756326 0.025000 0.009372
0 0.058125 0.157451 0.031250 0.028116
0 0.556444 0.844967 0.025387 0.008585
0 0.493400 0.781373 0.011800 0.012605
0 0.479650 0.768515 0.011800 0.009381
0 0.321112 0.758768 0.062225 0.047994
0 0.118262 0.943112 0.071525 0.017432
0 0.409119 0.624452 0.020737 0.006167
0 0.579137 0.568711 0.010775 0.007151
0 0.579506 0.548721 0.024013 0.014030
0 0.581169 0.534541 0.029838 0.011912
0 0.557681 0.534452 0.015362 0.015483
0 0.544588 0.533261 0.009175 0.013102
0 0.507163 0.560431 0.011825 0.014958
0 0.508125 0.527413 0.018750 0.016401
0 0.528625 0.527554 0.019750 0.018557
0 0.715113 0.425947 0.010225 0.008407
0 0.652644 0.400661 0.012788 0.010319
0 0.239862 0.515328 0.032225 0.022221
0 0.270450 0.400272 0.035900 0.030159
0 0.302856 0.401917 0.030713 0.025951
0 0.330069 0.398852 0.015137 0.012324
0 0.381550 0.203055 0.010600 0.012484
0 0.015175 0.429297 0.030350 0.050722
1 0.076175 0.537699 0.152350 0.160684
1 0.222169 0.652610 0.284338 0.201190
0 0.940275 0.117779 0.008050 0.005005
0 0.640775 0.063130 0.009050 0.006298
0 0.752938 0.056696 0.008375 0.006551
0 0.346544 0.070394 0.008087 0.007704
0 0.174363 0.092081 0.006225 0.006092
