0 0.128125 0.672915 0.073750 0.052484
0 0.804375 0.462043 0.063750 0.046860
0 0.520000 0.398782 0.065000 0.049672
0 0.621250 0.670572 0.062500 0.047798
0 0.768125 0.430647 0.043750 0.030928
1 0.307500 0.492971 0.192500 0.142455
0 0.251875 0.722587 0.046250 0.035614
0 0.430000 0.851921 0.110000 0.041237
0 0.557500 0.772727 0.072500 0.030928
0 0.766875 0.733365 0.033750 0.034677
0 0.793750 0.365979 0.030000 0.025305
0 0.878125 0.616214 0.028750 0.019681
0 0.247500 0.305998 0.032500 0.025305
0 0.033750 0.406279 0.020000 0.015933
0 0.067500 0.320993 0.035000 0.027179
0 0.140625 0.349578 0.033750 0.026242
0 0.117500 0.843486 0.020000 0.016870
0 0.396875 0.272259 0.133750 0.072165
0 0.897500 0.531396 0.032500 0.024367
0 0.013125 0.739925 0.018750 0.017807
0 0.615000 0.337863 0.017500 0.019681
0 0.896875 0.674321 0.018750 0.015933
0 0.518125 0.135426 0.028750 0.021556
0 0.376250 0.766635 0.025000 0.026242
0 0.189375 0.835989 0.016250 0.014995
0 0.258125 0.833646 0.018750 0.014058
0 0.296875 0.140112 0.053750 0.015933
0 0.883750 0.439082 0.027500 0.023430
0 0.703125 0.818650 0.026250 0.025305
0 0.569375 0.347704 0.016250 0.018744
1 0.472500 0.625586 0.175000 0.139644
1 0.479375 0.501406 0.171250 0.140581
0 0.554375 0.872540 0.021250 0.011246
0 0.544375 0.797095 0.046250 0.030928
0 0.519375 0.802718 0.051250 0.027179
0 0.371250 0.866448 0.015000 0.008435
0 0.363125 0.783037 0.023750 0.021556
0 0.275625 0.375351 0.023750 0.014058
0 0.416875 0.316776 0.016250 0.018744
0 0.487500 0.221181 0.022500 0.022493
0 0.206875 0.236176 0.026250 0.022493
0 0.090625 0.203374 0.028750 0.024367
0 0.569375 0.463449 0.023750 0.015933
0 0.611250 0.252577 0.050000 0.025305
0 0.390625 0.122774 0.023750 0.005623
0 0.020000 0.568416 0.017500 0.014058
0 0.645625 0.241799 0.071250 0.022493
0 0.877500 0.167760 0.027500 0.026242
0 0.940625 0.222118 0.056250 0.041237
