0 0.759375 0.605436 0.106250 0.069353
0 0.232500 0.482662 0.075000 0.073102
0 0.864375 0.479381 0.068750 0.070291
0 0.627500 0.469541 0.057500 0.067479
0 0.559375 0.651359 0.086250 0.035614
0 0.655000 0.651828 0.035000 0.027179
0 0.371250 0.796626 0.072500 0.050609
0 0.531250 0.495314 0.050000 0.049672
0 0.702500 0.448922 0.047500 0.044986
0 0.903125 0.738988 0.056250 0.038425
0 0.232500 0.414714 0.032500 0.027179
0 0.395000 0.668229 0.037500 0.028116
0 0.680000 0.324274 0.057500 0.044986
0 0.151250 0.256326 0.045000 0.029053
0 0.098125 0.400656 0.033750 0.029053
0 0.425625 0.531396 0.118750 0.071228
0 0.210625 0.538894 0.041250 0.022493
0 0.438750 0.273664 0.035000 0.026242
0 0.751250 0.850515 0.057500 0.019681
0 0.476875 0.734770 0.058750 0.048735
0 0.941250 0.579194 0.032500 0.114339
0 0.278750 0.324274 0.030000 0.022493
0 0.238125 0.179475 0.013750 0.008435
0 0.568750 0.288191 0.032500 0.025305
0 0.130625 0.654171 0.043750 0.020619
0 0.438125 0.389878 0.023750 0.033739
0 0.480625 0.349578 0.026250 0.020619
0 0.560000 0.409560 0.040000 0.011246
0 0.378125 0.545923 0.028750 0.025305
0 0.738125 0.649485 0.033750 0.024367
0 0.621250 0.832240 0.027500 0.024367
0 0.563125 0.751640 0.026250 0.024367
0 0.328125 0.462980 0.148750 0.078725
0 0.688125 0.303187 0.061250 0.021556
0 0.966875 0.654171 0.006250 0.011246
0 0.934375 0.828491 0.006250 0.005623
0 0.970625 0.724461 0.006250 0.005623
0 0.620000 0.558107 0.032500 0.027179
