0 0.724375 0.099813 0.108750 0.085286
0 0.601250 0.233833 0.150000 0.081537
0 0.429375 0.295220 0.156250 0.129335
0 0.602500 0.425492 0.095000 0.061856
1 0.281250 0.679007 0.110000 0.135895
0 0.481250 0.393158 0.085000 0.122774
0 0.548750 0.407216 0.090000 0.066542
0 0.659375 0.390815 0.063750 0.050609
1 0.729375 0.706654 0.156250 0.108716
1 0.525000 0.764292 0.355000 0.149016
1 0.595625 0.858482 0.378750 0.125586
0 0.755000 0.326617 0.027500 0.017807
0 0.693750 0.401593 0.032500 0.030928
0 0.720625 0.352858 0.033750 0.017807
0 0.743125 0.342549 0.056250 0.032802
