0 0.687500 0.349110 0.055000 0.045923
0 0.363750 0.386598 0.080000 0.064667
0 0.693750 0.196345 0.057500 0.059044
0 0.665000 0.305998 0.055000 0.044049
0 0.448125 0.218838 0.046250 0.040300
0 0.406250 0.273664 0.020000 0.020619
0 0.556875 0.776007 0.021250 0.016870
0 0.305625 0.608247 0.028750 0.026242
0 0.492500 0.662605 0.060000 0.026242
0 0.373750 0.259606 0.022500 0.018744
0 0.401875 0.674789 0.043750 0.028116
0 0.465000 0.714620 0.027500 0.025305
0 0.490625 0.323805 0.033750 0.027179
0 0.619375 0.644330 0.016250 0.012184
0 0.261250 0.633552 0.022500 0.020619
0 0.563125 0.722118 0.021250 0.021556
0 0.367500 0.603093 0.025000 0.021556
0 0.249375 0.829897 0.041250 0.034677
0 0.325000 0.699625 0.022500 0.021556
0 0.285625 0.283505 0.016250 0.017807
0 0.608750 0.196813 0.020000 0.018744
0 0.623750 0.234770 0.022500 0.017807
0 0.550625 0.839269 0.028750 0.023430
0 0.348125 0.214620 0.021250 0.016870
0 0.481250 0.250234 0.080000 0.050609
0 0.606250 0.805530 0.017500 0.014058
0 0.360625 0.183224 0.021250 0.019681
0 0.533750 0.187910 0.015000 0.015933
0 0.609375 0.783505 0.018750 0.014995
0 0.571875 0.378163 0.011250 0.012184
0 0.408125 0.741331 0.013750 0.011246
0 0.608125 0.330834 0.011250 0.018744
0 0.599375 0.338800 0.008750 0.017807
0 0.589375 0.342549 0.018750 0.029053
0 0.562500 0.376757 0.012500 0.016870
0 0.535000 0.273664 0.010000 0.018744
0 0.524375 0.284442 0.016250 0.029053
0 0.511875 0.277413 0.013750 0.031865
0 0.486875 0.303187 0.008750 0.014058
0 0.445000 0.330366 0.025000 0.032802
0 0.497500 0.322399 0.010000 0.009372
0 0.432500 0.318182 0.020000 0.051546
0 0.417500 0.340206 0.020000 0.050609
0 0.401250 0.355201 0.015000 0.018744
0 0.405625 0.208529 0.011250 0.012184
0 0.337500 0.200094 0.020000 0.025305
0 0.500000 0.141987 0.045000 0.040300
0 0.536250 0.131209 0.037500 0.013121
0 0.559375 0.185098 0.016250 0.017807
0 0.591250 0.146204 0.020000 0.028116
0 0.603125 0.151828 0.021250 0.020619
0 0.615000 0.145736 0.015000 0.015933
0 0.735000 0.144330 0.017500 0.005623
0 0.763750 0.304592 0.012500 0.024367
0 0.761875 0.334583 0.016250 0.028116
0 0.710625 0.663074 0.018750 0.038425
0 0.696250 0.736176 0.012500 0.017807
0 0.693125 0.756795 0.008750 0.010309
0 0.685000 0.822868 0.020000 0.022493
0 0.651250 0.838800 0.027500 0.024367
0 0.571875 0.850515 0.013750 0.008435
0 0.550000 0.859419 0.015000 0.013121
0 0.550000 0.868322 0.015000 0.006560
0 0.481250 0.712746 0.017500 0.017807
0 0.486875 0.676664 0.031250 0.016870
0 0.399375 0.767104 0.016250 0.023430
0 0.391250 0.755858 0.015000 0.030928
0 0.381875 0.778819 0.013750 0.026242
0 0.387500 0.692596 0.035000 0.020619
0 0.353125 0.740394 0.011250 0.011246
0 0.292500 0.745080 0.010000 0.011246
0 0.263125 0.788660 0.008750 0.010309
0 0.280625 0.373477 0.008750 0.008435
0 0.419375 0.433458 0.011250 0.006560
1 0.436875 0.450328 0.118750 0.096532
1 0.457500 0.598407 0.035000 0.038425
1 0.521250 0.537488 0.090000 0.045923
1 0.480000 0.595595 0.142500 0.100281
1 0.518125 0.495783 0.188750 0.134958
1 0.680000 0.447985 0.130000 0.116214
