0 0.343125 0.515464 0.116250 0.089972
0 0.058125 0.083880 0.096250 0.055295
0 0.130625 0.866917 0.131250 0.099344
0 0.106250 0.366448 0.097500 0.095595
0 0.056250 0.476570 0.030000 0.021556
0 0.181875 0.457826 0.043750 0.036551
0 0.393125 0.241331 0.058750 0.070291
0 0.188125 0.094189 0.088750 0.074039
0 0.316875 0.760544 0.058750 0.040300
0 0.216875 0.613871 0.051250 0.033739
0 0.651875 0.454545 0.056250 0.033739
0 0.395625 0.035145 0.136250 0.070291
0 0.513750 0.659325 0.050000 0.045923
0 0.525625 0.036551 0.121250 0.073102
0 0.011250 0.419869 0.020000 0.048735
0 0.591875 0.558107 0.073750 0.044049
0 0.333125 0.233833 0.081250 0.089035
0 0.147500 0.123243 0.052500 0.032802
0 0.011875 0.700094 0.023750 0.076851
0 0.505000 0.824742 0.090000 0.078725
0 0.610625 0.841143 0.101250 0.068416
0 0.811875 0.771321 0.053750 0.043112
0 0.656875 0.712277 0.018750 0.014995
0 0.010000 0.606373 0.020000 0.063730
0 0.077500 0.388472 0.027500 0.023430
0 0.478750 0.266635 0.015000 0.012184
0 0.485000 0.239456 0.012500 0.010309
0 0.531875 0.209934 0.011250 0.011246
0 0.620000 0.392221 0.022500 0.012184
0 0.688750 0.315370 0.065000 0.090909
0 0.796875 0.251640 0.041250 0.036551
0 0.827500 0.244611 0.032500 0.039363
0 0.748125 0.472352 0.136250 0.082474
0 0.737500 0.533271 0.017500 0.014995
1 0.941250 0.167291 0.117500 0.109653
1 0.855625 0.271321 0.133750 0.179007
1 0.786875 0.236176 0.146250 0.170572
