1 0.453750 0.383437 0.137500 0.071875
1 0.153125 0.499063 0.143750 0.073125
1 0.188125 0.240313 0.191250 0.159375
1 0.297500 0.480938 0.147500 0.066875
1 0.181250 0.339375 0.192500 0.160000
0 0.753750 0.467813 0.117500 0.050625
1 0.904375 0.551875 0.191250 0.145000
1 0.345625 0.404062 0.118750 0.061875
0 0.611875 0.206875 0.058750 0.030000
0 0.588750 0.352187 0.055000 0.053125
0 0.985625 0.200625 0.028750 0.025000
0 0.528750 0.120000 0.060000 0.030000
0 0.433750 0.122188 0.047500 0.025625
0 0.686250 0.266250 0.030000 0.012500
0 0.477500 0.273750 0.017500 0.011250
0 0.497500 0.261562 0.022500 0.013125
0 0.661250 0.203750 0.020000 0.012500
0 0.840000 0.147813 0.035000 0.015625
0 0.750000 0.285625 0.027500 0.012500
0 0.742500 0.276250 0.025000 0.012500
0 0.765000 0.272500 0.017500 0.010000
0 0.755000 0.312500 0.022500 0.010000
0 0.033125 0.427812 0.038750 0.016875
0 0.302500 0.475313 0.022500 0.009375
0 0.606875 0.455313 0.036250 0.020625
0 0.586250 0.466250 0.027500 0.012500
0 0.553125 0.442188 0.021250 0.010625
0 0.659375 0.491563 0.026250 0.011875
0 0.392500 0.354375 0.022500 0.010000
0 0.533125 0.465938 0.021250 0.009375
0 0.658750 0.628437 0.032500 0.016875
0 0.716875 0.572812 0.033750 0.018125
0 0.815000 0.378750 0.045000 0.015000
0 0.821875 0.497812 0.033750 0.018125
0 0.723125 0.414375 0.018750 0.012500
0 0.969375 0.429063 0.023750 0.009375
0 0.828125 0.641563 0.021250 0.010625
0 0.679375 0.479375 0.043750 0.023750
0 0.558125 0.705000 0.036250 0.013750
1 0.901875 0.687187 0.111250 0.044375
1 0.879375 0.564688 0.121250 0.073125
0 0.519375 0.450000 0.018750 0.011250
1 0.501875 0.449375 0.066250 0.035000
0 0.166250 0.505000 0.020000 0.010000
0 0.492500 0.123750 0.022500 0.007500
0 0.491250 0.129375 0.020000 0.005000
0 0.618750 0.128750 0.020000 0.008750
0 0.642500 0.122188 0.042500 0.026875
0 0.708125 0.182500 0.043750 0.025000
0 0.695000 0.225000 0.047500 0.021250
0 0.473125 0.377188 0.011250 0.004375
0 0.321250 0.564375 0.020000 0.008750
0 0.232500 0.649062 0.020000 0.010625
