0 0.172500 0.652765 0.132500 0.115276
0 0.393125 0.611528 0.091250 0.060918
0 0.856250 0.589035 0.085000 0.066542
0 0.269375 0.709934 0.121250 0.132146
0 0.239375 0.529991 0.081250 0.066542
0 0.478125 0.600750 0.078750 0.052484
0 0.393125 0.469072 0.088750 0.057170
0 0.288750 0.345829 0.085000 0.046860
0 0.485625 0.535614 0.033750 0.023430
0 0.760625 0.534677 0.056250 0.066542
0 0.819375 0.523430 0.056250 0.066542
0 0.385000 0.292409 0.067500 0.033739
1 0.560625 0.692596 0.181250 0.123711
0 0.421875 0.323336 0.068750 0.044986
0 0.371875 0.657451 0.051250 0.032802
0 0.605625 0.790534 0.036250 0.027179
0 0.223125 0.172446 0.043750 0.035614
0 0.180625 0.239925 0.046250 0.035614
0 0.338125 0.447048 0.093750 0.044986
0 0.663125 0.470009 0.028750 0.023430
0 0.807500 0.421743 0.065000 0.061856
0 0.576875 0.211340 0.058750 0.057170
0 0.298750 0.626054 0.035000 0.026242
0 0.507500 0.270384 0.100000 0.098407
0 0.379375 0.517338 0.041250 0.029991
0 0.533125 0.507498 0.033750 0.023430
0 0.923125 0.204311 0.051250 0.039363
0 0.351250 0.161668 0.055000 0.029053
0 0.661250 0.719775 0.035000 0.024367
0 0.896250 0.483599 0.037500 0.041237
0 0.560000 0.523430 0.032500 0.023430
0 0.791875 0.724461 0.016250 0.011246
0 0.814375 0.294283 0.041250 0.031865
1 0.440625 0.776945 0.186250 0.138707
0 0.573750 0.392221 0.012500 0.010309
0 0.600625 0.235708 0.031250 0.029053
0 0.567500 0.696345 0.010000 0.009372
0 0.648750 0.860356 0.017500 0.005623
0 0.721875 0.872071 0.013750 0.004686
0 0.747500 0.816307 0.015000 0.011246
0 0.874375 0.804124 0.016250 0.011246
0 0.818750 0.879100 0.015000 0.011246
0 0.953125 0.227741 0.046250 0.033739
0 0.402500 0.670103 0.025000 0.018744
0 0.238125 0.605904 0.036250 0.023430
0 0.387500 0.118088 0.032500 0.018744
