0 0.763750 0.289128 0.130000 0.113402
0 0.565000 0.372071 0.090000 0.059981
0 0.125625 0.483599 0.083750 0.065604
0 0.650625 0.253046 0.118750 0.131209
0 0.742500 0.420806 0.080000 0.065604
0 0.486875 0.399250 0.078750 0.052484
0 0.615000 0.508903 0.087500 0.056232
0 0.757500 0.607779 0.085000 0.045923
0 0.501875 0.463449 0.033750 0.023430
0 0.237500 0.517807 0.055000 0.066542
0 0.183750 0.539363 0.055000 0.066542
0 0.684375 0.678069 0.066250 0.032802
1 0.375625 0.325211 0.178750 0.121837
0 0.636875 0.656514 0.068750 0.044049
0 0.570000 0.323336 0.050000 0.031865
0 0.298125 0.240394 0.036250 0.027179
0 0.880625 0.763824 0.043750 0.035614
0 0.898125 0.689784 0.046250 0.035614
0 0.675000 0.519681 0.092500 0.044049
0 0.353125 0.561387 0.028750 0.022493
0 0.230625 0.635895 0.063750 0.060918
0 0.525625 0.793814 0.058750 0.056232
0 0.651250 0.340206 0.035000 0.026242
0 0.572500 0.724461 0.097500 0.097470
0 0.611250 0.459700 0.040000 0.029053
0 0.465625 0.500000 0.033750 0.023430
0 0.193750 0.868322 0.050000 0.038425
0 0.761250 0.798032 0.055000 0.029053
0 0.268750 0.318650 0.035000 0.024367
0 0.123750 0.593252 0.037500 0.041237
0 0.435000 0.489691 0.032500 0.023430
0 0.140625 0.340675 0.016250 0.010309
0 0.268750 0.760544 0.040000 0.030928
1 0.461875 0.222118 0.183750 0.136832
0 0.466250 0.619025 0.012500 0.010309
0 0.493750 0.775070 0.030000 0.028116
0 0.368750 0.324274 0.010000 0.009372
0 0.232500 0.180881 0.017500 0.005623
0 0.158125 0.184161 0.013750 0.004686
0 0.152500 0.242737 0.015000 0.011246
0 0.034375 0.278819 0.016250 0.010309
0 0.062500 0.196813 0.015000 0.011246
0 0.156875 0.850984 0.046250 0.033739
0 0.536250 0.316776 0.025000 0.018744
0 0.716250 0.347235 0.035000 0.023430
0 0.741250 0.847235 0.032500 0.018744
