0 0.651250 0.495261 0.202500 0.062796
0 0.316875 0.480746 0.213750 0.087085
0 0.688750 0.340640 0.047500 0.023697
0 0.084375 0.580865 0.091250 0.071682
0 0.781875 0.528732 0.156250 0.078791
0 0.184375 0.623519 0.098750 0.074052
0 0.260625 0.400770 0.018750 0.011256
0 0.923750 0.607820 0.030000 0.015403
0 0.991875 0.415581 0.016250 0.017180
0 0.651875 0.683353 0.053750 0.038507
0 0.968125 0.412618 0.043750 0.019550
0 0.735000 0.400770 0.032500 0.013626
0 0.718125 0.389810 0.038750 0.016588
0 0.720000 0.377962 0.032500 0.013033
0 0.623125 0.311908 0.026250 0.011256
0 0.584375 0.306576 0.026250 0.011256
0 0.480000 0.281694 0.035000 0.018365
0 0.380000 0.255036 0.012500 0.005332
0 0.204375 0.336493 0.016250 0.008294
0 0.345000 0.385071 0.022500 0.009479
0 0.468750 0.354265 0.022500 0.009479
0 0.500000 0.409064 0.025000 0.011256
0 0.543750 0.440758 0.025000 0.010664
0 0.487500 0.560723 0.022500 0.008886
0 0.508750 0.598045 0.050000 0.042062
0 0.149375 0.471564 0.021250 0.010664
0 0.059375 0.397512 0.018750 0.009479
0 0.084375 0.349526 0.021250 0.009479
0 0.118750 0.276955 0.017500 0.008886
1 0.323125 0.630036 0.153750 0.040877
1 0.309375 0.683649 0.176250 0.094787
1 0.478750 0.707050 0.162500 0.046801
1 0.475625 0.727192 0.168750 0.031398
0 0.651250 0.712085 0.047500 0.026066
0 0.751250 0.679799 0.195000 0.094194
0 0.021250 0.701422 0.042500 0.014218
