0 0.348750 0.504739 0.202500 0.062796
0 0.684375 0.519846 0.213750 0.087085
0 0.311250 0.659953 0.047500 0.023697
0 0.916875 0.419135 0.091250 0.071682
0 0.218125 0.471860 0.156250 0.078791
0 0.815625 0.376481 0.098750 0.074052
0 0.740625 0.599822 0.018750 0.011256
0 0.076250 0.392773 0.030000 0.015403
0 0.007500 0.584419 0.015000 0.017180
0 0.348125 0.317239 0.053750 0.038507
0 0.031875 0.587382 0.043750 0.019550
0 0.265000 0.599822 0.032500 0.013626
0 0.283125 0.610782 0.038750 0.016588
0 0.281250 0.622038 0.032500 0.013033
0 0.378125 0.688092 0.026250 0.011256
0 0.415625 0.693424 0.026250 0.011256
0 0.520000 0.718306 0.035000 0.018365
0 0.620000 0.744964 0.012500 0.005332
0 0.796875 0.664100 0.016250 0.008294
0 0.655000 0.614929 0.022500 0.009479
0 0.531250 0.646327 0.022500 0.009479
0 0.501250 0.590936 0.025000 0.011256
0 0.457500 0.559834 0.025000 0.010664
0 0.513750 0.439277 0.022500 0.008886
0 0.492500 0.402547 0.050000 0.042062
0 0.850625 0.529028 0.021250 0.010664
0 0.941875 0.602488 0.018750 0.009479
0 0.916875 0.650474 0.021250 0.009479
0 0.882500 0.723045 0.017500 0.008886
1 0.676875 0.369964 0.153750 0.040877
1 0.690625 0.316351 0.176250 0.094787
1 0.521250 0.292950 0.162500 0.046801
1 0.524375 0.272808 0.168750 0.031398
0 0.348750 0.288507 0.047500 0.026066
0 0.248750 0.320201 0.195000 0.094194
0 0.978125 0.297986 0.043750 0.014218
