1 0.113125 0.300729 0.158750 0.148238
1 0.584375 0.431652 0.348750 0.148846
1 0.091250 0.394593 0.175000 0.168287
1 0.851250 0.436209 0.297500 0.173755
0 0.185000 0.658262 0.117500 0.052855
0 0.926875 0.560146 0.146250 0.131227
0 0.581875 0.690462 0.113750 0.047995
1 0.857500 0.342649 0.285000 0.138518
0 0.473750 0.722965 0.100000 0.046173
1 0.300625 0.395200 0.331250 0.150061
0 0.985000 0.344471 0.030000 0.020656
1 0.128750 0.684994 0.257500 0.084447
0 0.450000 0.710814 0.140000 0.070474
0 0.666250 0.307108 0.032500 0.020049
0 0.985625 0.505164 0.028750 0.015188
1 0.660625 0.278250 0.226250 0.038882
