1 0.145000 0.260075 0.072500 0.062793
1 0.347500 0.337863 0.107500 0.197751
1 0.110625 0.417994 0.071250 0.059981
1 0.140625 0.319588 0.071250 0.059981
1 0.877500 0.518276 0.232500 0.183693
1 0.335000 0.625117 0.145000 0.063730
1 0.298125 0.482193 0.071250 0.060918
1 0.988125 0.210872 0.023750 0.035614
0 0.911875 0.769447 0.033750 0.024367
0 0.812500 0.798969 0.025000 0.019681
0 0.463125 0.743205 0.023750 0.018744
0 0.413125 0.702437 0.023750 0.017807
0 0.938750 0.595127 0.037500 0.026242
0 0.531250 0.667760 0.032500 0.021556
1 0.707500 0.666823 0.245000 0.171509
1 0.629375 0.522493 0.068750 0.139644
1 0.673750 0.428304 0.127500 0.114339
1 0.768750 0.486410 0.257500 0.166823
1 0.450625 0.409560 0.101250 0.194939
1 0.739375 0.303655 0.186250 0.088097
1 0.138750 0.378632 0.072500 0.059981
1 0.065625 0.494845 0.071250 0.059981
1 0.030000 0.567010 0.060000 0.056232
1 0.340000 0.647142 0.045000 0.019681
0 0.062500 0.648547 0.022500 0.016870
