0 0.548750 0.761481 0.070000 0.060918
0 0.806050 0.664138 0.074600 0.059297
0 0.490594 0.343294 0.063688 0.068032
0 0.553219 0.317727 0.073938 0.054386
0 0.893750 0.617619 0.040000 0.041237
0 0.178869 0.715380 0.075237 0.021200
0 0.325387 0.645005 0.090775 0.028529
0 0.582144 0.282470 0.051788 0.036354
0 0.260131 0.630947 0.062762 0.017282
0 0.433594 0.288468 0.059687 0.042727
0 0.560625 0.637409 0.063750 0.020834
0 0.444769 0.346167 0.034537 0.038163
0 0.567756 0.619700 0.058012 0.019157
0 0.375694 0.300389 0.056388 0.044077
1 0.942794 0.610820 0.088087 0.067001
0 0.061813 0.479077 0.053625 0.056560
0 0.078537 0.435778 0.029575 0.033693
0 0.099350 0.510455 0.088700 0.072455
0 0.476262 0.649035 0.055025 0.017844
0 0.265625 0.375820 0.043750 0.039363
0 0.886088 0.492329 0.057175 0.019335
0 0.191875 0.625117 0.066250 0.018744
0 0.499744 0.298458 0.024487 0.021471
0 0.823125 0.241331 0.031250 0.023430
0 0.016875 0.358482 0.023750 0.019681
0 0.151750 0.492727 0.026000 0.018257
0 0.215000 0.614349 0.032500 0.008454
0 0.243750 0.388004 0.017500 0.016870
0 0.038062 0.666804 0.038625 0.034639
0 0.642500 0.544049 0.035000 0.015933
0 0.625000 0.534677 0.032500 0.014058
0 0.366875 0.626523 0.038750 0.012184
0 0.496237 0.583037 0.037475 0.015183
0 0.413744 0.524738 0.014988 0.016673
0 0.638050 0.347704 0.026100 0.022493
0 0.433750 0.444705 0.015000 0.014058
0 0.391512 0.539363 0.015525 0.042174
0 0.373125 0.406748 0.013750 0.033739
0 0.510000 0.593721 0.012500 0.006560
0 0.411875 0.477038 0.011250 0.009372
0 0.469763 0.661031 0.064525 0.008097
0 0.870625 0.648547 0.033750 0.020619
0 0.727275 0.382868 0.027050 0.021593
0 0.708750 0.514058 0.035000 0.014058
0 0.792525 0.462455 0.037550 0.013946
0 0.780000 0.448454 0.030000 0.014058
0 0.858125 0.512184 0.023750 0.014058
0 0.813506 0.390815 0.024512 0.014995
0 0.703125 0.461106 0.013750 0.011246
0 0.919419 0.353828 0.008837 0.012249
0 0.094375 0.781631 0.026250 0.018744
0 0.051250 0.724461 0.025000 0.018744
0 0.120000 0.763824 0.007500 0.007498
0 0.442500 0.710403 0.065000 0.013121
0 0.398750 0.696345 0.062500 0.013121
0 0.600625 0.816776 0.021250 0.014058
0 0.952119 0.798140 0.026738 0.014274
0 0.765000 0.692933 0.040000 0.017545
0 0.766875 0.710497 0.021250 0.013308
0 0.878069 0.733941 0.023637 0.011462
0 0.419206 0.423126 0.028413 0.085239
0 0.392806 0.460694 0.010613 0.010422
0 0.386956 0.517324 0.006412 0.005595
0 0.189469 0.623552 0.026437 0.008116
0 0.124575 0.621495 0.094150 0.022746
0 0.164581 0.609236 0.006663 0.003852
0 0.123825 0.605867 0.072650 0.019606
0 0.061944 0.681378 0.008887 0.005679
0 0.011013 0.639049 0.022025 0.025989
0 0.003594 0.634967 0.007188 0.010328
0 0.965375 0.626804 0.018250 0.012746
1 0.992719 0.619948 0.015437 0.015904
1 0.982550 0.546509 0.035100 0.033974
0 0.981031 0.537132 0.022062 0.011471
0 0.892325 0.431125 0.009650 0.015014
0 0.897725 0.415862 0.010450 0.016354
0 0.900869 0.405478 0.009237 0.012455
0 0.982200 0.267807 0.031900 0.050141
0 0.983569 0.242774 0.014638 0.005698
1 0.919269 0.365722 0.093537 0.245970
0 0.318944 0.295600 0.050388 0.012006
0 0.318000 0.286795 0.056000 0.011265
0 0.005131 0.396471 0.010263 0.009438
0 0.096150 0.462976 0.032300 0.028107
