0 0.625625 0.354264 0.101250 0.076851
0 0.410625 0.215089 0.083750 0.070291
0 0.511875 0.291003 0.106250 0.087160
0 0.309375 0.192596 0.073750 0.060918
0 0.646250 0.441425 0.145000 0.088097
0 0.234375 0.338332 0.036250 0.028116
0 0.677500 0.400656 0.055000 0.042174
0 0.555000 0.444236 0.092500 0.071228
0 0.188750 0.415183 0.017500 0.013121
0 0.508125 0.364105 0.008750 0.006560
0 0.510000 0.360825 0.007500 0.005623
0 0.508750 0.350515 0.012500 0.011246
0 0.510625 0.370197 0.043750 0.028116
0 0.496875 0.358482 0.053750 0.045923
0 0.464375 0.440956 0.016250 0.012184
0 0.431875 0.507029 0.013750 0.011246
0 0.451875 0.409091 0.126250 0.053421
0 0.311250 0.416120 0.130000 0.052484
0 0.335000 0.350984 0.142500 0.077788
0 0.246875 0.385661 0.013750 0.010309
0 0.157500 0.418932 0.017500 0.013121
0 0.092500 0.403468 0.015000 0.010309
0 0.153750 0.276945 0.015000 0.010309
0 0.060625 0.231490 0.013750 0.011246
0 0.683750 0.383318 0.040000 0.024367
0 0.701250 0.392221 0.030000 0.030928
0 0.723750 0.401125 0.015000 0.014995
0 0.767500 0.437676 0.022500 0.022493
0 0.839375 0.386129 0.016250 0.011246
0 0.891875 0.641518 0.011250 0.015933
0 0.766875 0.674789 0.018750 0.009372
0 0.758750 0.683224 0.032500 0.013121
0 0.668125 0.783974 0.021250 0.019681
0 0.581875 0.717901 0.011250 0.014995
0 0.578125 0.621837 0.011250 0.014058
0 0.416875 0.709934 0.021250 0.014058
0 0.346250 0.529522 0.017500 0.011246
0 0.337500 0.518276 0.015000 0.009372
0 0.330000 0.534677 0.015000 0.006560
0 0.183750 0.507966 0.015000 0.009372
0 0.167500 0.516401 0.025000 0.014995
0 0.515625 0.874883 0.053750 0.010309
