0 0.325625 0.387067 0.091250 0.067479
0 0.111250 0.527648 0.085000 0.054358
0 0.225000 0.462043 0.105000 0.069353
0 0.067500 0.599344 0.072500 0.047798
0 0.442500 0.384255 0.100000 0.099344
0 0.249375 0.675258 0.033750 0.023430
0 0.392194 0.354541 0.049388 0.036167
0 0.433750 0.452202 0.085000 0.060918
0 0.345125 0.719049 0.015250 0.011668
0 0.321444 0.474977 0.007887 0.005248
0 0.316612 0.473960 0.005725 0.005089
0 0.304194 0.472713 0.013388 0.008219
0 0.329800 0.474456 0.032100 0.030450
0 0.311537 0.483074 0.055575 0.034564
0 0.416688 0.518163 0.013375 0.011022
0 0.499619 0.552006 0.014238 0.009353
0 0.373612 0.523083 0.054725 0.090216
0 0.362013 0.628351 0.054025 0.092690
0 0.279194 0.602343 0.085887 0.098782
0 0.313644 0.672212 0.012287 0.009841
0 0.344956 0.743158 0.014913 0.011153
0 0.314887 0.789616 0.012275 0.010347
0 0.156363 0.725647 0.012725 0.009869
0 0.084194 0.789203 0.013388 0.009522
0 0.370281 0.347343 0.028063 0.027395
0 0.385800 0.335623 0.039100 0.018950
0 0.400444 0.320403 0.018388 0.009128
0 0.455275 0.292910 0.028050 0.014124
0 0.396450 0.232498 0.012900 0.011387
0 0.741006 0.228041 0.019512 0.006223
0 0.767656 0.326350 0.010313 0.013524
0 0.778419 0.333069 0.014338 0.023215
0 0.898187 0.414770 0.023875 0.014171
0 0.798075 0.469831 0.018650 0.006204
0 0.671538 0.458585 0.018075 0.006204
0 0.765569 0.591007 0.016137 0.014255
0 0.517212 0.619217 0.011925 0.012568
0 0.500713 0.623599 0.011425 0.010084
0 0.521175 0.631190 0.007350 0.010272
0 0.465588 0.735408 0.011175 0.010647
0 0.474888 0.749700 0.017275 0.016739
0 0.996800 0.540436 0.006100 0.040572
0 0.325625 0.387067 0.091250 0.067479
0 0.111250 0.527648 0.085000 0.054358
0 0.225000 0.462043 0.105000 0.069353
0 0.067500 0.599344 0.072500 0.047798
0 0.442500 0.384255 0.100000 0.099344
0 0.249375 0.675258 0.033750 0.023430
0 0.392194 0.354541 0.049388 0.036167
0 0.433750 0.452202 0.085000 0.060918
0 0.345125 0.719049 0.015250 0.011668
0 0.321444 0.474977 0.007887 0.005248
0 0.316612 0.473960 0.005725 0.005089
0 0.304194 0.472713 0.013388 0.008219
0 0.329800 0.474456 0.032100 0.030450
0 0.311537 0.483074 0.055575 0.034564
0 0.416688 0.518163 0.013375 0.011022
0 0.499619 0.552006 0.014238 0.009353
0 0.373612 0.523083 0.054725 0.090216
0 0.362013 0.628351 0.054025 0.092690
0 0.279194 0.602343 0.085887 0.098782
0 0.313644 0.672212 0.012287 0.009841
0 0.344956 0.743158 0.014913 0.011153
0 0.314887 0.789616 0.012275 0.010347
0 0.156363 0.725647 0.012725 0.009869
0 0.084194 0.789203 0.013388 0.009522
0 0.370281 0.347343 0.028063 0.027395
0 0.385800 0.335623 0.039100 0.018950
0 0.400444 0.320403 0.018388 0.009128
0 0.455275 0.292910 0.028050 0.014124
0 0.396450 0.232498 0.012900 0.011387
0 0.741006 0.228041 0.019512 0.006223
0 0.767656 0.326350 0.010313 0.013524
0 0.778419 0.333069 0.014338 0.023215
0 0.898187 0.414770 0.023875 0.014171
0 0.798075 0.469831 0.018650 0.006204
0 0.671538 0.458585 0.018075 0.006204
0 0.765569 0.591007 0.016137 0.014255
0 0.517212 0.619217 0.011925 0.012568
0 0.500713 0.623599 0.011425 0.010084
0 0.521175 0.631190 0.007350 0.010272
0 0.465588 0.735408 0.011175 0.010647
0 0.474888 0.749700 0.017275 0.016739
0 0.996800 0.540436 0.006100 0.040572
