0 0.526875 0.773709 0.086250 0.052582
0 0.808750 0.770423 0.052500 0.042254
0 0.407500 0.831925 0.130000 0.056338
0 0.673125 0.761972 0.053750 0.046009
0 0.039375 0.622066 0.043750 0.029108
0 0.632500 0.799531 0.052500 0.046009
0 0.620000 0.569484 0.050000 0.032864
0 0.136875 0.635681 0.043750 0.028169
0 0.138125 0.877465 0.043750 0.029108
0 0.248125 0.695775 0.041250 0.026291
0 0.303125 0.788732 0.043750 0.028169
0 0.216875 0.823005 0.043750 0.029108
0 0.276875 0.651174 0.021250 0.012207
0 0.101875 0.487324 0.021250 0.013146
0 0.218750 0.535211 0.017500 0.013146
0 0.268125 0.500000 0.018750 0.014085
0 0.158125 0.597183 0.016250 0.015023
0 0.033750 0.573239 0.025000 0.017840
0 0.485000 0.841784 0.022500 0.021596
0 0.727500 0.684977 0.022500 0.021596
0 0.768750 0.746948 0.017500 0.014085
0 0.365625 0.669014 0.021250 0.014085
0 0.480000 0.699061 0.025000 0.017840
0 0.536875 0.551174 0.021250 0.020657
0 0.584375 0.584038 0.023750 0.018779
0 0.371250 0.478873 0.022500 0.018779
0 0.571875 0.393897 0.021250 0.012207
0 0.332500 0.510329 0.020000 0.012207
0 0.531250 0.446009 0.020000 0.013146
0 0.393750 0.505634 0.017500 0.012207
0 0.543125 0.591080 0.018750 0.014085
0 0.493750 0.447418 0.010000 0.008451
0 0.603125 0.244601 0.018750 0.015962
0 0.436250 0.137089 0.037500 0.022535
0 0.455625 0.180282 0.016250 0.011268
0 0.476250 0.245540 0.017500 0.012207
0 0.330000 0.271831 0.017500 0.010329
0 0.323125 0.328638 0.016250 0.011268
0 0.315000 0.280751 0.010000 0.005634
0 0.826875 0.603286 0.018750 0.019718
0 0.840625 0.695305 0.018750 0.015962
0 0.859375 0.511268 0.018750 0.017840
0 0.893125 0.507981 0.013750 0.015023
0 0.717500 0.218779 0.012500 0.009390
0 0.099375 0.323474 0.008750 0.006573
0 0.020000 0.578873 0.012500 0.012207
0 0.246875 0.838498 0.011250 0.013146
0 0.150625 0.507981 0.006250 0.005634
0 0.448125 0.153991 0.033750 0.022535
0 0.438125 0.144601 0.016250 0.005634
