0 0.470000 0.774178 0.077500 0.044131
0 0.748750 0.802817 0.045000 0.037559
0 0.338750 0.816432 0.122500 0.042254
0 0.616875 0.779343 0.046250 0.041315
0 0.019375 0.566197 0.038750 0.024413
0 0.568750 0.811268 0.045000 0.041315
0 0.603750 0.583099 0.045000 0.028169
0 0.113125 0.591080 0.038750 0.023474
0 0.064375 0.830047 0.038750 0.024413
0 0.210000 0.663850 0.037500 0.022535
0 0.245625 0.761972 0.038750 0.023474
0 0.153125 0.784977 0.038750 0.024413
0 0.248125 0.623005 0.018750 0.010329
0 0.109375 0.440376 0.018750 0.011268
0 0.215000 0.502347 0.015000 0.011268
0 0.270625 0.472770 0.016250 0.012207
0 0.141875 0.555869 0.013750 0.013146
0 0.025000 0.517371 0.022500 0.015023
0 0.414375 0.836150 0.018750 0.019718
0 0.686875 0.709390 0.018750 0.019718
0 0.713750 0.776056 0.015000 0.012207
0 0.331875 0.651174 0.018750 0.012207
0 0.438750 0.694836 0.022500 0.015023
0 0.526250 0.554930 0.017500 0.018779
0 0.566250 0.593427 0.020000 0.016901
0 0.378125 0.463850 0.018750 0.016901
0 0.593125 0.404225 0.018750 0.010329
0 0.332500 0.490610 0.017500 0.010329
0 0.542500 0.450704 0.017500 0.011268
0 0.393750 0.493427 0.015000 0.010329
0 0.524375 0.594836 0.016250 0.012207
0 0.504375 0.446948 0.008750 0.007512
0 0.655625 0.260563 0.016250 0.014085
0 0.513125 0.134272 0.033750 0.018779
0 0.522500 0.179343 0.015000 0.009390
0 0.530000 0.246479 0.015000 0.010329
0 0.379375 0.254930 0.016250 0.008451
0 0.361250 0.309859 0.015000 0.009390
0 0.363125 0.261502 0.008750 0.004695
0 0.801250 0.640845 0.015000 0.017840
0 0.795625 0.732864 0.016250 0.014085
0 0.852500 0.552582 0.015000 0.015962
0 0.886875 0.553521 0.011250 0.014085
0 0.773125 0.248357 0.011250 0.008451
0 0.141250 0.277934 0.007500 0.005634
0 0.003750 0.262911 0.007500 0.003756
0 0.010000 0.521127 0.010000 0.011268
0 0.179375 0.804225 0.008750 0.012207
0 0.153750 0.466197 0.005000 0.004695
0 0.521250 0.151643 0.030000 0.019718
0 0.513125 0.141784 0.016250 0.003756
