0 0.135712 0.476995 0.058925 0.058216
0 0.097500 0.686385 0.050000 0.033803
0 0.079375 0.379305 0.056250 0.091944
0 0.128481 0.587324 0.054462 0.034742
0 0.411250 0.139005 0.032500 0.030122
0 0.085938 0.551038 0.054375 0.033531
0 0.389994 0.577465 0.037487 0.033803
0 0.379600 0.209089 0.031700 0.029446
0 0.061475 0.172169 0.032950 0.028845
0 0.282550 0.281892 0.030100 0.028573
0 0.152100 0.308249 0.031700 0.028704
0 0.120000 0.238869 0.032500 0.028911
0 0.513038 0.096915 0.018575 0.011671
0 0.336962 0.310329 0.013925 0.014085
0 0.578750 0.206103 0.015000 0.014085
0 0.497500 0.285446 0.015000 0.011268
0 0.535900 0.327305 0.016800 0.012357
0 0.426250 0.230516 0.017500 0.010329
0 0.477544 0.142732 0.020088 0.016920
0 0.053125 0.435211 0.026250 0.014085
0 0.221875 0.639906 0.026250 0.014085
0 0.133125 0.660094 0.016250 0.011268
0 0.299375 0.373239 0.016250 0.014085
0 0.241163 0.453451 0.019825 0.016761
0 0.427500 0.519249 0.025000 0.013146
0 0.376250 0.549296 0.022500 0.015023
0 0.548750 0.407981 0.022500 0.014085
0 0.628125 0.569484 0.013750 0.014085
0 0.513125 0.373709 0.013750 0.013146
0 0.566250 0.531455 0.015000 0.013146
0 0.509375 0.419718 0.013750 0.011268
0 0.374375 0.517840 0.016250 0.012207
0 0.571250 0.502817 0.010000 0.006573
0 0.819375 0.616432 0.018750 0.012207
0 0.987500 0.509390 0.025000 0.025352
0 0.927500 0.516432 0.012500 0.011268
0 0.838125 0.522066 0.013750 0.011268
0 0.826875 0.408920 0.011250 0.012207
0 0.753750 0.395305 0.012500 0.011268
0 0.818125 0.396714 0.006250 0.006573
0 0.312900 0.726023 0.023300 0.011671
0 0.189375 0.721596 0.018750 0.012207
0 0.430625 0.764319 0.021250 0.011268
0 0.428125 0.790141 0.018750 0.008451
0 0.835625 0.704695 0.011250 0.008451
0 0.796231 0.230207 0.007462 0.005953
0 0.815312 0.126836 0.005625 0.005784
0 0.471494 0.131634 0.015488 0.007869
0 0.095794 0.258582 0.016587 0.006366
0 0.544600 0.239441 0.006700 0.003765
0 0.964231 0.515418 0.025962 0.022385
0 0.977744 0.509296 0.005487 0.012019
