0 0.635625 0.280694 0.093750 0.068416
0 0.540625 0.740394 0.068750 0.058107
1 0.738125 0.544517 0.256250 0.127460
0 0.421875 0.790066 0.048750 0.037488
0 0.721250 0.141050 0.032500 0.023430
0 0.578125 0.313964 0.073750 0.056232
0 0.283750 0.774133 0.047500 0.037488
0 0.372500 0.738519 0.040000 0.035614
0 0.676875 0.701031 0.236250 0.183693
0 0.231250 0.650890 0.037500 0.030928
0 0.558125 0.613402 0.046250 0.025305
0 0.603125 0.779756 0.041250 0.041237
0 0.394375 0.328960 0.018750 0.013121
0 0.872500 0.775539 0.055000 0.045923
0 0.836875 0.895033 0.048750 0.052484
0 0.859375 0.513121 0.058750 0.034677
0 0.142500 0.676664 0.060000 0.050609
0 0.490625 0.663074 0.053750 0.032802
0 0.930000 0.258201 0.050000 0.062793
0 0.131875 0.487816 0.021250 0.014058
0 0.021875 0.563261 0.043750 0.086223
0 0.352500 0.795220 0.040000 0.030928
0 0.186250 0.694939 0.080000 0.066542
0 0.050000 0.769916 0.022500 0.029053
0 0.091875 0.723524 0.038750 0.031865
0 0.313125 0.693533 0.091250 0.041237
0 0.401875 0.686973 0.191250 0.116214
0 0.304375 0.615276 0.013750 0.008435
0 0.475625 0.602624 0.021250 0.011246
0 0.292500 0.561387 0.162500 0.078725
0 0.243750 0.545455 0.107500 0.048735
0 0.263750 0.496251 0.137500 0.062793
0 0.350625 0.432052 0.156250 0.067479
0 0.371250 0.505623 0.125000 0.053421
0 0.575625 0.415183 0.061250 0.022493
0 0.616875 0.477038 0.021250 0.024367
0 0.671875 0.480319 0.056250 0.030928
0 0.596250 0.348641 0.017500 0.014995
0 0.419375 0.366448 0.016250 0.009372
0 0.506250 0.305061 0.017500 0.014058
0 0.294375 0.322399 0.051250 0.046860
0 0.155000 0.376757 0.112500 0.043112
0 0.157500 0.266167 0.017500 0.013121
0 0.310000 0.171040 0.017500 0.014058
0 0.374375 0.213683 0.016250 0.014995
0 0.528125 0.187441 0.016250 0.013121
0 0.908750 0.013121 0.032500 0.026242
0 0.948750 0.425492 0.067500 0.024367
0 0.951875 0.567479 0.041250 0.038425
0 0.773125 0.498126 0.036250 0.030928
1 0.572500 0.493440 0.232500 0.169634
1 0.823750 0.332240 0.242500 0.205248
