0 0.233125 0.365511 0.083750 0.065604
0 0.823125 0.507966 0.073750 0.046860
1 0.596250 0.330366 0.150000 0.184630
0 0.870625 0.603561 0.046250 0.033739
0 0.061875 0.280225 0.028750 0.022493
0 0.267500 0.413777 0.070000 0.051546
0 0.826875 0.703374 0.046250 0.032802
0 0.793750 0.632146 0.045000 0.027179
0 0.791875 0.400656 0.228750 0.164011
0 0.656875 0.723524 0.038750 0.026242
0 0.657500 0.475633 0.030000 0.032802
0 0.885000 0.468135 0.052500 0.027179
0 0.258750 0.552015 0.015000 0.013121
0 0.921250 0.267573 0.057500 0.038425
0 0.573125 0.237113 0.041250 0.041237
0 0.676250 0.792877 0.062500 0.041237
0 0.713125 0.532802 0.038750 0.038425
0 0.249375 0.144330 0.081250 0.031865
0 0.426250 0.770384 0.017500 0.014995
0 0.508125 0.864574 0.113750 0.025305
0 0.865625 0.656045 0.038750 0.028116
0 0.708125 0.763824 0.083750 0.054358
0 0.785000 0.875820 0.037500 0.014058
0 0.731250 0.837863 0.040000 0.026242
0 0.725000 0.669166 0.047500 0.065604
0 0.730625 0.602156 0.141250 0.135895
0 0.621250 0.663543 0.010000 0.009372
0 0.631875 0.534208 0.013750 0.014995
0 0.548750 0.663543 0.092500 0.116214
0 0.519375 0.697282 0.056250 0.076851
0 0.458125 0.674789 0.073750 0.099344
0 0.387500 0.600281 0.077500 0.113402
0 0.488125 0.596532 0.061250 0.090909
0 0.400000 0.431115 0.025000 0.044986
0 0.488750 0.410028 0.030000 0.014058
0 0.500625 0.370665 0.036250 0.040300
0 0.315625 0.406279 0.018750 0.012184
0 0.311875 0.538894 0.011250 0.011246
0 0.243750 0.465792 0.017500 0.011246
0 0.234375 0.625117 0.058750 0.035614
0 0.284375 0.736176 0.048750 0.081537
0 0.138125 0.717432 0.016250 0.012184
0 0.037500 0.589503 0.017500 0.011246
0 0.103125 0.549203 0.018750 0.011246
0 0.091875 0.431115 0.016250 0.011246
0 0.472500 0.156982 0.027500 0.049672
0 0.659375 0.176195 0.048750 0.028116
0 0.540625 0.297563 0.038750 0.025305
1 0.502500 0.445173 0.210000 0.163074
1 0.330000 0.234302 0.257500 0.166823
