0 0.885625 0.562793 0.071250 0.059044
0 0.855000 0.740394 0.027500 0.020619
0 0.082500 0.258669 0.022500 0.016870
0 0.519375 0.581537 0.026250 0.021556
0 0.716875 0.113402 0.026250 0.016870
0 0.483750 0.645267 0.027500 0.038425
0 0.336875 0.678538 0.028750 0.043112
0 0.460625 0.515933 0.031250 0.021556
0 0.880000 0.416589 0.032500 0.023430
0 0.559375 0.661668 0.016250 0.022493
0 0.784375 0.388472 0.083750 0.049672
0 0.270000 0.669634 0.035000 0.019681
0 0.393750 0.504217 0.020000 0.011246
0 0.447500 0.723055 0.015000 0.012184
0 0.075625 0.326148 0.021250 0.014995
0 0.705625 0.754452 0.021250 0.033739
0 0.859375 0.219775 0.026250 0.015933
0 0.746875 0.242737 0.021250 0.016870
0 0.284375 0.274602 0.026250 0.014995
0 0.638750 0.786785 0.047500 0.021556
0 0.455625 0.335520 0.021250 0.013121
0 0.807500 0.722118 0.035000 0.017807
0 0.940000 0.399250 0.022500 0.018744
0 0.210625 0.362231 0.021250 0.015933
0 0.688750 0.784442 0.032500 0.018744
0 0.851250 0.503749 0.022500 0.014058
0 0.861875 0.320056 0.033750 0.023430
0 0.823750 0.113402 0.022500 0.016870
0 0.233125 0.462980 0.036250 0.024367
0 0.261875 0.558107 0.073750 0.062793
0 0.522500 0.108716 0.022500 0.014995
0 0.394375 0.320525 0.028750 0.024367
0 0.584375 0.511715 0.021250 0.011246
0 0.718750 0.607779 0.042500 0.030928
0 0.819375 0.341612 0.066250 0.040300
0 0.911250 0.661668 0.007500 0.007498
0 0.918750 0.658857 0.010000 0.011246
0 0.906250 0.781162 0.017500 0.010309
0 0.938750 0.789128 0.017500 0.007498
0 0.939375 0.795220 0.016250 0.006560
0 0.470625 0.705717 0.021250 0.031865
0 0.486875 0.704311 0.023750 0.034677
0 0.438750 0.724930 0.007500 0.010309
0 0.329375 0.679007 0.023750 0.044049
0 0.148125 0.760544 0.018750 0.014058
0 0.109375 0.762887 0.018750 0.011246
0 0.103125 0.619494 0.016250 0.013121
0 0.055625 0.510309 0.111250 0.055295
0 0.050625 0.500469 0.101250 0.052484
0 0.043750 0.489691 0.087500 0.049672
0 0.079375 0.446111 0.058750 0.018744
0 0.042500 0.436739 0.060000 0.018744
0 0.251875 0.440487 0.018750 0.011246
0 0.383750 0.171040 0.020000 0.012184
0 0.423125 0.113871 0.048750 0.053421
0 0.570625 0.190253 0.046250 0.050609
0 0.633750 0.188379 0.020000 0.013121
0 0.523125 0.313496 0.026250 0.019681
0 0.393125 0.325679 0.033750 0.027179
0 0.385000 0.338800 0.020000 0.012184
0 0.700625 0.305530 0.018750 0.026242
0 0.691875 0.307873 0.031250 0.040300
0 0.793125 0.321931 0.061250 0.038425
0 0.746250 0.366917 0.027500 0.012184
0 0.683125 0.382849 0.033750 0.012184
0 0.687500 0.399250 0.020000 0.024367
0 0.715625 0.395033 0.046250 0.036551
0 0.725000 0.424086 0.020000 0.014058
0 0.742500 0.450328 0.087500 0.068416
0 0.600000 0.496720 0.020000 0.011246
0 0.771875 0.492034 0.028750 0.020619
0 0.491250 0.421743 0.017500 0.011246
0 0.477500 0.432990 0.025000 0.020619
0 0.480000 0.443299 0.042500 0.031865
0 0.465625 0.466261 0.018750 0.010309
0 0.497500 0.462512 0.050000 0.021556
0 0.371875 0.558107 0.013750 0.010309
0 0.728750 0.621837 0.047500 0.019681
0 0.751875 0.630272 0.048750 0.017807
0 0.690625 0.751640 0.021250 0.041237
0 0.450000 0.824742 0.027500 0.009372
0 0.956250 0.401593 0.012500 0.008435
0 0.917500 0.396439 0.020000 0.009372
0 0.929375 0.386598 0.018750 0.010309
0 0.497500 0.643393 0.025000 0.032802
0 0.570000 0.659794 0.012500 0.020619
0 0.523750 0.583411 0.020000 0.015933
0 0.464375 0.520150 0.026250 0.020619
0 0.228750 0.466261 0.032500 0.023430
0 0.923750 0.557638 0.042500 0.052484
0 0.221875 0.528585 0.048750 0.125586
0 0.211875 0.530459 0.051250 0.125586
0 0.199375 0.529991 0.038750 0.104030
