0 0.533125 0.197751 0.081250 0.054358
0 0.362500 0.805530 0.072500 0.051546
0 0.090000 0.474695 0.062500 0.051546
0 0.435000 0.780225 0.060000 0.044049
0 0.794375 0.533271 0.116250 0.061856
0 0.670000 0.200094 0.060000 0.036551
0 0.711875 0.228679 0.051250 0.039363
0 0.950625 0.251172 0.038750 0.035614
0 0.378125 0.605904 0.056250 0.038425
0 0.313125 0.701500 0.046250 0.034677
0 0.588125 0.137769 0.078750 0.041237
0 0.711875 0.163074 0.051250 0.041237
0 0.249375 0.767573 0.076250 0.037488
0 0.142500 0.246954 0.052500 0.053421
0 0.733750 0.544517 0.087500 0.048735
0 0.282500 0.682755 0.062500 0.030928
0 0.451875 0.271790 0.053750 0.043112
0 0.665625 0.122774 0.068750 0.029991
0 0.104375 0.836926 0.016250 0.018744
0 0.156250 0.901593 0.015000 0.005623
0 0.185625 0.645267 0.018750 0.012184
0 0.116875 0.412371 0.028750 0.028116
0 0.515625 0.651359 0.023750 0.014995
0 0.586250 0.792877 0.022500 0.022493
0 0.282500 0.313027 0.027500 0.029991
0 0.966250 0.828491 0.022500 0.018744
0 0.835625 0.196345 0.036250 0.027179
0 0.949375 0.193533 0.018750 0.014058
0 0.866875 0.137301 0.021250 0.015933
0 0.145000 0.326617 0.027500 0.027179
0 0.105625 0.188379 0.018750 0.026242
0 0.240625 0.206654 0.026250 0.023430
0 0.396250 0.279756 0.060000 0.053421
0 0.477500 0.332240 0.045000 0.066542
0 0.527500 0.597938 0.012500 0.020619
0 0.485625 0.582474 0.081250 0.029053
1 0.481250 0.448922 0.082500 0.245548
1 0.549375 0.617151 0.086250 0.253983
1 0.597500 0.804592 0.060000 0.132146
0 0.478750 0.669634 0.070000 0.034677
0 0.448125 0.670103 0.068750 0.029991
0 0.508125 0.644330 0.071250 0.030928
0 0.848125 0.610590 0.108750 0.049672
0 0.956875 0.450797 0.078750 0.044986
0 0.243750 0.761949 0.050000 0.028116
0 0.685625 0.292409 0.026250 0.016870
