0 0.899375 0.550609 0.066250 0.057170
0 0.106875 0.370197 0.063750 0.050609
0 0.570000 0.195876 0.065000 0.043112
0 0.133750 0.426898 0.055000 0.042174
0 0.430625 0.716495 0.073750 0.083411
0 0.884375 0.652296 0.043750 0.043112
0 0.841875 0.682287 0.048750 0.035614
0 0.792500 0.862699 0.045000 0.032802
0 0.371250 0.400187 0.047500 0.039363
0 0.249375 0.342549 0.043750 0.032802
0 0.974375 0.597001 0.048750 0.056232
0 0.929375 0.687910 0.051250 0.035614
0 0.166875 0.290066 0.043750 0.055295
0 0.946875 0.892221 0.041250 0.035614
0 0.867500 0.255858 0.067500 0.035614
0 0.421250 0.670572 0.057500 0.062793
0 0.276875 0.320993 0.036250 0.044049
0 0.806875 0.483599 0.053750 0.037488
0 0.984375 0.656045 0.031250 0.048735
0 0.086875 0.174789 0.023750 0.010309
0 0.335000 0.253046 0.015000 0.013121
0 0.650000 0.221181 0.035000 0.018744
0 0.297500 0.498594 0.017500 0.016870
0 0.103750 0.538894 0.027500 0.014995
0 0.767500 0.353327 0.037500 0.018744
0 0.023750 0.820056 0.022500 0.014995
0 0.873750 0.776945 0.032500 0.024367
0 0.868750 0.862231 0.017500 0.013121
0 0.950625 0.805998 0.018750 0.014995
0 0.761875 0.250703 0.033750 0.017807
0 0.949375 0.232427 0.033750 0.011246
0 0.913125 0.332240 0.028750 0.017807
0 0.802500 0.442362 0.067500 0.041237
0 0.725000 0.498594 0.085000 0.028116
0 0.368125 0.511715 0.026250 0.007498
0 0.392500 0.482193 0.032500 0.059044
1 0.570000 0.490159 0.325000 0.041237
1 0.340625 0.526710 0.336250 0.043112
1 0.088125 0.546392 0.173750 0.033739
0 0.278125 0.469541 0.041250 0.050609
0 0.278750 0.446111 0.035000 0.048735
0 0.308125 0.492971 0.036250 0.050609
0 0.322500 0.749766 0.057500 0.078725
0 0.525625 0.845361 0.053750 0.056232
0 0.174375 0.285380 0.033750 0.034677
0 0.760000 0.656514 0.020000 0.017807
0 0.899375 0.550609 0.066250 0.057170
0 0.106875 0.370197 0.063750 0.050609
0 0.570000 0.195876 0.065000 0.043112
0 0.133750 0.426898 0.055000 0.042174
0 0.430625 0.716495 0.073750 0.083411
0 0.884375 0.652296 0.043750 0.043112
0 0.841875 0.682287 0.048750 0.035614
0 0.792500 0.862699 0.045000 0.032802
0 0.371250 0.400187 0.047500 0.039363
0 0.249375 0.342549 0.043750 0.032802
0 0.974375 0.597001 0.048750 0.056232
0 0.929375 0.687910 0.051250 0.035614
0 0.166875 0.290066 0.043750 0.055295
0 0.946875 0.892221 0.041250 0.035614
0 0.867500 0.255858 0.067500 0.035614
0 0.421250 0.670572 0.057500 0.062793
0 0.276875 0.320993 0.036250 0.044049
0 0.806875 0.483599 0.053750 0.037488
0 0.984375 0.656045 0.031250 0.048735
0 0.086875 0.174789 0.023750 0.010309
0 0.335000 0.253046 0.015000 0.013121
0 0.650000 0.221181 0.035000 0.018744
0 0.297500 0.498594 0.017500 0.016870
0 0.103750 0.538894 0.027500 0.014995
0 0.767500 0.353327 0.037500 0.018744
0 0.023750 0.820056 0.022500 0.014995
0 0.873750 0.776945 0.032500 0.024367
0 0.868750 0.862231 0.017500 0.013121
0 0.950625 0.805998 0.018750 0.014995
0 0.761875 0.250703 0.033750 0.017807
0 0.949375 0.232427 0.033750 0.011246
0 0.913125 0.332240 0.028750 0.017807
0 0.802500 0.442362 0.067500 0.041237
0 0.725000 0.498594 0.085000 0.028116
0 0.368125 0.511715 0.026250 0.007498
0 0.392500 0.482193 0.032500 0.059044
1 0.570000 0.490159 0.325000 0.041237
1 0.340625 0.526710 0.336250 0.043112
1 0.088125 0.546392 0.173750 0.033739
0 0.278125 0.469541 0.041250 0.050609
0 0.278750 0.446111 0.035000 0.048735
0 0.308125 0.492971 0.036250 0.050609
0 0.322500 0.749766 0.057500 0.078725
0 0.525625 0.845361 0.053750 0.056232
0 0.174375 0.285380 0.033750 0.034677
0 0.760000 0.656514 0.020000 0.017807
