0 0.455000 0.590440 0.120000 0.071228
0 0.743125 0.445173 0.083750 0.058107
0 0.173750 0.598407 0.057500 0.038425
0 0.975000 0.589972 0.040000 0.051546
0 0.484375 0.643393 0.026250 0.017807
0 0.335625 0.655576 0.036250 0.014058
0 0.221250 0.123711 0.052500 0.035614
0 0.851875 0.513121 0.066250 0.034677
0 0.764375 0.574508 0.023750 0.009372
0 0.623125 0.169634 0.106250 0.080600
0 0.226250 0.620900 0.017500 0.015933
0 0.653125 0.162605 0.038750 0.032802
0 0.686250 0.173852 0.147500 0.083411
0 0.734375 0.176195 0.086250 0.028116
0 0.768750 0.156514 0.070000 0.033739
0 0.875000 0.409560 0.057500 0.033739
0 0.799375 0.532802 0.021250 0.012184
0 0.802500 0.663074 0.025000 0.012184
0 0.940000 0.629803 0.055000 0.033739
0 0.788750 0.511715 0.017500 0.013121
0 0.766250 0.532802 0.037500 0.034677
0 0.726875 0.548266 0.041250 0.018744
0 0.699375 0.520619 0.021250 0.017807
0 0.703750 0.498126 0.032500 0.032802
0 0.756875 0.507029 0.091250 0.084349
0 0.620625 0.408154 0.016250 0.015933
0 0.473125 0.519681 0.051250 0.017807
0 0.347500 0.659325 0.030000 0.012184
0 0.211250 0.652765 0.030000 0.008435
0 0.445625 0.341143 0.038750 0.026242
0 0.401875 0.354264 0.098750 0.028116
0 0.386250 0.368322 0.042500 0.020619
0 0.369375 0.320525 0.078750 0.024367
0 0.365000 0.333646 0.072500 0.022493
0 0.349375 0.363168 0.021250 0.025305
1 0.355000 0.482662 0.227500 0.080600
1 0.460625 0.425023 0.256250 0.177132
1 0.523125 0.461106 0.183750 0.164948
1 0.568125 0.567479 0.323750 0.120900
1 0.636250 0.475164 0.180000 0.157451
0 0.766875 0.583411 0.021250 0.010309
0 0.177500 0.117151 0.112500 0.035614
0 0.075625 0.112933 0.068750 0.038425
0 0.093125 0.119025 0.051250 0.031865
