0 0.851250 0.440956 0.100000 0.075914
0 0.896863 0.367985 0.103725 0.066804
0 0.963750 0.474695 0.057500 0.053421
0 0.475000 0.492971 0.055000 0.097470
0 0.937500 0.268041 0.075000 0.041237
0 0.912237 0.464569 0.031975 0.036917
0 0.802500 0.527648 0.057500 0.033739
0 0.650625 0.632146 0.053750 0.029053
0 0.611019 0.683440 0.057038 0.017301
1 0.172100 0.657798 0.121700 0.211565
0 0.084375 0.453608 0.038750 0.035614
0 0.389375 0.567948 0.063750 0.103093
1 0.414375 0.589972 0.091250 0.149016
0 0.088750 0.584349 0.032500 0.038425
0 0.104375 0.471884 0.033750 0.038425
0 0.836644 0.541921 0.043288 0.026673
0 0.599375 0.570291 0.033750 0.068416
0 0.702500 0.575445 0.050000 0.024367
0 0.079375 0.368322 0.046250 0.028116
0 0.710713 0.524813 0.033925 0.059934
0 0.633869 0.381073 0.025238 0.089231
0 0.693850 0.599082 0.052700 0.026654
0 0.559575 0.416045 0.029150 0.037338
1 0.187106 0.428458 0.036713 0.167132
0 0.291450 0.249367 0.100400 0.047001
0 0.120581 0.663679 0.023662 0.030262
0 0.202500 0.285848 0.027500 0.018744
0 0.171875 0.527179 0.018750 0.019681
0 0.041250 0.391284 0.017500 0.019681
0 0.070000 0.662015 0.025000 0.028810
0 0.566875 0.625117 0.033750 0.022493
0 0.599375 0.655108 0.028750 0.020619
0 0.617500 0.533739 0.017500 0.010309
0 0.739375 0.498594 0.026250 0.014995
0 0.842213 0.506017 0.036925 0.014845
0 0.747400 0.584602 0.027300 0.025811
0 0.934087 0.589644 0.030675 0.015276
0 0.006250 0.673383 0.012500 0.014058
0 0.036875 0.772259 0.018750 0.011246
0 0.025000 0.750234 0.020000 0.012184
0 0.003750 0.744611 0.007500 0.017807
0 0.844494 0.669194 0.008988 0.005679
0 0.988144 0.528308 0.023788 0.021940
0 0.985613 0.504363 0.028725 0.026532
0 0.753738 0.534405 0.012475 0.007891
0 0.720450 0.434461 0.033400 0.032933
0 0.711819 0.413187 0.026138 0.031621
0 0.705594 0.393430 0.033688 0.033346
0 0.621094 0.433065 0.012188 0.011396
0 0.589263 0.361996 0.011025 0.011715
0 0.513306 0.419630 0.011612 0.014517
0 0.839519 0.336729 0.029038 0.021162
0 0.815244 0.245056 0.030488 0.019634
0 0.768644 0.248711 0.027287 0.096298
0 0.740263 0.269147 0.018025 0.030328
0 0.689725 0.248046 0.031950 0.027488
1 0.656644 0.279021 0.055788 0.141921
1 0.587750 0.333707 0.068000 0.187563
1 0.509556 0.379831 0.106613 0.201087
0 0.137581 0.339255 0.022662 0.016842
0 0.045175 0.356678 0.020350 0.016073
0 0.030044 0.324316 0.020088 0.015080
0 0.006844 0.315328 0.013687 0.015848
0 0.211694 0.355445 0.013388 0.017357
0 0.212812 0.375544 0.013125 0.018191
0 0.052025 0.532549 0.019050 0.019175
0 0.050750 0.511209 0.016500 0.021481
0 0.002850 0.541007 0.005700 0.007976
0 0.014919 0.524396 0.007338 0.006617
0 0.074844 0.605811 0.032188 0.023243
0 0.079275 0.679503 0.013550 0.013177
0 0.095281 0.662142 0.018062 0.034686
0 0.111519 0.785487 0.033037 0.022709
0 0.149794 0.727994 0.009588 0.008941
0 0.368906 0.703857 0.022812 0.011275
0 0.579487 0.609742 0.011475 0.006739
0 0.500619 0.644499 0.011238 0.006898
