0 0.603750 0.601687 0.097500 0.065604
0 0.073125 0.285848 0.118750 0.114339
0 0.923125 0.337863 0.141250 0.107779
0 0.295625 0.804124 0.076250 0.050609
0 0.195000 0.176195 0.050000 0.033739
0 0.545000 0.628397 0.062500 0.057170
0 0.308125 0.557638 0.046250 0.033739
0 0.879375 0.863168 0.043750 0.031865
0 0.092500 0.354264 0.050000 0.031865
1 0.552500 0.402999 0.137500 0.146204
0 0.332500 0.746954 0.070000 0.052484
0 0.250625 0.734770 0.066250 0.050609
0 0.575000 0.412371 0.050000 0.054358
0 0.131250 0.222587 0.222500 0.119025
0 0.016875 0.697282 0.033750 0.026242
0 0.223750 0.502343 0.022500 0.018744
0 0.058750 0.389878 0.030000 0.028116
0 0.070000 0.129803 0.032500 0.027179
0 0.531250 0.304592 0.025000 0.018744
0 0.586250 0.824274 0.030000 0.023430
0 0.775000 0.194470 0.172500 0.119025
0 0.734375 0.265698 0.323750 0.141518
0 0.636250 0.173852 0.102500 0.089035
0 0.858750 0.176195 0.085000 0.069353
0 0.945000 0.259138 0.110000 0.227741
0 0.570625 0.676664 0.041250 0.029991
1 0.203125 0.713215 0.406250 0.191190
1 0.448750 0.691659 0.335000 0.376757
1 0.749375 0.720244 0.491250 0.358950
1 0.742500 0.718838 0.430000 0.352390
