0 0.055625 0.563899 0.063750 0.068754
0 0.142500 0.663074 0.077500 0.042174
0 0.912500 0.266635 0.055000 0.040300
0 0.752894 0.389934 0.065787 0.060094
0 0.741250 0.496720 0.017500 0.013121
0 0.070625 0.749766 0.033750 0.028116
0 0.109412 0.447957 0.028825 0.056176
0 0.214375 0.803655 0.031250 0.027179
0 0.823125 0.359888 0.063750 0.054358
0 0.197119 0.374339 0.041738 0.040150
0 0.535000 0.649953 0.020000 0.014058
0 0.539375 0.771321 0.018750 0.011246
1 0.672500 0.540300 0.247500 0.203374
0 0.626250 0.543187 0.022500 0.012334
0 0.321250 0.512652 0.027500 0.028116
0 0.328125 0.258669 0.016250 0.031865
0 0.768050 0.371556 0.046100 0.038332
0 0.849575 0.265314 0.034150 0.030159
0 0.772106 0.279091 0.016712 0.010853
0 0.825088 0.145173 0.022675 0.044799
0 0.979387 0.151495 0.036275 0.031200
0 0.934456 0.658290 0.013913 0.011987
0 0.832575 0.577376 0.020150 0.013233
0 0.808288 0.562512 0.031575 0.032240
0 0.773794 0.534513 0.037588 0.056842
0 0.565400 0.437118 0.010800 0.008257
0 0.558425 0.449845 0.006850 0.009344
0 0.512169 0.416776 0.011838 0.029428
0 0.554881 0.360656 0.009763 0.059644
0 0.449775 0.596284 0.012050 0.009813
0 0.414706 0.581692 0.056913 0.051856
0 0.182206 0.582933 0.094412 0.044967
0 0.216487 0.550633 0.072975 0.038472
0 0.012581 0.391973 0.015163 0.011687
0 0.018013 0.351303 0.016025 0.012821
0 0.111831 0.334208 0.036163 0.025492
0 0.101725 0.250094 0.035950 0.029709
0 0.049437 0.134161 0.036375 0.032146
0 0.313738 0.162277 0.032475 0.032146
0 0.492606 0.067915 0.017712 0.013993
1 0.410438 0.247493 0.158375 0.075117
1 0.263344 0.313669 0.144187 0.169981
1 0.419738 0.373632 0.246975 0.102465
1 0.503406 0.378744 0.099312 0.118313
1 0.474544 0.397554 0.169088 0.152184
1 0.436781 0.538608 0.258562 0.203739
1 0.595800 0.506781 0.094100 0.136336
