0 0.446250 0.163074 0.095000 0.052484
0 0.308125 0.220712 0.061250 0.060918
0 0.782500 0.824274 0.057500 0.044049
0 0.628750 0.696813 0.085000 0.053421
0 0.488125 0.680881 0.018750 0.014058
0 0.198750 0.161668 0.040000 0.027179
0 0.596875 0.211340 0.076250 0.025305
0 0.116875 0.265698 0.038750 0.025305
0 0.664375 0.751172 0.076250 0.051546
0 0.688125 0.283037 0.056250 0.033739
0 0.298750 0.515933 0.020000 0.015933
0 0.136875 0.510778 0.016250 0.014995
1 0.435000 0.625586 0.287500 0.199625
0 0.435000 0.590909 0.017500 0.017807
0 0.495625 0.365511 0.038750 0.022493
0 0.833125 0.388472 0.043750 0.014058
0 0.651875 0.710403 0.053750 0.037488
0 0.787500 0.778351 0.042500 0.027179
0 0.775625 0.718838 0.016250 0.013121
0 0.948125 0.768041 0.058750 0.019681
0 0.931875 0.883318 0.043750 0.029053
0 0.260000 0.814433 0.017500 0.011246
0 0.373125 0.743674 0.018750 0.015933
0 0.396250 0.726804 0.045000 0.025305
0 0.435625 0.702905 0.078750 0.031865
0 0.580000 0.552952 0.012500 0.009372
0 0.562500 0.547329 0.012500 0.005623
0 0.611250 0.514995 0.040000 0.010309
0 0.682500 0.551078 0.080000 0.011246
0 0.375625 0.455951 0.013750 0.010309
0 0.397500 0.430178 0.072500 0.046860
0 0.411875 0.256326 0.066250 0.074039
0 0.451875 0.284442 0.056250 0.057170
0 0.678125 0.142924 0.016250 0.012184
0 0.731875 0.149953 0.018750 0.013121
0 0.748125 0.221649 0.036250 0.029053
0 0.860000 0.219775 0.042500 0.029053
0 0.962500 0.384255 0.045000 0.026242
1 0.843125 0.450797 0.111250 0.123711
1 0.764375 0.336926 0.236250 0.119025
1 0.674375 0.449391 0.153750 0.192127
1 0.661875 0.510778 0.163750 0.082474
1 0.638125 0.488285 0.213750 0.136832
1 0.453125 0.450797 0.288750 0.208060
1 0.483750 0.572165 0.187500 0.079663
0 0.446250 0.163074 0.095000 0.052484
0 0.308125 0.220712 0.061250 0.060918
0 0.782500 0.824274 0.057500 0.044049
0 0.628750 0.696813 0.085000 0.053421
0 0.488125 0.680881 0.018750 0.014058
0 0.198750 0.161668 0.040000 0.027179
0 0.596875 0.211340 0.076250 0.025305
0 0.116875 0.265698 0.038750 0.025305
0 0.664375 0.751172 0.076250 0.051546
0 0.688125 0.283037 0.056250 0.033739
0 0.298750 0.515933 0.020000 0.015933
0 0.136875 0.510778 0.016250 0.014995
1 0.435000 0.625586 0.287500 0.199625
0 0.435000 0.590909 0.017500 0.017807
0 0.495625 0.365511 0.038750 0.022493
0 0.833125 0.388472 0.043750 0.014058
0 0.651875 0.710403 0.053750 0.037488
0 0.787500 0.778351 0.042500 0.027179
0 0.775625 0.718838 0.016250 0.013121
0 0.948125 0.768041 0.058750 0.019681
0 0.931875 0.883318 0.043750 0.029053
0 0.260000 0.814433 0.017500 0.011246
0 0.373125 0.743674 0.018750 0.015933
0 0.396250 0.726804 0.045000 0.025305
0 0.435625 0.702905 0.078750 0.031865
0 0.580000 0.552952 0.012500 0.009372
0 0.562500 0.547329 0.012500 0.005623
0 0.611250 0.514995 0.040000 0.010309
0 0.682500 0.551078 0.080000 0.011246
0 0.375625 0.455951 0.013750 0.010309
0 0.397500 0.430178 0.072500 0.046860
0 0.411875 0.256326 0.066250 0.074039
0 0.451875 0.284442 0.056250 0.057170
0 0.678125 0.142924 0.016250 0.012184
0 0.731875 0.149953 0.018750 0.013121
0 0.748125 0.221649 0.036250 0.029053
0 0.860000 0.219775 0.042500 0.029053
0 0.962500 0.384255 0.045000 0.026242
1 0.843125 0.450797 0.111250 0.123711
1 0.764375 0.336926 0.236250 0.119025
1 0.674375 0.449391 0.153750 0.192127
1 0.661875 0.510778 0.163750 0.082474
1 0.638125 0.488285 0.213750 0.136832
1 0.453125 0.450797 0.288750 0.208060
1 0.483750 0.572165 0.187500 0.079663
