0 0.600625 0.831303 0.093750 0.050609
0 0.730625 0.762887 0.058750 0.059981
0 0.174375 0.200094 0.056250 0.042174
0 0.345000 0.314433 0.082500 0.051546
0 0.487500 0.320525 0.017500 0.013121
0 0.848125 0.813496 0.038750 0.026242
0 0.444375 0.795220 0.076250 0.023430
0 0.915000 0.703843 0.037500 0.024367
0 0.301250 0.263824 0.075000 0.049672
0 0.343750 0.731022 0.055000 0.031865
0 0.698750 0.469072 0.020000 0.015933
0 0.859375 0.461575 0.016250 0.014058
1 0.547500 0.369728 0.280000 0.192127
0 0.552500 0.404873 0.017500 0.016870
0 0.523125 0.634021 0.038750 0.021556
0 0.185000 0.637301 0.042500 0.013121
0 0.320000 0.303655 0.052500 0.035614
0 0.175625 0.246485 0.041250 0.026242
0 0.196250 0.304124 0.015000 0.012184
0 0.022500 0.268041 0.045000 0.018744
0 0.019375 0.152765 0.038750 0.028116
0 0.695625 0.169166 0.016250 0.010309
0 0.591875 0.248360 0.018750 0.014995
0 0.571875 0.267104 0.043750 0.024367
0 0.537500 0.293346 0.077500 0.029991
0 0.413125 0.454077 0.011250 0.008435
0 0.431250 0.458763 0.012500 0.004686
0 0.388125 0.493908 0.038750 0.009372
0 0.312500 0.463918 0.080000 0.009372
0 0.631250 0.535145 0.012500 0.009372
0 0.611875 0.561387 0.071250 0.044986
0 0.621875 0.735708 0.063750 0.073102
0 0.578125 0.710872 0.053750 0.055295
0 0.372500 0.869728 0.015000 0.011246
0 0.318750 0.867385 0.017500 0.012184
0 0.292500 0.796626 0.035000 0.028116
0 0.181875 0.807873 0.041250 0.028116
0 0.033750 0.850047 0.035000 0.028116
0 0.056875 0.651828 0.043750 0.025305
1 0.166250 0.576382 0.105000 0.121837
1 0.260625 0.683693 0.231250 0.113402
1 0.333750 0.564199 0.145000 0.189316
1 0.338125 0.501874 0.161250 0.077788
1 0.365625 0.523430 0.208750 0.132146
1 0.553750 0.545455 0.280000 0.200562
1 0.506250 0.428304 0.185000 0.074977
