0 0.540000 0.674648 0.057500 0.036620
0 0.525000 0.546009 0.055000 0.040376
0 0.160625 0.434742 0.088750 0.039437
0 0.640000 0.550704 0.065000 0.061033
0 0.723125 0.296244 0.073750 0.030986
0 0.386875 0.501878 0.046250 0.030986
0 0.315625 0.268545 0.046250 0.028169
0 0.575000 0.538498 0.067500 0.055399
0 0.920625 0.608920 0.046250 0.059155
0 0.533125 0.580751 0.051250 0.023474
0 0.568125 0.645540 0.066250 0.053521
0 0.035625 0.536620 0.071250 0.081690
0 0.160000 0.276526 0.035000 0.059155
0 0.613125 0.529108 0.053750 0.059155
0 0.135000 0.307981 0.032500 0.060094
1 0.082500 0.460094 0.165000 0.063850
0 0.626875 0.600469 0.048750 0.036620
0 0.911875 0.249296 0.033750 0.034742
0 0.011250 0.607042 0.022500 0.036620
0 0.141875 0.273709 0.011250 0.012207
0 0.128750 0.272300 0.015000 0.013146
0 0.260625 0.236620 0.013750 0.011268
0 0.247500 0.242254 0.017500 0.028169
0 0.480000 0.316901 0.025000 0.038498
0 0.411875 0.278873 0.026250 0.022535
0 0.463125 0.319718 0.018750 0.014085
0 0.550625 0.286385 0.021250 0.011268
0 0.574375 0.316432 0.011250 0.007512
0 0.695000 0.294366 0.012500 0.019718
0 0.838125 0.320657 0.023750 0.021596
0 0.780625 0.297183 0.018750 0.012207
0 0.098750 0.357746 0.015000 0.011268
0 0.205625 0.436620 0.013750 0.009390
0 0.514375 0.456808 0.028750 0.036620
0 0.523125 0.598122 0.026250 0.016901
0 0.454375 0.576995 0.028750 0.019718
0 0.620000 0.482160 0.022500 0.017840
0 0.539375 0.372770 0.028750 0.015023
0 0.623125 0.447887 0.013750 0.015023
0 0.527500 0.379812 0.030000 0.015962
0 0.650000 0.476526 0.035000 0.014085
0 0.641875 0.466667 0.033750 0.015023
0 0.486250 0.471831 0.017500 0.012207
0 0.553125 0.338967 0.013750 0.011268
0 0.568125 0.358685 0.008750 0.015023
0 0.595000 0.424413 0.010000 0.013146
0 0.771875 0.515023 0.038750 0.027230
0 0.836250 0.382629 0.022500 0.019718
0 0.796875 0.393427 0.021250 0.016901
0 0.656875 0.657277 0.023750 0.016901
0 0.720000 0.370423 0.012500 0.006573
0 0.668750 0.625822 0.015000 0.010329
0 0.703750 0.500469 0.015000 0.011268
0 0.742500 0.571831 0.012500 0.007512
0 0.710000 0.436620 0.010000 0.013146
0 0.726250 0.376056 0.010000 0.006573
0 0.738750 0.378873 0.010000 0.012207
0 0.740625 0.585915 0.013750 0.007512
0 0.705000 0.412207 0.012500 0.007512
0 0.609375 0.695775 0.016250 0.011268
0 0.654375 0.693427 0.023750 0.017840
0 0.741875 0.807981 0.018750 0.014085
0 0.014375 0.680282 0.028750 0.049765
0 0.643125 0.673709 0.008750 0.015962
0 0.593750 0.626291 0.060000 0.048826
0 0.594375 0.570423 0.048750 0.027230
0 0.563125 0.354930 0.006250 0.009390
0 0.221250 0.232864 0.015000 0.005634
0 0.222500 0.227700 0.020000 0.008451
0 0.208125 0.234272 0.011250 0.010329
0 0.191875 0.218310 0.026250 0.021596
0 0.026250 0.330516 0.005000 0.009390
