0 0.720625 0.437559 0.046250 0.041315
0 0.554375 0.473709 0.051250 0.040376
0 0.479375 0.763850 0.048750 0.064789
0 0.539375 0.388263 0.078750 0.046009
0 0.191250 0.375587 0.037500 0.054460
0 0.524375 0.584038 0.038750 0.033803
0 0.233750 0.680751 0.035000 0.033803
0 0.536875 0.438498 0.071250 0.048826
0 0.561250 0.169014 0.077500 0.031925
0 0.599375 0.461033 0.028750 0.037559
0 0.676875 0.423005 0.068750 0.047887
0 0.637500 0.840845 0.105000 0.061033
0 0.272500 0.793897 0.077500 0.023474
0 0.516875 0.412207 0.076250 0.037559
0 0.319375 0.807042 0.078750 0.021596
1 0.527500 0.816432 0.077500 0.121127
0 0.608125 0.387324 0.046250 0.034742
0 0.093750 0.244601 0.045000 0.023474
0 0.735625 0.849296 0.046250 0.032864
0 0.273125 0.807981 0.016250 0.008451
0 0.272500 0.818310 0.017500 0.010329
0 0.202500 0.727230 0.015000 0.010329
0 0.211250 0.735681 0.037500 0.012207
0 0.263750 0.550235 0.050000 0.016901
0 0.228125 0.607981 0.028750 0.017840
0 0.271250 0.561972 0.017500 0.014085
0 0.211875 0.503756 0.013750 0.015962
0 0.245000 0.480751 0.010000 0.007512
0 0.194375 0.395775 0.026250 0.008451
0 0.201250 0.285446 0.027500 0.016901
0 0.181250 0.332864 0.015000 0.014085
0 0.391250 0.823474 0.015000 0.011268
0 0.472500 0.729108 0.012500 0.010329
0 0.441250 0.498592 0.047500 0.020657
0 0.624375 0.464789 0.021250 0.018779
0 0.610000 0.519249 0.025000 0.020657
0 0.453750 0.415493 0.022500 0.015962
0 0.325625 0.495305 0.018750 0.021596
0 0.408750 0.419718 0.020000 0.009390
0 0.338750 0.502817 0.020000 0.021596
0 0.441250 0.394366 0.017500 0.026291
0 0.429375 0.402347 0.018750 0.025352
0 0.465625 0.515493 0.016250 0.013146
0 0.278750 0.492488 0.015000 0.010329
0 0.302500 0.476995 0.020000 0.005634
0 0.383125 0.445540 0.016250 0.006573
0 0.468750 0.296714 0.035000 0.028169
0 0.282500 0.275587 0.025000 0.015962
0 0.304375 0.302347 0.021250 0.015023
0 0.675625 0.354930 0.021250 0.016901
0 0.289375 0.362911 0.008750 0.008451
0 0.631875 0.351174 0.013750 0.011268
0 0.461250 0.350235 0.015000 0.011268
0 0.547500 0.308451 0.010000 0.008451
0 0.376875 0.358216 0.016250 0.006573
0 0.295000 0.357277 0.007500 0.006573
0 0.296250 0.347418 0.015000 0.007512
0 0.566250 0.307042 0.010000 0.009390
0 0.346250 0.365728 0.010000 0.008451
0 0.735000 0.382629 0.015000 0.012207
0 0.723750 0.349296 0.022500 0.016901
0 0.856250 0.263380 0.017500 0.014085
0 0.831875 0.837559 0.063750 0.046948
0 0.699375 0.362441 0.021250 0.005634
0 0.647500 0.407512 0.062500 0.043192
0 0.573125 0.416901 0.033750 0.035681
0 0.298750 0.481221 0.012500 0.004695
0 0.203750 0.756338 0.007500 0.010329
0 0.197500 0.757277 0.010000 0.014085
0 0.208125 0.766667 0.013750 0.008451
0 0.191250 0.782160 0.027500 0.018779
0 0.368750 0.882629 0.012500 0.003756
