0 0.568488 0.669484 0.051975 0.031925
0 0.532281 0.542939 0.049562 0.036113
0 0.151875 0.465728 0.083750 0.031925
0 0.646731 0.537305 0.055963 0.056770
0 0.687500 0.276995 0.070000 0.024413
0 0.387500 0.512207 0.042500 0.027230
0 0.278769 0.287427 0.042537 0.024620
0 0.580213 0.531362 0.060425 0.050516
0 0.935000 0.569014 0.037500 0.056338
0 0.545406 0.576526 0.048313 0.018779
0 0.590550 0.637737 0.058600 0.049183
0 0.037500 0.579399 0.075000 0.075230
0 0.125619 0.308648 0.026237 0.057671
0 0.616225 0.518854 0.044950 0.055549
0 0.105581 0.342793 0.023662 0.058357
1 0.078750 0.498122 0.157500 0.049765
0 0.641806 0.588263 0.043612 0.032864
0 0.868125 0.213146 0.028750 0.031925
0 0.020856 0.652042 0.041712 0.032723
0 0.107500 0.307981 0.010000 0.011268
0 0.093750 0.307512 0.012500 0.012207
0 0.218750 0.260563 0.012500 0.010329
0 0.206875 0.267136 0.013750 0.027230
0 0.450819 0.319831 0.019138 0.036845
0 0.376469 0.288202 0.022938 0.020535
0 0.433750 0.324413 0.017500 0.012207
0 0.515000 0.283568 0.020000 0.009390
0 0.543750 0.310329 0.010000 0.006573
0 0.660000 0.277934 0.010000 0.018779
0 0.805625 0.290610 0.021250 0.019718
0 0.745000 0.272770 0.017500 0.010329
0 0.078125 0.395775 0.013750 0.010329
0 0.197500 0.463380 0.012500 0.008451
0 0.506875 0.455869 0.023750 0.034742
0 0.538125 0.595305 0.023750 0.015023
0 0.466875 0.580751 0.026250 0.017840
0 0.616250 0.470892 0.020000 0.015962
0 0.518531 0.369592 0.027062 0.012423
0 0.613125 0.437089 0.011250 0.014085
0 0.507500 0.378239 0.027500 0.012817
0 0.644375 0.462911 0.033750 0.011268
0 0.635000 0.453991 0.032500 0.012207
0 0.481875 0.473239 0.016250 0.011268
0 0.526250 0.334573 0.012500 0.009991
0 0.544250 0.352906 0.006000 0.014732
0 0.581250 0.416432 0.007500 0.012207
0 0.772500 0.490141 0.035000 0.024413
0 0.813750 0.352582 0.020000 0.017840
0 0.776875 0.367136 0.018750 0.015023
0 0.680625 0.641315 0.021250 0.015023
0 0.696875 0.351174 0.011250 0.005634
0 0.688344 0.609390 0.014187 0.009390
0 0.701875 0.481221 0.013750 0.010329
0 0.751875 0.548826 0.011250 0.006573
0 0.697500 0.417371 0.007500 0.012207
0 0.704375 0.355869 0.008750 0.005634
0 0.716875 0.357746 0.008750 0.011268
0 0.752500 0.562911 0.012500 0.006573
0 0.689375 0.393897 0.011250 0.006573
0 0.640000 0.684038 0.015000 0.010329
0 0.684544 0.677465 0.021587 0.015962
0 0.790000 0.783568 0.017500 0.012207
0 0.029300 0.724840 0.058600 0.044986
0 0.669369 0.658817 0.006237 0.016225
0 0.612962 0.616582 0.053425 0.044432
0 0.605256 0.560315 0.045512 0.023915
0 0.539025 0.350258 0.005550 0.009437
0 0.179669 0.260700 0.014338 0.004967
0 0.180750 0.255070 0.019000 0.006854
0 0.166406 0.262939 0.010313 0.009446
0 0.147119 0.248343 0.024238 0.019690
0 0.001931 0.374671 0.003862 0.009437
