0 0.460625 0.304124 0.106250 0.096532
0 0.222500 0.657919 0.052500 0.035614
0 0.293750 0.277413 0.092500 0.063730
1 0.637500 0.285848 0.132500 0.104967
1 0.353750 0.332709 0.080000 0.069353
0 0.548125 0.727741 0.046250 0.027179
0 0.262500 0.809747 0.055000 0.035614
0 0.292500 0.829897 0.045000 0.030928
0 0.685000 0.771790 0.037500 0.040300
1 0.294375 0.410497 0.118750 0.101218
0 0.313750 0.572165 0.045000 0.030928
0 0.229375 0.791003 0.041250 0.029991
0 0.349375 0.841612 0.051250 0.044986
0 0.391875 0.670103 0.051250 0.026242
0 0.712500 0.596532 0.045000 0.036551
1 0.340625 0.515464 0.048750 0.037488
0 0.075625 0.747891 0.046250 0.031865
1 0.577500 0.374883 0.255000 0.086223
0 0.172500 0.726804 0.047500 0.032802
0 0.336250 0.721181 0.047500 0.036551
0 0.456875 0.722587 0.038750 0.035614
0 0.310000 0.327085 0.110000 0.101218
1 0.546875 0.445642 0.258750 0.087160
0 0.723125 0.299438 0.023750 0.021556
0 0.701250 0.240862 0.017500 0.013121
0 0.733125 0.380975 0.016250 0.012184
0 0.732500 0.414714 0.022500 0.014058
0 0.618750 0.323805 0.035000 0.019681
0 0.547500 0.226336 0.030000 0.019681
0 0.517500 0.205248 0.022500 0.016870
0 0.430000 0.254920 0.022500 0.013121
0 0.415625 0.242268 0.031250 0.017807
0 0.565000 0.228210 0.022500 0.015933
0 0.646250 0.285848 0.012500 0.009372
0 0.401875 0.362699 0.016250 0.011246
0 0.627500 0.485942 0.027500 0.019681
0 0.618750 0.604499 0.020000 0.014995
0 0.433125 0.516870 0.023750 0.038425
0 0.434375 0.581068 0.021250 0.020619
0 0.697500 0.440956 0.025000 0.021556
0 0.596250 0.605436 0.020000 0.016870
0 0.409375 0.603561 0.011250 0.009372
0 0.325625 0.594658 0.031250 0.017807
0 0.425000 0.413777 0.015000 0.010309
0 0.316250 0.424086 0.012500 0.010309
0 0.298125 0.592784 0.033750 0.021556
0 0.414375 0.499531 0.023750 0.046860
0 0.465625 0.640581 0.031250 0.023430
0 0.545625 0.642924 0.043750 0.022493
0 0.598750 0.635426 0.027500 0.026242
0 0.715625 0.847704 0.028750 0.025305
0 0.490000 0.715558 0.037500 0.025305
0 0.355000 0.750703 0.017500 0.014995
0 0.378125 0.858013 0.018750 0.014058
0 0.309375 0.696345 0.013750 0.011246
0 0.261875 0.616214 0.036250 0.029053
0 0.062500 0.636364 0.020000 0.014995
0 0.158750 0.646204 0.017500 0.012184
0 0.096875 0.654639 0.021250 0.015933
0 0.051875 0.649953 0.013750 0.017807
0 0.111875 0.673852 0.013750 0.016870
0 0.428125 0.658857 0.046250 0.024367
0 0.728750 0.402999 0.030000 0.013121
0 0.380625 0.308810 0.008750 0.012184
0 0.349375 0.320525 0.011250 0.007498
0 0.228750 0.149016 0.010000 0.007498
