0 0.936875 0.257263 0.036250 0.085286
0 0.433125 0.839269 0.021250 0.019681
0 0.943125 0.524836 0.071250 0.031865
0 0.058125 0.791940 0.021250 0.018744
0 0.936875 0.810684 0.018750 0.016870
0 0.428125 0.124649 0.016250 0.016870
0 0.350000 0.056701 0.037500 0.038425
0 0.141250 0.046860 0.040000 0.020619
0 0.912500 0.549672 0.065000 0.034677
0 0.665000 0.791940 0.022500 0.018744
0 0.593750 0.660731 0.030000 0.024367
0 0.627500 0.554827 0.030000 0.022493
0 0.723125 0.414714 0.018750 0.014058
0 0.830000 0.336457 0.017500 0.013121
0 0.088750 0.556232 0.082500 0.100281
0 0.957500 0.702905 0.022500 0.018744
0 0.558125 0.641518 0.048750 0.023430
0 0.586875 0.462043 0.046250 0.029991
0 0.414375 0.121837 0.011250 0.011246
0 0.591250 0.131678 0.035000 0.036551
0 0.713750 0.189784 0.012500 0.012184
0 0.743125 0.181350 0.011250 0.010309
0 0.760000 0.193065 0.015000 0.011246
0 0.775000 0.189316 0.015000 0.011246
0 0.866875 0.153233 0.041250 0.036551
0 0.615000 0.235708 0.022500 0.017807
0 0.603125 0.237582 0.018750 0.021556
0 0.605625 0.441893 0.026250 0.014058
0 0.623125 0.484536 0.016250 0.011246
0 0.650000 0.524367 0.040000 0.027179
0 0.576250 0.506560 0.015000 0.010309
0 0.425625 0.545923 0.023750 0.014058
0 0.395625 0.505623 0.018750 0.012184
0 0.375625 0.500469 0.018750 0.009372
0 0.571875 0.528116 0.103750 0.034677
1 0.508125 0.510778 0.301250 0.155576
0 0.768750 0.660731 0.017500 0.014995
1 0.667500 0.678069 0.287500 0.100281
0 0.246875 0.880506 0.018750 0.012184
0 0.114375 0.738051 0.021250 0.017807
0 0.170625 0.626992 0.026250 0.014995
0 0.036875 0.651828 0.013750 0.017807
0 0.101250 0.536082 0.030000 0.016870
0 0.160625 0.530459 0.021250 0.013121
0 0.150625 0.519213 0.026250 0.022493
0 0.026250 0.609653 0.052500 0.145267
0 0.260625 0.394096 0.018750 0.015933
0 0.130625 0.335520 0.013750 0.016870
0 0.111875 0.337863 0.013750 0.012184
0 0.120625 0.341612 0.006250 0.008435
0 0.425000 0.227741 0.012500 0.011246
0 0.423125 0.240394 0.011250 0.014058
0 0.413125 0.239925 0.011250 0.013121
