0 0.868125 0.800843 0.116250 0.032802
0 0.043750 0.485942 0.027500 0.017807
0 0.513750 0.832709 0.047500 0.055295
0 0.068125 0.201031 0.026250 0.017807
0 0.133125 0.858013 0.023750 0.015933
0 0.986250 0.407685 0.012500 0.013121
0 0.477500 0.812559 0.050000 0.050609
0 0.130625 0.653233 0.026250 0.018744
0 0.297500 0.586692 0.035000 0.024367
0 0.441250 0.600750 0.032500 0.024367
0 0.637500 0.656982 0.020000 0.014995
0 0.751875 0.728679 0.018750 0.014058
0 0.383125 0.199157 0.138750 0.068416
0 0.279375 0.862231 0.026250 0.018744
0 0.319375 0.558107 0.033750 0.038425
0 0.560000 0.560918 0.042500 0.036551
0 0.988125 0.396907 0.006250 0.008435
0 0.985625 0.529991 0.028750 0.027179
0 0.935000 0.626523 0.017500 0.010309
0 0.948750 0.647610 0.015000 0.009372
0 0.935625 0.661200 0.016250 0.012184
0 0.941875 0.672446 0.016250 0.012184
0 0.986250 0.737113 0.027500 0.032802
0 0.862500 0.558575 0.025000 0.018744
0 0.858750 0.548735 0.030000 0.015933
0 0.588125 0.572634 0.021250 0.020619
0 0.534375 0.590440 0.016250 0.013121
0 0.483125 0.613871 0.038750 0.031865
0 0.500000 0.558107 0.015000 0.012184
0 0.431875 0.448922 0.021250 0.018744
0 0.481250 0.422680 0.017500 0.014995
0 0.486875 0.407685 0.013750 0.014995
0 0.470625 0.557170 0.053750 0.079663
1 0.487500 0.507498 0.227500 0.235239
0 0.315625 0.717432 0.021250 0.014058
1 0.281250 0.643861 0.152500 0.221181
0 0.143750 0.237582 0.025000 0.017807
0 0.297500 0.267104 0.022500 0.020619
0 0.251250 0.171040 0.025000 0.012184
0 0.411250 0.205717 0.025000 0.023430
0 0.424375 0.250234 0.018750 0.016870
0 0.437500 0.241331 0.032500 0.021556
0 0.304375 0.156514 0.196250 0.052484
0 0.616250 0.310216 0.022500 0.014995
0 0.680625 0.207591 0.023750 0.012184
0 0.675000 0.193065 0.017500 0.011246
0 0.670625 0.200562 0.011250 0.005623
0 0.854375 0.415651 0.016250 0.010309
0 0.836250 0.415183 0.020000 0.009372
0 0.836875 0.407685 0.018750 0.009372
