0 0.931875 0.251640 0.033750 0.085286
0 0.441875 0.840206 0.021250 0.019681
0 0.943750 0.519681 0.070000 0.030928
0 0.064375 0.797563 0.021250 0.018744
0 0.943125 0.805061 0.018750 0.016870
0 0.419100 0.125586 0.015700 0.016870
0 0.340625 0.058575 0.036250 0.038425
0 0.130000 0.051078 0.040000 0.019681
0 0.913125 0.544517 0.063750 0.033739
0 0.671250 0.789128 0.022500 0.018744
0 0.597500 0.658857 0.030000 0.024367
0 0.628750 0.552952 0.030000 0.022493
0 0.720625 0.411903 0.018750 0.014058
0 0.826250 0.332709 0.017500 0.013121
0 0.090000 0.561387 0.080000 0.099344
0 0.962500 0.697282 0.022500 0.018744
0 0.560581 0.640112 0.048662 0.022493
0 0.586250 0.460637 0.045000 0.029053
0 0.405700 0.122784 0.011400 0.011265
0 0.581981 0.130623 0.033962 0.036317
0 0.706056 0.186748 0.012113 0.011734
0 0.735613 0.178697 0.011225 0.010628
0 0.751431 0.189119 0.015362 0.010853
0 0.767237 0.184545 0.014475 0.011078
0 0.858688 0.147990 0.039875 0.035436
0 0.608575 0.234011 0.022150 0.018163
0 0.596656 0.235890 0.018312 0.021921
0 0.603294 0.440075 0.026588 0.014171
0 0.622825 0.482465 0.015650 0.010853
0 0.650231 0.522905 0.040462 0.026129
0 0.576281 0.505450 0.015063 0.009963
0 0.426812 0.546092 0.023625 0.014396
0 0.394306 0.507385 0.018613 0.011959
0 0.375406 0.501593 0.018312 0.009747
0 0.572794 0.526781 0.103087 0.033880
1 0.507469 0.510000 0.297437 0.152146
0 0.771506 0.657015 0.018013 0.015061
1 0.671419 0.676097 0.285338 0.096336
0 0.255700 0.883205 0.018900 0.011959
0 0.119125 0.743538 0.020750 0.017535
0 0.173006 0.630530 0.026012 0.014574
0 0.040500 0.657437 0.013500 0.017779
0 0.101069 0.540975 0.029638 0.017282
0 0.160869 0.535005 0.021737 0.012840
0 0.150344 0.523763 0.025688 0.022221
0 0.027006 0.615933 0.054012 0.144705
0 0.256719 0.396720 0.018437 0.015558
0 0.126750 0.340412 0.013500 0.017282
0 0.108000 0.342507 0.013500 0.012099
0 0.117044 0.346153 0.006587 0.008144
0 0.418925 0.227676 0.012850 0.011115
0 0.416681 0.241340 0.010862 0.014077
0 0.406850 0.240970 0.011200 0.013336
