0 0.716250 0.419400 0.092500 0.090909
0 0.710000 0.246954 0.057500 0.029053
0 0.620000 0.586692 0.112500 0.084349
1 0.357231 0.429302 0.309462 0.144452
0 0.926875 0.372540 0.043750 0.038425
0 0.593125 0.524836 0.043750 0.028116
0 0.825625 0.380975 0.038750 0.032802
0 0.566875 0.732896 0.048750 0.028116
0 0.914375 0.764292 0.041250 0.025305
0 0.035625 0.620431 0.041250 0.022493
0 0.906869 0.627202 0.048738 0.034161
0 0.920362 0.259606 0.035725 0.024367
0 0.765000 0.625586 0.027500 0.017807
0 0.734375 0.467666 0.051250 0.031865
0 0.958306 0.582943 0.084113 0.043112
0 0.803706 0.587371 0.092413 0.036973
1 0.549338 0.627273 0.198675 0.139269
0 0.980806 0.321134 0.039113 0.038707
0 0.968644 0.390314 0.062287 0.087095
0 0.970075 0.451237 0.060150 0.073983
0 0.994213 0.534424 0.010925 0.022924
0 0.828875 0.553308 0.060250 0.026954
0 0.863969 0.576696 0.180438 0.066232
0 0.924538 0.612671 0.014075 0.010722
0 0.913662 0.630675 0.017325 0.011115
0 0.928950 0.631767 0.040400 0.032043
0 0.909975 0.649199 0.012450 0.008800
0 0.812025 0.582765 0.026550 0.012765
0 0.841688 0.612441 0.030875 0.012137
0 0.593231 0.609986 0.018963 0.009100
0 0.010819 0.782095 0.021637 0.017798
0 0.465431 0.684667 0.008363 0.012259
1 0.264419 0.447943 0.491337 0.168613
1 0.216431 0.474883 0.400363 0.162512
1 0.378869 0.586345 0.210237 0.147385
