0 0.304375 0.538498 0.126250 0.091080
0 0.539375 0.744131 0.131250 0.085446
0 0.542500 0.327700 0.155000 0.107042
0 0.743750 0.540376 0.112500 0.074178
0 0.689375 0.438028 0.141250 0.091080
0 0.863750 0.461972 0.155000 0.150235
0 0.701875 0.171362 0.093750 0.070423
0 0.591875 0.484977 0.091250 0.077934
0 0.193125 0.492488 0.076250 0.059155
0 0.201875 0.730047 0.078750 0.061033
0 0.968125 0.359624 0.031250 0.069484
0 0.513750 0.430516 0.085000 0.061033
0 0.381875 0.652113 0.058750 0.044131
0 0.368750 0.598592 0.077500 0.051643
0 0.618750 0.560563 0.077500 0.071362
0 0.140000 0.767136 0.080000 0.060094
0 0.398750 0.321127 0.077500 0.067606
0 0.238750 0.810798 0.055000 0.046009
0 0.918125 0.808451 0.061250 0.045070
0 0.755625 0.659155 0.063750 0.078873
0 0.991250 0.726291 0.017500 0.034742
0 0.675000 0.747418 0.052500 0.039437
0 0.086875 0.476526 0.041250 0.032864
0 0.457500 0.813615 0.040000 0.032864
0 0.324375 0.415023 0.041250 0.030047
0 0.825625 0.768075 0.038750 0.031925
0 0.043125 0.347887 0.061250 0.042254
0 0.490000 0.806573 0.047500 0.046948
0 0.526875 0.208920 0.078750 0.081690
0 0.346250 0.797653 0.057500 0.044131
0 0.423750 0.225352 0.042500 0.033803
0 0.563750 0.215962 0.092500 0.093897
0 0.114375 0.346948 0.061250 0.044131
0 0.850625 0.834272 0.026250 0.010329
0 0.240000 0.293897 0.032500 0.031925
0 0.751875 0.760563 0.031250 0.024413
0 0.716250 0.780282 0.020000 0.015023
0 0.160625 0.797653 0.021250 0.015962
0 0.485000 0.200939 0.037500 0.028169
0 0.758750 0.136620 0.057500 0.021596
0 0.850000 0.828638 0.022500 0.008451
0 0.430625 0.884977 0.056250 0.014085
0 0.299375 0.271362 0.036250 0.033803
