0 0.184375 0.280225 0.111250 0.054358
0 0.333125 0.395033 0.081250 0.059044
0 0.413125 0.042174 0.106250 0.065604
0 0.647500 0.254452 0.102500 0.109653
0 0.929375 0.090440 0.091250 0.057170
0 0.183125 0.493908 0.086250 0.031865
0 0.311250 0.582006 0.072500 0.044986
0 0.129375 0.385661 0.078750 0.040300
0 0.223750 0.462980 0.070000 0.031865
0 0.093750 0.611528 0.072500 0.077788
0 0.460625 0.313496 0.038750 0.068416
0 0.375625 0.370197 0.023750 0.022493
0 0.500000 0.391753 0.035000 0.063730
0 0.636250 0.716026 0.020000 0.011246
0 0.118750 0.661668 0.090000 0.028116
0 0.516250 0.120900 0.022500 0.016870
0 0.235625 0.176874 0.046250 0.027601
0 0.234338 0.075112 0.043675 0.028388
0 0.475000 0.072634 0.025000 0.017807
0 0.756875 0.412737 0.016250 0.011978
1 0.166362 0.884086 0.210225 0.068079
0 0.325625 0.213683 0.081250 0.037488
0 0.468350 0.436813 0.014200 0.013271
0 0.710612 0.566799 0.083725 0.027694
0 0.732187 0.557306 0.026875 0.010581
0 0.751150 0.592142 0.084800 0.033393
0 0.955650 0.580272 0.088800 0.024649
0 0.788431 0.488027 0.021862 0.046345
0 0.771331 0.488702 0.012663 0.036448
0 0.987650 0.282437 0.022800 0.049410
0 0.754575 0.288332 0.011650 0.010590
0 0.602900 0.291036 0.020800 0.021621
0 0.655156 0.083430 0.022812 0.058144
0 0.456437 0.639545 0.015375 0.010112
0 0.515275 0.653013 0.020550 0.016429
0 0.348969 0.742123 0.017937 0.012830
0 0.483931 0.798819 0.015362 0.017507
1 0.325662 0.710736 0.318825 0.092512
1 0.482419 0.613660 0.314837 0.091425
1 0.669050 0.386246 0.195600 0.208294
1 0.884631 0.360895 0.231762 0.153843
1 0.815212 0.400478 0.120425 0.238632
0 0.840156 0.798585 0.022812 0.011415
