0 0.930431 0.553102 0.065862 0.065904
0 0.258750 0.606842 0.125000 0.087160
0 0.496250 0.626054 0.067500 0.058107
0 0.639375 0.603093 0.066250 0.055295
0 0.903750 0.328960 0.040000 0.044986
0 0.919375 0.720244 0.021250 0.017807
0 0.462175 0.597938 0.029350 0.018744
0 0.793750 0.417010 0.045000 0.041143
0 0.530625 0.677601 0.028750 0.022493
0 0.137844 0.498294 0.018188 0.008772
0 0.897694 0.455483 0.042888 0.041237
0 0.336981 0.570005 0.018963 0.013486
0 0.266250 0.298500 0.027500 0.023430
0 0.418750 0.747891 0.022500 0.018744
0 0.863125 0.641987 0.023750 0.016870
0 0.600000 0.635426 0.030000 0.022493
0 0.207931 0.353102 0.015862 0.033290
0 0.166919 0.405066 0.026337 0.028500
0 0.060975 0.263458 0.021950 0.015201
0 0.949375 0.691190 0.026250 0.019681
0 0.315331 0.385145 0.025663 0.022399
0 0.356250 0.461106 0.017500 0.033739
0 0.012644 0.313735 0.015288 0.014536
0 0.158744 0.278964 0.024987 0.023721
0 0.101519 0.321959 0.008037 0.015989
0 0.176456 0.383552 0.012913 0.013590
0 0.197469 0.404850 0.012437 0.011200
0 0.186612 0.395201 0.020725 0.050009
0 0.134444 0.489967 0.011388 0.008988
0 0.125481 0.492619 0.010963 0.008669
0 0.050100 0.461143 0.015200 0.007573
0 0.195175 0.607821 0.012850 0.014142
0 0.221619 0.601874 0.023238 0.009747
0 0.223575 0.609695 0.007150 0.006645
0 0.302050 0.610187 0.009100 0.007629
0 0.413025 0.581907 0.011050 0.007301
0 0.436075 0.535745 0.032150 0.018069
0 0.424119 0.552399 0.028237 0.032634
0 0.896756 0.551940 0.038512 0.029841
0 0.825987 0.367718 0.026975 0.023158
0 0.681019 0.425244 0.012038 0.014499
0 0.624694 0.382643 0.019387 0.008022
0 0.540050 0.383397 0.040100 0.018903
0 0.541319 0.402296 0.040137 0.017338
0 0.528719 0.460501 0.009938 0.019410
0 0.504062 0.464991 0.040625 0.019016
0 0.367869 0.376664 0.010738 0.012933
0 0.376094 0.252099 0.022187 0.022474
0 0.749375 0.296621 0.016250 0.006551
0 0.749675 0.291481 0.019350 0.005642
1 0.783488 0.500520 0.131975 0.056336
1 0.635975 0.536462 0.241950 0.064489
1 0.718919 0.586120 0.140338 0.079456
1 0.460744 0.393674 0.128988 0.112559
1 0.439569 0.437887 0.086638 0.163496
1 0.337181 0.532474 0.156862 0.108997
1 0.428075 0.459063 0.156150 0.211471
1 0.378994 0.536415 0.245487 0.120628
1 0.351006 0.698027 0.062012 0.095211
1 0.322331 0.704438 0.119663 0.124902
1 0.380913 0.699681 0.151825 0.117263
0 0.038669 0.377315 0.029838 0.014236
