1 0.618125 0.361293 0.146250 0.135895
1 0.713750 0.222587 0.150000 0.137769
1 0.654375 0.520619 0.148750 0.135895
0 0.266250 0.833646 0.070000 0.044049
0 0.642500 0.774602 0.067500 0.055295
0 0.808125 0.220712 0.036250 0.030928
0 0.773125 0.172446 0.041250 0.041237
0 0.496250 0.478444 0.057500 0.027179
0 0.370000 0.734302 0.055000 0.021556
0 0.213125 0.394096 0.023750 0.017807
0 0.219375 0.441893 0.008750 0.010309
0 0.247500 0.332240 0.022500 0.023430
0 0.275625 0.296626 0.021250 0.019681
0 0.666875 0.578725 0.028750 0.015933
0 0.436250 0.184161 0.040000 0.019681
0 0.572500 0.285380 0.042500 0.019681
0 0.481875 0.178538 0.033750 0.019681
0 0.890000 0.817245 0.017500 0.016870
0 0.823750 0.751640 0.020000 0.018744
0 0.905000 0.828491 0.015000 0.016870
0 0.773750 0.847235 0.015000 0.014995
0 0.818125 0.472821 0.036250 0.025305
0 0.932500 0.581537 0.027500 0.019681
0 0.991250 0.323805 0.017500 0.023430
0 0.922500 0.242737 0.027500 0.020619
0 0.788125 0.143861 0.038750 0.023430
0 0.994375 0.280694 0.011250 0.006560
0 0.496250 0.527179 0.037500 0.044049
0 0.513750 0.507029 0.037500 0.043112
0 0.566875 0.629803 0.036250 0.206186
0 0.442500 0.751172 0.055000 0.044049
0 0.241875 0.848641 0.053750 0.040300
0 0.187500 0.828022 0.037500 0.044049
0 0.207500 0.671509 0.005000 0.004686
0 0.230625 0.447516 0.006250 0.006560
0 0.312500 0.210872 0.022500 0.024367
0 0.515625 0.168229 0.038750 0.023430
0 0.706250 0.310216 0.030000 0.035614
0 0.965000 0.223055 0.007500 0.007498
