0 0.187333 0.583837 0.153333 0.164653
0 0.218000 0.369335 0.142667 0.182779
0 0.748000 0.229607 0.138667 0.160121
0 0.569333 0.110272 0.178667 0.163142
0 0.287333 0.817976 0.209333 0.237160
0 0.790000 0.672205 0.134667 0.184290
0 0.812667 0.443353 0.158667 0.191843
0 0.514000 0.914653 0.172000 0.158610
0 0.357333 0.156344 0.208000 0.209970
0 0.700667 0.849698 0.148000 0.170695
0 0.187333 0.583837 0.153333 0.164653
0 0.218000 0.369335 0.142667 0.182779
0 0.748000 0.229607 0.138667 0.160121
0 0.569333 0.110272 0.178667 0.163142
0 0.287333 0.817976 0.209333 0.237160
0 0.790000 0.672205 0.134667 0.184290
0 0.812667 0.443353 0.158667 0.191843
0 0.514000 0.914653 0.172000 0.158610
0 0.357333 0.156344 0.208000 0.209970
0 0.700667 0.849698 0.148000 0.170695
