0 0.147530 0.562500 0.118825 0.139535
0 0.419893 0.670058 0.124166 0.148256
0 0.311749 0.588663 0.132176 0.142442
0 0.628838 0.347384 0.138852 0.151163
0 0.363818 0.340843 0.145527 0.149709
0 0.500000 0.310320 0.118825 0.158430
0 0.871829 0.452035 0.125501 0.159884
0 0.547397 0.683140 0.130841 0.154070
0 0.146195 0.385901 0.121495 0.140988
0 0.288385 0.454215 0.130841 0.135174
0 0.682911 0.612645 0.137517 0.140988
0 0.576101 0.861192 0.134846 0.138081
0 0.738985 0.789244 0.121495 0.148256
0 0.232310 0.216570 0.136182 0.151163
0 0.856475 0.651163 0.126836 0.136628
0 0.705607 0.465843 0.137517 0.129360
0 0.773031 0.252907 0.133511 0.139535
0 0.395861 0.852471 0.137517 0.132267
0 0.216956 0.754360 0.129506 0.130814
0 0.598131 0.151163 0.138852 0.139535
0 0.399199 0.140262 0.130841 0.126453
0 0.147530 0.562500 0.118825 0.139535
0 0.419893 0.670058 0.124166 0.148256
0 0.311749 0.588663 0.132176 0.142442
0 0.628838 0.347384 0.138852 0.151163
0 0.363818 0.340843 0.145527 0.149709
0 0.500000 0.310320 0.118825 0.158430
0 0.871829 0.452035 0.125501 0.159884
0 0.547397 0.683140 0.130841 0.154070
0 0.146195 0.385901 0.121495 0.140988
0 0.288385 0.454215 0.130841 0.135174
0 0.682911 0.612645 0.137517 0.140988
0 0.576101 0.861192 0.134846 0.138081
0 0.738985 0.789244 0.121495 0.148256
0 0.232310 0.216570 0.136182 0.151163
0 0.856475 0.651163 0.126836 0.136628
0 0.705607 0.465843 0.137517 0.129360
0 0.773031 0.252907 0.133511 0.139535
0 0.395861 0.852471 0.137517 0.132267
0 0.216956 0.754360 0.129506 0.130814
0 0.598131 0.151163 0.138852 0.139535
0 0.399199 0.140262 0.130841 0.126453
