0 0.629506 0.864099 0.118825 0.117733
0 0.669559 0.551599 0.126836 0.123547
0 0.618825 0.682413 0.118825 0.132267
0 0.336449 0.395349 0.128171 0.139535
0 0.385848 0.679506 0.125501 0.146802
0 0.329105 0.539971 0.137517 0.114826
0 0.379840 0.114826 0.137517 0.122093
0 0.654206 0.413517 0.130841 0.129360
0 0.471295 0.901890 0.120160 0.120640
0 0.504005 0.735465 0.113485 0.130814
0 0.562750 0.282703 0.118825 0.138081
0 0.808411 0.345203 0.116155 0.135174
0 0.709613 0.186773 0.126836 0.120640
0 0.300401 0.844477 0.128171 0.136628
0 0.562083 0.089390 0.114820 0.126453
0 0.427904 0.289244 0.108144 0.139535
0 0.220961 0.261628 0.116155 0.133721
0 0.837784 0.537791 0.110814 0.139535
0 0.788385 0.750000 0.108144 0.130814
0 0.166889 0.468023 0.117490 0.139535
0 0.198264 0.683140 0.105474 0.133721
