0 0.479333 0.669972 0.126667 0.127479
0 0.140667 0.580737 0.118667 0.135977
0 0.704000 0.189802 0.120000 0.124646
0 0.828667 0.311615 0.118667 0.135977
0 0.158000 0.414306 0.140000 0.114731
0 0.540000 0.876771 0.122667 0.127479
0 0.356000 0.854108 0.133333 0.116147
0 0.200000 0.749292 0.122667 0.141643
0 0.872000 0.495751 0.120000 0.150142
0 0.839333 0.685552 0.102667 0.124646
0 0.341333 0.650142 0.114667 0.121813
0 0.630000 0.648017 0.110667 0.137394
0 0.376000 0.347025 0.130667 0.124646
0 0.712667 0.519830 0.108000 0.113314
0 0.718000 0.818697 0.116000 0.110482
0 0.657333 0.358357 0.117333 0.121813
0 0.336000 0.160057 0.117333 0.107649
0 0.512667 0.293909 0.121333 0.123229
0 0.194667 0.273371 0.112000 0.104816
0 0.303333 0.491501 0.108000 0.130312
0 0.518000 0.134561 0.137333 0.110482
0 0.479333 0.669972 0.126667 0.127479
0 0.140667 0.580737 0.118667 0.135977
0 0.704000 0.189802 0.120000 0.124646
0 0.828667 0.311615 0.118667 0.135977
0 0.158000 0.414306 0.140000 0.114731
0 0.540000 0.876771 0.122667 0.127479
0 0.356000 0.854108 0.133333 0.116147
0 0.200000 0.749292 0.122667 0.141643
0 0.872000 0.495751 0.120000 0.150142
0 0.839333 0.685552 0.102667 0.124646
0 0.341333 0.650142 0.114667 0.121813
0 0.630000 0.648017 0.110667 0.137394
0 0.376000 0.347025 0.130667 0.124646
0 0.712667 0.519830 0.108000 0.113314
0 0.718000 0.818697 0.116000 0.110482
0 0.657333 0.358357 0.117333 0.121813
0 0.336000 0.160057 0.117333 0.107649
0 0.512667 0.293909 0.121333 0.123229
0 0.194667 0.273371 0.112000 0.104816
0 0.303333 0.491501 0.108000 0.130312
0 0.518000 0.134561 0.137333 0.110482
