0 0.505333 0.329320 0.138667 0.140227
0 0.850000 0.380312 0.132000 0.148725
0 0.327333 0.832153 0.132000 0.137394
0 0.192667 0.724504 0.132000 0.148725
0 0.848667 0.548159 0.150667 0.130312
0 0.424667 0.131020 0.134667 0.140227
0 0.609333 0.133144 0.144000 0.130312
0 0.774667 0.218839 0.136000 0.154391
0 0.131333 0.546034 0.134667 0.162890
0 0.145333 0.354108 0.114667 0.135977
0 0.644667 0.333569 0.126667 0.134561
0 0.356667 0.368980 0.124000 0.148725
0 0.639333 0.638810 0.142667 0.138810
0 0.287333 0.504249 0.118667 0.124646
0 0.252667 0.207507 0.126667 0.123229
0 0.358000 0.657932 0.129333 0.134561
0 0.698000 0.820822 0.126667 0.120397
0 0.508000 0.706799 0.133333 0.135977
0 0.826000 0.692635 0.121333 0.116147
0 0.697333 0.487252 0.120000 0.141643
0 0.519333 0.866856 0.148000 0.124646
