0 0.646000 0.126214 0.108000 0.108183
0 0.856667 0.394591 0.113333 0.101248
0 0.851333 0.636616 0.108000 0.110957
0 0.595333 0.875867 0.113333 0.112344
0 0.167333 0.361997 0.110667 0.097087
0 0.211333 0.258669 0.110667 0.115118
0 0.382000 0.643551 0.105333 0.110957
0 0.271333 0.809293 0.110667 0.112344
0 0.676667 0.457698 0.102667 0.122053
0 0.794000 0.752427 0.116000 0.117892
0 0.409333 0.303051 0.096000 0.109570
0 0.668000 0.576283 0.114667 0.115118
0 0.160667 0.478502 0.100000 0.110957
0 0.166000 0.603329 0.108000 0.119279
0 0.341333 0.533287 0.109333 0.126214
0 0.740000 0.194868 0.109333 0.120666
0 0.812000 0.287101 0.122667 0.116505
0 0.615333 0.343273 0.105333 0.112344
0 0.608667 0.655340 0.089333 0.090153
0 0.522000 0.287795 0.078667 0.104022
0 0.396000 0.117198 0.101333 0.112344
0 0.871333 0.519417 0.097333 0.115118
0 0.355333 0.864771 0.086667 0.087379
0 0.496000 0.683079 0.093333 0.115118
0 0.708667 0.832871 0.092000 0.092926
0 0.523333 0.095700 0.100000 0.110957
0 0.463333 0.892510 0.110667 0.092926
0 0.198667 0.725381 0.098667 0.108183
0 0.284667 0.173370 0.086667 0.099861
0 0.338000 0.390430 0.092000 0.115118
