0 0.154667 0.316921 0.096000 0.104022
0 0.430667 0.122053 0.088000 0.110957
0 0.661333 0.149098 0.098667 0.104022
0 0.868000 0.434813 0.098667 0.109570
0 0.338000 0.833564 0.084000 0.108183
0 0.244667 0.778779 0.102667 0.106796
0 0.626667 0.635922 0.098667 0.101248
0 0.776667 0.764910 0.100000 0.106796
0 0.474667 0.314840 0.109333 0.097087
0 0.768000 0.217060 0.104000 0.112344
0 0.302667 0.576976 0.098667 0.091540
0 0.588000 0.334258 0.101333 0.110957
0 0.450667 0.849515 0.098667 0.095700
0 0.569333 0.855756 0.106667 0.102635
0 0.518000 0.667822 0.113333 0.104022
0 0.228667 0.225381 0.108000 0.104022
0 0.323333 0.159501 0.102667 0.119279
0 0.359333 0.368239 0.100000 0.101248
0 0.658667 0.402219 0.080000 0.085992
0 0.298000 0.458391 0.094667 0.073509
0 0.124667 0.574202 0.100000 0.097087
0 0.550000 0.117198 0.102667 0.092926
0 0.837333 0.682386 0.077333 0.083218
0 0.674667 0.520804 0.104000 0.087379
0 0.836000 0.313454 0.082667 0.088766
0 0.114667 0.441748 0.098667 0.095700
0 0.872000 0.572816 0.080000 0.108183
0 0.689333 0.832178 0.096000 0.094313
0 0.168667 0.695562 0.089333 0.081831
0 0.380000 0.658807 0.104000 0.085992
