0 0.172000 0.286408 0.104000 0.112344
0 0.462000 0.117198 0.097333 0.117892
0 0.689333 0.164355 0.106667 0.112344
0 0.871333 0.468100 0.108000 0.117892
0 0.310667 0.817614 0.093333 0.115118
0 0.222000 0.755201 0.110667 0.115118
0 0.614667 0.647018 0.106667 0.109570
0 0.752667 0.789875 0.108000 0.115118
0 0.490667 0.312760 0.117333 0.106796
0 0.790000 0.243412 0.113333 0.120666
0 0.296667 0.558946 0.105333 0.099861
0 0.600667 0.342580 0.110667 0.119279
0 0.421333 0.843967 0.106667 0.104022
0 0.540000 0.860610 0.114667 0.112344
0 0.503333 0.668516 0.121333 0.113731
0 0.252667 0.201110 0.116000 0.113731
0 0.353333 0.144244 0.112000 0.127601
0 0.371333 0.355756 0.108000 0.109570
0 0.666000 0.416782 0.086667 0.092926
0 0.302000 0.440361 0.100000 0.081831
0 0.119333 0.539528 0.108000 0.105409
0 0.582000 0.122746 0.110667 0.101248
0 0.820667 0.712205 0.084000 0.090153
0 0.671333 0.536755 0.110667 0.097087
0 0.851333 0.344660 0.089333 0.095700
0 0.121333 0.407074 0.106667 0.104022
0 0.864667 0.606796 0.089333 0.115118
0 0.660000 0.848821 0.104000 0.102635
0 0.153333 0.665049 0.096000 0.090153
0 0.367333 0.647018 0.110667 0.095700
