0 0.358333 0.722222 0.014815 0.012963
1 0.366204 0.729167 0.065741 0.071296
1 0.222222 0.756019 0.174074 0.280556
0 0.193981 0.743981 0.017593 0.023148
1 0.452315 0.919907 0.165741 0.160185
1 0.492130 0.931019 0.137963 0.137963
1 0.540278 0.721759 0.130556 0.149074
1 0.734259 0.876852 0.238889 0.177778
1 0.772685 0.737963 0.139815 0.153704
1 0.806944 0.558333 0.147222 0.144444
1 0.632407 0.663426 0.135185 0.110185
1 0.633796 0.663889 0.221296 0.185185
0 0.586574 0.631944 0.023148 0.013889
0 0.745370 0.094444 0.009259 0.007407
0 0.659259 0.055556 0.009259 0.007407
0 0.622685 0.004630 0.015741 0.005556
0 0.592593 0.130093 0.011111 0.012037
0 0.455093 0.102315 0.012037 0.012037
0 0.350000 0.140278 0.024074 0.008333
0 0.187037 0.306944 0.024074 0.019444
1 0.138889 0.416204 0.066667 0.095370
1 0.196296 0.284259 0.261111 0.175926
1 0.349074 0.400463 0.211111 0.123148
1 0.432407 0.364815 0.155556 0.090741
1 0.340278 0.121296 0.208333 0.116667
1 0.441204 0.105556 0.208333 0.137037
1 0.562500 0.150926 0.178704 0.251852
1 0.618981 0.020833 0.102778 0.041667
1 0.730093 0.106481 0.073148 0.074074
1 0.631019 0.091667 0.295370 0.183333
1 0.750000 0.030093 0.075926 0.060185
