0 0.300023 0.327606 0.011157 0.012620
1 0.291995 0.335153 0.063620 0.057343
1 0.285602 0.188699 0.263796 0.138509
0 0.301528 0.163046 0.021574 0.014981
1 0.080639 0.393444 0.161278 0.144296
1 0.067523 0.431495 0.135046 0.120398
1 0.274699 0.509111 0.134583 0.112667
1 0.094458 0.679745 0.148176 0.220602
1 0.227134 0.736968 0.137602 0.122083
1 0.399861 0.795769 0.127500 0.130426
1 0.319949 0.608051 0.093602 0.123509
1 0.319194 0.609528 0.158759 0.200537
0 0.357472 0.566667 0.011241 0.022222
0 0.868282 0.799463 0.006935 0.008185
0 0.918065 0.719944 0.006500 0.008407
0 0.973931 0.690093 0.003417 0.015370
0 0.853926 0.642806 0.011556 0.009685
0 0.900676 0.511333 0.010611 0.011556
0 0.877000 0.401602 0.005852 0.023574
0 0.735296 0.216806 0.016889 0.022500
1 0.633523 0.154343 0.089269 0.054981
1 0.756880 0.229389 0.143389 0.243963
1 0.619537 0.364949 0.096481 0.200269
1 0.644194 0.451407 0.071722 0.147259
1 0.897583 0.393361 0.089611 0.197833
1 0.899000 0.496157 0.110963 0.194167
1 0.837074 0.609741 0.233407 0.147259
1 0.962574 0.686000 0.038111 0.097926
1 0.858907 0.782269 0.065963 0.064537
1 0.897245 0.687644 0.168565 0.275287
1 0.952060 0.815963 0.096713 0.063407
0 0.300023 0.327606 0.011157 0.012620
1 0.291995 0.335153 0.063620 0.057343
1 0.285602 0.188699 0.263796 0.138509
0 0.301528 0.163046 0.021574 0.014981
1 0.080639 0.393444 0.161278 0.144296
1 0.067523 0.431495 0.135046 0.120398
1 0.274699 0.509111 0.134583 0.112667
1 0.094458 0.679745 0.148176 0.220602
1 0.227134 0.736968 0.137602 0.122083
1 0.399861 0.795769 0.127500 0.130426
1 0.319949 0.608051 0.093602 0.123509
1 0.319194 0.609528 0.158759 0.200537
0 0.357472 0.566667 0.011241 0.022222
0 0.868282 0.799463 0.006935 0.008185
0 0.918065 0.719944 0.006500 0.008407
0 0.973931 0.690093 0.003417 0.015370
0 0.853926 0.642806 0.011556 0.009685
0 0.900676 0.511333 0.010611 0.011556
0 0.877000 0.401602 0.005852 0.023574
0 0.735296 0.216806 0.016889 0.022500
1 0.633523 0.154343 0.089269 0.054981
1 0.756880 0.229389 0.143389 0.243963
1 0.619537 0.364949 0.096481 0.200269
1 0.644194 0.451407 0.071722 0.147259
1 0.897583 0.393361 0.089611 0.197833
1 0.899000 0.496157 0.110963 0.194167
1 0.837074 0.609741 0.233407 0.147259
1 0.962574 0.686000 0.038111 0.097926
1 0.858907 0.782269 0.065963 0.064537
1 0.897245 0.687644 0.168565 0.275287
1 0.952060 0.815963 0.096713 0.063407
