0 0.702344 0.439844 0.070312 0.084375
0 0.522656 0.537109 0.087500 0.055469
0 0.427344 0.526563 0.085938 0.065625
0 0.290625 0.434766 0.062500 0.080469
0 0.350391 0.183984 0.074219 0.082031
0 0.140625 0.662109 0.064062 0.069531
0 0.652734 0.402344 0.061719 0.060937
0 0.232422 0.607031 0.067969 0.064062
0 0.616016 0.498437 0.086719 0.062500
0 0.131250 0.937109 0.064062 0.069531
0 0.473438 0.477734 0.064062 0.055469
0 0.757031 0.530078 0.053125 0.055469
0 0.486719 0.798828 0.064062 0.069531
0 0.578516 0.743750 0.067969 0.064062
0 0.222266 0.882031 0.067969 0.064062
0 0.700781 0.202734 0.064062 0.072656
0 0.721094 0.879687 0.060937 0.062500
0 0.813672 0.682813 0.057031 0.059375
0 0.374219 0.360938 0.064062 0.065625
0 0.597266 0.308984 0.050781 0.061719
0 0.912891 0.510547 0.061719 0.064844
0 0.404687 0.737891 0.070312 0.064844
0 0.776953 0.280078 0.052344 0.091406
0 0.715234 0.110156 0.080469 0.084375
0 0.502734 0.101953 0.066406 0.060156
0 0.268750 0.189062 0.059375 0.075000
0 0.351172 0.109375 0.075781 0.073438
0 0.523438 0.048047 0.079687 0.053906
0 0.048828 0.876172 0.071094 0.064844
0 0.058203 0.601953 0.071094 0.064844
0 0.800781 0.486328 0.056250 0.060156
0 0.354297 0.494141 0.057031 0.071094
0 0.619141 0.057813 0.080469 0.057813
0 0.456250 0.419531 0.057813 0.053125
0 0.405078 0.460938 0.060156 0.046875
0 0.607031 0.444922 0.051562 0.049219
0 0.446875 0.646875 0.067187 0.070312
0 0.091406 0.785547 0.067187 0.069531
0 0.582031 0.100000 0.075000 0.051562
0 0.549219 0.475391 0.064062 0.047656
0 0.740234 0.594141 0.060156 0.063281
0 0.877344 0.678906 0.054688 0.051562
0 0.894141 0.796875 0.061719 0.065625
0 0.782031 0.772656 0.054688 0.059375
0 0.581250 0.246484 0.065625 0.053906
0 0.903516 0.920312 0.050781 0.057813
0 0.795312 0.969141 0.056250 0.060156
0 0.100781 0.510547 0.067187 0.069531
0 0.753906 0.187500 0.056250 0.059375
0 0.654297 0.132031 0.067969 0.062500
0 0.538281 0.653516 0.059375 0.066406
0 0.425391 0.124609 0.061719 0.058594
0 0.711328 0.270703 0.049219 0.060156
0 0.939063 0.572266 0.046875 0.050781
0 0.858594 0.965625 0.056250 0.051562
0 0.192969 0.516797 0.059375 0.066406
0 0.757031 0.361719 0.048438 0.059375
0 0.240234 0.270703 0.049219 0.080469
0 0.183594 0.791016 0.059375 0.066406
0 0.623047 0.200391 0.064844 0.053906
0 0.737891 0.816797 0.053906 0.055469
0 0.305859 0.345313 0.055469 0.075000
0 0.310937 0.262109 0.046875 0.064844
0 0.605859 0.158203 0.063281 0.055469
0 0.919922 0.858594 0.047656 0.050000
0 0.701562 0.342969 0.050000 0.076563
0 0.429297 0.067969 0.064844 0.057813
0 0.573828 0.397266 0.058594 0.049219
0 0.922266 0.633984 0.052344 0.058594
0 0.646875 0.252734 0.053125 0.053906
0 0.462500 0.252344 0.046875 0.054688
0 0.842969 0.760156 0.050000 0.054688
0 0.613281 0.355469 0.045312 0.043750
0 0.251953 0.363281 0.050781 0.073438
0 0.516406 0.371094 0.053125 0.057813
0 0.517188 0.421484 0.059375 0.046094
0 0.548438 0.153906 0.048438 0.050000
0 0.458984 0.363281 0.064844 0.051562
0 0.418750 0.330859 0.062500 0.053906
0 0.489063 0.197656 0.057813 0.054688
0 0.428906 0.225781 0.045312 0.053125
0 0.861719 0.473828 0.051562 0.055469
0 0.407031 0.407813 0.062500 0.054688
0 0.655469 0.307812 0.037500 0.053125
0 0.513281 0.325391 0.059375 0.035156
0 0.407813 0.277734 0.042188 0.057031
0 0.455859 0.309766 0.041406 0.046094
0 0.436719 0.171484 0.056250 0.053906
0 0.350391 0.419141 0.046094 0.052344
0 0.555859 0.289844 0.036719 0.054688
0 0.546875 0.200781 0.065625 0.042188
0 0.741797 0.946484 0.044531 0.044531
0 0.358984 0.283984 0.041406 0.069531
0 0.760156 0.659766 0.043750 0.044531
0 0.385937 0.219141 0.050000 0.053906
0 0.565625 0.355469 0.037500 0.051562
0 0.494531 0.151953 0.048438 0.042969
0 0.519531 0.244531 0.056250 0.045312
