0 0.259333 0.823489 0.161333 0.135989
0 0.383333 0.127747 0.140000 0.115385
0 0.136000 0.364011 0.144000 0.140110
0 0.691333 0.582418 0.134667 0.142857
0 0.895333 0.539835 0.097333 0.140110
0 0.299333 0.509615 0.100000 0.142857
0 0.560667 0.122940 0.116000 0.125000
0 0.154667 0.687500 0.101333 0.152473
0 0.116667 0.519231 0.116000 0.142857
0 0.414667 0.883929 0.122667 0.111264
0 0.748667 0.187500 0.148000 0.146978
0 0.546000 0.885302 0.132000 0.108516
0 0.356667 0.653846 0.110667 0.118132
0 0.684000 0.402473 0.136000 0.148352
0 0.376000 0.336538 0.133333 0.153846
0 0.876667 0.359203 0.116000 0.171703
0 0.226000 0.210852 0.118667 0.135989
0 0.530667 0.292582 0.149333 0.115385
0 0.827333 0.700549 0.116000 0.142857
0 0.709333 0.826923 0.120000 0.115385
0 0.525333 0.685440 0.162667 0.131868
