0 0.379333 0.331284 0.134667 0.146175
0 0.405333 0.859290 0.122667 0.112022
0 0.553333 0.111339 0.125333 0.121585
0 0.690667 0.384563 0.138667 0.148907
0 0.254000 0.800546 0.161333 0.136612
0 0.836000 0.663251 0.120000 0.137978
0 0.238000 0.202869 0.124000 0.132514
0 0.714000 0.806011 0.124000 0.114754
0 0.687333 0.553962 0.145333 0.137978
0 0.103333 0.504781 0.116000 0.143443
0 0.720667 0.174863 0.158667 0.128415
0 0.136000 0.348361 0.146667 0.139344
0 0.303333 0.488388 0.094667 0.137978
0 0.391333 0.118169 0.140000 0.110656
0 0.343333 0.632514 0.108000 0.120219
0 0.146000 0.665301 0.116000 0.150273
0 0.889333 0.495219 0.093333 0.137978
0 0.561333 0.872268 0.133333 0.105191
0 0.515333 0.663934 0.164000 0.133880
0 0.532667 0.297814 0.148000 0.114754
0 0.850667 0.312842 0.120000 0.166667
