0 0.323333 0.606557 0.156000 0.153005
0 0.839333 0.633880 0.121333 0.136612
0 0.128000 0.406421 0.130667 0.140710
0 0.408667 0.294399 0.158667 0.157104
0 0.765333 0.782104 0.149333 0.178962
0 0.693333 0.174863 0.146667 0.136612
0 0.184000 0.737022 0.141333 0.140710
0 0.819333 0.314891 0.124000 0.137978
0 0.572000 0.316257 0.149333 0.162568
0 0.462667 0.905055 0.152000 0.132514
0 0.206667 0.241803 0.141333 0.174863
0 0.314000 0.855191 0.150667 0.163934
0 0.468000 0.700137 0.144000 0.110656
0 0.117333 0.571721 0.122667 0.154372
0 0.612000 0.674863 0.128000 0.122951
0 0.624000 0.878415 0.157333 0.133880
0 0.536000 0.103825 0.144000 0.109290
0 0.868667 0.476776 0.116000 0.147541
0 0.660000 0.502049 0.146667 0.181694
0 0.307333 0.446038 0.126667 0.162568
0 0.354000 0.124317 0.174667 0.139344
