0 0.315625 0.770479 0.104688 0.100568
0 0.867578 0.666261 0.103906 0.117599
0 0.070703 0.383617 0.103906 0.131387
0 0.136719 0.706002 0.110937 0.146796
0 0.755859 0.822384 0.103906 0.111922
0 0.620313 0.791971 0.090625 0.088402
0 0.567969 0.898216 0.121875 0.093268
0 0.241797 0.839822 0.105469 0.101379
0 0.207031 0.328062 0.089063 0.088402
0 0.798438 0.355637 0.096875 0.119221
0 0.170703 0.221411 0.110156 0.097324
0 0.734766 0.707218 0.141406 0.134631
0 0.278516 0.390916 0.103906 0.092457
0 0.400391 0.209246 0.086719 0.071371
0 0.313281 0.147202 0.078125 0.068938
0 0.429688 0.826034 0.092188 0.088402
0 0.471094 0.087997 0.151562 0.104623
0 0.726953 0.581914 0.150781 0.098135
0 0.633984 0.677210 0.069531 0.071371
0 0.556250 0.198702 0.112500 0.084347
0 0.474219 0.296431 0.084375 0.077048
0 0.918359 0.470803 0.089844 0.109489
0 0.379297 0.703569 0.074219 0.072182
0 0.788281 0.178832 0.106250 0.109489
0 0.398828 0.924169 0.075781 0.068938
0 0.645312 0.118005 0.071875 0.075426
0 0.678906 0.622871 0.070312 0.060016
0 0.698828 0.436740 0.067969 0.081914
0 0.077734 0.545418 0.066406 0.078670
0 0.817969 0.482563 0.064062 0.079481
0 0.889844 0.302514 0.060937 0.081103
0 0.182812 0.473642 0.096875 0.157340
0 0.299609 0.680860 0.114844 0.104623
0 0.442188 0.730738 0.051562 0.082725
0 0.411328 0.562855 0.033594 0.035685
0 0.267969 0.482563 0.057813 0.085969
0 0.320703 0.318735 0.111719 0.168694
0 0.562500 0.717356 0.057813 0.098135
0 0.251953 0.639092 0.160156 0.113544
0 0.605469 0.589213 0.042188 0.046229
0 0.686328 0.360908 0.096094 0.069749
0 0.562109 0.299270 0.067969 0.102190
0 0.442188 0.386456 0.039062 0.041363
0 0.484766 0.588808 0.041406 0.042174
0 0.391797 0.628548 0.039844 0.037307
0 0.604688 0.446878 0.035937 0.042174
0 0.469922 0.439578 0.039844 0.043796
0 0.335547 0.497161 0.039844 0.040552
0 0.651563 0.285077 0.167187 0.188970
0 0.336328 0.549067 0.039844 0.038929
0 0.389062 0.309002 0.056250 0.108678
0 0.575781 0.628143 0.040625 0.042985
0 0.577344 0.407543 0.037500 0.039740
0 0.361328 0.599351 0.044531 0.040552
0 0.533594 0.383617 0.040625 0.040552
0 0.484766 0.375912 0.035156 0.039740
0 0.396094 0.408759 0.034375 0.034063
0 0.717969 0.509327 0.131250 0.053528
0 0.394922 0.525142 0.039844 0.041363
0 0.442578 0.645174 0.041406 0.044607
0 0.512891 0.762774 0.082031 0.169505
0 0.533203 0.645985 0.038281 0.038118
0 0.557031 0.510138 0.045312 0.042174
0 0.403125 0.482563 0.045312 0.040552
0 0.615234 0.542174 0.042969 0.041363
0 0.488281 0.649635 0.043750 0.038929
0 0.430078 0.447689 0.033594 0.037307
0 0.539844 0.470397 0.040625 0.037307
0 0.526563 0.582320 0.042188 0.043796
0 0.616406 0.492295 0.039062 0.042174
0 0.225000 0.576237 0.150000 0.067315
0 0.512891 0.442822 0.042969 0.040552
0 0.357422 0.444444 0.038281 0.040552
0 0.442969 0.585969 0.042188 0.039740
0 0.557422 0.551095 0.039844 0.042985
