0 0.678125 0.749797 0.131250 0.125102
0 0.107813 0.289196 0.095312 0.121852
0 0.832812 0.741267 0.095312 0.111292
0 0.344922 0.796507 0.083594 0.083672
0 0.259375 0.721771 0.095312 0.093420
0 0.697266 0.877742 0.100781 0.098294
0 0.093750 0.608855 0.085938 0.121040
0 0.321484 0.677498 0.066406 0.071487
0 0.458203 0.190496 0.082031 0.060926
0 0.549609 0.818034 0.085156 0.082859
0 0.383984 0.717303 0.055469 0.076361
0 0.227734 0.144192 0.107031 0.077173
0 0.270313 0.426889 0.065625 0.073924
0 0.306250 0.889927 0.073438 0.060926
0 0.807031 0.422421 0.084375 0.116978
0 0.162891 0.777823 0.091406 0.096669
0 0.244141 0.265638 0.082031 0.077985
0 0.687500 0.319253 0.160938 0.155971
0 0.173047 0.400081 0.080469 0.148660
0 0.385937 0.103574 0.073438 0.056052
0 0.496484 0.927295 0.144531 0.072299
0 0.711719 0.153128 0.076563 0.059301
0 0.511719 0.278229 0.078125 0.070674
0 0.810547 0.540211 0.057031 0.074736
0 0.589844 0.709992 0.064062 0.069862
0 0.299219 0.357433 0.089063 0.076361
0 0.705469 0.623477 0.154688 0.096669
0 0.824219 0.237612 0.096875 0.099919
0 0.916016 0.562957 0.083594 0.103981
0 0.516797 0.726645 0.050781 0.099919
0 0.915625 0.385865 0.060937 0.074736
0 0.642578 0.661251 0.064844 0.058489
0 0.545703 0.089764 0.146094 0.088546
0 0.707422 0.485784 0.063281 0.077985
0 0.227734 0.572299 0.160156 0.072299
0 0.425781 0.290820 0.035937 0.107230
0 0.539453 0.640130 0.035156 0.037368
0 0.538281 0.565800 0.037500 0.041430
0 0.594531 0.314379 0.060937 0.095857
0 0.358594 0.601137 0.037500 0.035743
0 0.360547 0.406986 0.035156 0.040617
0 0.237500 0.498375 0.118750 0.039805
0 0.332031 0.452884 0.031250 0.038180
0 0.435937 0.427295 0.035937 0.037368
0 0.505469 0.371243 0.035937 0.040617
0 0.400781 0.631600 0.037500 0.034931
0 0.548828 0.389521 0.039844 0.038180
0 0.598828 0.563363 0.035156 0.036556
0 0.498828 0.589764 0.038281 0.032494
0 0.521484 0.441105 0.038281 0.038993
0 0.407813 0.378960 0.037500 0.036556
0 0.333594 0.558083 0.035937 0.034119
0 0.446875 0.649066 0.042188 0.032494
0 0.590625 0.424045 0.037500 0.038993
0 0.580469 0.610479 0.037500 0.044679
0 0.478906 0.423639 0.040625 0.031682
0 0.453125 0.590983 0.037500 0.033306
0 0.385937 0.537774 0.028125 0.045491
0 0.550391 0.519496 0.038281 0.044679
0 0.700000 0.556052 0.128125 0.041430
0 0.607812 0.206336 0.107813 0.073111
0 0.546484 0.474817 0.032031 0.038180
0 0.606641 0.470755 0.028906 0.036556
0 0.263672 0.625914 0.133594 0.083672
0 0.444141 0.764419 0.060156 0.170593
0 0.495703 0.650284 0.038281 0.038180
0 0.349219 0.283509 0.085938 0.152721
0 0.412500 0.576767 0.032813 0.029245
0 0.076563 0.458164 0.059375 0.074736
0 0.382422 0.489439 0.028906 0.034931
0 0.455859 0.368400 0.036719 0.038180
0 0.401562 0.454509 0.035937 0.038180
0 0.610547 0.515028 0.033594 0.042242
0 0.323437 0.507717 0.032813 0.040617
