0 0.233203 0.639318 0.141406 0.155971
0 0.767578 0.134850 0.132031 0.118603
0 0.214062 0.799350 0.121875 0.116978
0 0.246094 0.289602 0.093750 0.099919
0 0.332031 0.215272 0.104688 0.113729
0 0.108594 0.636881 0.110937 0.120227
0 0.467969 0.064988 0.129688 0.108855
0 0.362891 0.286353 0.078906 0.080422
0 0.800781 0.510967 0.071875 0.094232
0 0.191016 0.495938 0.092969 0.101543
0 0.315234 0.343623 0.082031 0.069862
0 0.884766 0.283103 0.091406 0.122665
0 0.609375 0.277417 0.081250 0.080422
0 0.164844 0.233956 0.070312 0.086109
0 0.520703 0.828188 0.125781 0.106418
0 0.295312 0.106418 0.107813 0.110479
0 0.766797 0.278635 0.088281 0.097482
0 0.639453 0.723802 0.175781 0.191714
0 0.651563 0.182372 0.154688 0.108042
0 0.896094 0.452071 0.065625 0.085297
0 0.096094 0.422421 0.093750 0.160845
0 0.791797 0.777011 0.069531 0.088546
0 0.708203 0.550772 0.080469 0.092608
0 0.408203 0.811535 0.080469 0.071487
0 0.286328 0.555646 0.077344 0.077985
0 0.670312 0.318846 0.087500 0.104793
0 0.347656 0.688871 0.118750 0.175467
0 0.692578 0.877742 0.111719 0.116166
0 0.368359 0.915516 0.113281 0.103981
0 0.282813 0.477254 0.103125 0.069050
0 0.536719 0.945979 0.081250 0.075548
0 0.323047 0.618197 0.066406 0.076361
0 0.881250 0.617790 0.109375 0.164907
0 0.477734 0.714866 0.085156 0.077985
0 0.479297 0.208367 0.096094 0.176279
0 0.711719 0.460601 0.107813 0.055240
0 0.361328 0.515841 0.041406 0.042242
0 0.430859 0.528026 0.046094 0.045491
0 0.659375 0.629163 0.101562 0.078798
0 0.429688 0.337530 0.040625 0.044679
0 0.612891 0.373274 0.044531 0.043054
0 0.547266 0.231519 0.058594 0.128351
0 0.574609 0.336312 0.041406 0.038993
0 0.580078 0.447197 0.041406 0.043054
0 0.621484 0.528026 0.044531 0.043867
0 0.393359 0.375711 0.039844 0.044679
0 0.596484 0.569456 0.042969 0.047116
0 0.423438 0.590577 0.040625 0.042242
0 0.415625 0.482941 0.037500 0.044679
0 0.552344 0.532494 0.043750 0.046304
0 0.630859 0.426076 0.041406 0.044679
0 0.473828 0.319659 0.038281 0.043054
0 0.368359 0.419984 0.038281 0.048741
0 0.557031 0.606011 0.043750 0.045491
0 0.381250 0.563363 0.048438 0.046304
0 0.576953 0.492283 0.036719 0.047116
0 0.422266 0.436231 0.038281 0.043867
0 0.484766 0.376523 0.047656 0.036556
0 0.473047 0.548335 0.049219 0.047116
0 0.412891 0.695370 0.061719 0.138099
0 0.759766 0.661251 0.088281 0.123477
0 0.516016 0.551990 0.041406 0.039805
0 0.509766 0.614135 0.039844 0.035743
0 0.422266 0.236393 0.102344 0.151097
0 0.260156 0.397238 0.171875 0.090983
0 0.358984 0.469537 0.042969 0.045491
0 0.732031 0.383022 0.159375 0.114541
0 0.443359 0.397238 0.033594 0.038993
0 0.614062 0.073517 0.081250 0.073924
0 0.530859 0.381803 0.038281 0.035743
0 0.632812 0.477660 0.042188 0.043867
0 0.560156 0.406580 0.042188 0.043054
0 0.466797 0.610479 0.046094 0.041430
0 0.523828 0.317628 0.044531 0.040617
