0 0.238802 0.218365 0.136979 0.152296
0 0.137760 0.617301 0.157812 0.202128
0 0.802865 0.702688 0.117188 0.115342
0 0.198698 0.764838 0.143229 0.143337
0 0.817708 0.587626 0.158333 0.114782
0 0.735156 0.832027 0.134896 0.118701
0 0.495052 0.898936 0.143229 0.171892
0 0.725781 0.200168 0.126562 0.130459
0 0.650781 0.414614 0.121354 0.131579
0 0.507812 0.272956 0.129167 0.112542
0 0.257812 0.852744 0.114583 0.133259
0 0.165625 0.329507 0.097917 0.105823
0 0.456771 0.116181 0.102083 0.148376
0 0.623958 0.891097 0.125000 0.171892
0 0.378906 0.580627 0.086979 0.100784
0 0.585677 0.127100 0.142187 0.220605
0 0.628646 0.691489 0.145833 0.132139
0 0.272917 0.617861 0.100000 0.128219
0 0.395833 0.291433 0.066667 0.101344
0 0.361458 0.893057 0.094792 0.151176
0 0.145313 0.438130 0.126042 0.121501
0 0.299219 0.369261 0.094271 0.165174
0 0.380469 0.444849 0.095312 0.115901
0 0.498437 0.620381 0.096875 0.086226
0 0.268490 0.506159 0.092188 0.099664
0 0.562240 0.515957 0.086979 0.101344
0 0.674479 0.543393 0.088542 0.093505
0 0.408854 0.749160 0.073958 0.076148
0 0.342448 0.703807 0.107813 0.118701
0 0.616406 0.321948 0.089063 0.080627
0 0.508854 0.740761 0.080208 0.086226
0 0.790885 0.300672 0.108854 0.096305
0 0.508073 0.392497 0.100521 0.083987
0 0.346875 0.121781 0.088542 0.152856
0 0.828646 0.432811 0.207292 0.155655
