0 0.276562 0.817469 0.145833 0.152296
0 0.658073 0.869541 0.193229 0.175812
0 0.644531 0.149776 0.110937 0.129339
0 0.786198 0.784155 0.138021 0.158455
0 0.536719 0.149776 0.111979 0.173012
0 0.772917 0.203527 0.114583 0.148376
0 0.868229 0.449888 0.164583 0.159574
0 0.192708 0.301232 0.125000 0.139978
0 0.400521 0.351344 0.126042 0.134938
0 0.289844 0.524076 0.108854 0.142217
0 0.858333 0.709127 0.127083 0.127100
0 0.389323 0.879619 0.101562 0.108623
0 0.152344 0.599944 0.141146 0.114782
0 0.843229 0.314110 0.163542 0.139978
0 0.591406 0.618141 0.096354 0.096305
0 0.144792 0.460526 0.209375 0.159574
0 0.658073 0.336786 0.127604 0.160694
0 0.639844 0.725924 0.122396 0.111422
0 0.322135 0.639978 0.096354 0.075028
0 0.881250 0.593225 0.143750 0.106943
0 0.492188 0.886618 0.116667 0.139418
0 0.407292 0.732363 0.156250 0.106383
0 0.465625 0.634938 0.110417 0.106383
0 0.611458 0.485162 0.083333 0.106943
0 0.537760 0.745801 0.095312 0.101904
0 0.505729 0.431691 0.096875 0.096305
0 0.515885 0.308231 0.090104 0.097984
0 0.742188 0.562710 0.072917 0.081747
0 0.709896 0.639978 0.113542 0.119821
0 0.319792 0.401176 0.078125 0.097984
0 0.720573 0.457167 0.082812 0.089026
0 0.275781 0.218365 0.093229 0.119821
0 0.400000 0.506439 0.081250 0.110302
0 0.172917 0.715845 0.144792 0.100224
0 0.392448 0.159574 0.151562 0.227324
0 0.276562 0.817469 0.145833 0.152296
0 0.658073 0.869541 0.193229 0.175812
0 0.644531 0.149776 0.110937 0.129339
0 0.786198 0.784155 0.138021 0.158455
0 0.536719 0.149776 0.111979 0.173012
0 0.772917 0.203527 0.114583 0.148376
0 0.868229 0.449888 0.164583 0.159574
0 0.192708 0.301232 0.125000 0.139978
0 0.400521 0.351344 0.126042 0.134938
0 0.289844 0.524076 0.108854 0.142217
0 0.858333 0.709127 0.127083 0.127100
0 0.389323 0.879619 0.101562 0.108623
0 0.152344 0.599944 0.141146 0.114782
0 0.843229 0.314110 0.163542 0.139978
0 0.591406 0.618141 0.096354 0.096305
0 0.144792 0.460526 0.209375 0.159574
0 0.658073 0.336786 0.127604 0.160694
0 0.639844 0.725924 0.122396 0.111422
0 0.322135 0.639978 0.096354 0.075028
0 0.881250 0.593225 0.143750 0.106943
0 0.492188 0.886618 0.116667 0.139418
0 0.407292 0.732363 0.156250 0.106383
0 0.465625 0.634938 0.110417 0.106383
0 0.611458 0.485162 0.083333 0.106943
0 0.537760 0.745801 0.095312 0.101904
0 0.505729 0.431691 0.096875 0.096305
0 0.515885 0.308231 0.090104 0.097984
0 0.742188 0.562710 0.072917 0.081747
0 0.709896 0.639978 0.113542 0.119821
0 0.319792 0.401176 0.078125 0.097984
0 0.720573 0.457167 0.082812 0.089026
0 0.275781 0.218365 0.093229 0.119821
0 0.400000 0.506439 0.081250 0.110302
0 0.172917 0.715845 0.144792 0.100224
0 0.392448 0.159574 0.151562 0.227324
