0 0.756771 0.689626 0.091667 0.117680
0 0.195833 0.211656 0.109375 0.116564
0 0.730990 0.238985 0.099479 0.113218
0 0.788021 0.805633 0.094792 0.092025
0 0.449479 0.853876 0.102083 0.091467
0 0.639844 0.065254 0.091146 0.082543
0 0.653385 0.908812 0.086979 0.093140
0 0.803646 0.429448 0.054167 0.091467
0 0.123438 0.368935 0.071875 0.104294
0 0.509115 0.944785 0.100521 0.080312
0 0.854427 0.256274 0.080729 0.105410
0 0.712760 0.580591 0.081771 0.101506
0 0.706510 0.367262 0.084896 0.076408
0 0.480990 0.037925 0.107813 0.075851
0 0.363802 0.174568 0.093229 0.083659
0 0.732812 0.504183 0.066667 0.084774
0 0.179427 0.547407 0.067187 0.103179
0 0.651302 0.692973 0.086979 0.071946
0 0.551823 0.755996 0.063021 0.073062
0 0.352344 0.362242 0.061979 0.070831
0 0.604167 0.242889 0.079167 0.080870
0 0.466927 0.215839 0.081771 0.080312
0 0.363542 0.913832 0.098958 0.088678
0 0.321615 0.552426 0.074479 0.093140
0 0.553906 0.565533 0.068229 0.062465
0 0.478385 0.766313 0.075521 0.087005
0 0.344010 0.268544 0.083854 0.093140
0 0.501042 0.671221 0.067708 0.083101
0 0.782031 0.336587 0.073438 0.084216
0 0.250521 0.472114 0.064583 0.086447
0 0.861719 0.682097 0.065104 0.081428
0 0.560677 0.656999 0.053646 0.079197
0 0.369271 0.733408 0.068750 0.084774
0 0.450000 0.302844 0.046875 0.069158
0 0.354948 0.619632 0.067187 0.066927
0 0.805729 0.509202 0.050000 0.064696
0 0.553125 0.434189 0.057292 0.061907
0 0.221094 0.356386 0.050521 0.063581
0 0.579948 0.328779 0.059896 0.060792
0 0.692187 0.766592 0.070833 0.070831
0 0.434115 0.674289 0.046354 0.071389
0 0.188281 0.439487 0.047396 0.071389
0 0.331771 0.091188 0.091667 0.089794
0 0.386198 0.428611 0.044271 0.076408
0 0.638281 0.433352 0.097396 0.072504
0 0.447656 0.128277 0.074479 0.058003
0 0.534375 0.134690 0.080208 0.058561
0 0.250000 0.285276 0.046875 0.051868
0 0.322917 0.416620 0.043750 0.047964
0 0.637760 0.562744 0.055729 0.054657
0 0.479948 0.375070 0.060937 0.052984
0 0.791406 0.585053 0.043229 0.065811
0 0.385937 0.657836 0.053125 0.063023
0 0.639323 0.507808 0.075521 0.055215
0 0.610938 0.627998 0.063542 0.056888
0 0.762240 0.143893 0.092188 0.090351
0 0.384115 0.547407 0.046354 0.059677
0 0.630469 0.810653 0.047396 0.069716
0 0.377604 0.494144 0.044792 0.047964
0 0.398698 0.311210 0.039062 0.070273
0 0.514323 0.483826 0.038021 0.050753
0 0.610156 0.164250 0.056771 0.049637
0 0.604948 0.737033 0.048438 0.042945
0 0.510677 0.302844 0.068229 0.104852
0 0.349479 0.807027 0.058333 0.052426
0 0.317969 0.467931 0.058854 0.056888
0 0.289062 0.649191 0.052083 0.050195
0 0.615365 0.372560 0.053646 0.045733
0 0.537500 0.853040 0.047917 0.048522
0 0.431250 0.525098 0.039583 0.047407
0 0.426302 0.459565 0.044271 0.054657
0 0.485938 0.428890 0.045833 0.037925
0 0.664062 0.184886 0.047917 0.041829
0 0.489583 0.538483 0.044792 0.040714
0 0.732552 0.433631 0.044271 0.045176
0 0.297396 0.226436 0.048958 0.052426
0 0.261719 0.593140 0.070312 0.059677
0 0.499219 0.593698 0.038021 0.044060
0 0.094271 0.546849 0.084375 0.182376
0 0.884375 0.465421 0.085417 0.210262
0 0.532552 0.390965 0.041146 0.039041
0 0.647135 0.284997 0.067187 0.043503
0 0.570052 0.493028 0.042188 0.044618
0 0.293750 0.334077 0.040625 0.059119
0 0.270052 0.399331 0.048438 0.047964
0 0.687760 0.623815 0.043229 0.048522
0 0.532292 0.220301 0.036458 0.055772
0 0.403125 0.237033 0.026042 0.041272
0 0.453385 0.602900 0.034896 0.035694
0 0.204687 0.638873 0.036458 0.057446
0 0.317188 0.693530 0.038542 0.052984
0 0.256250 0.549637 0.036458 0.042945
0 0.589063 0.832683 0.038542 0.046849
0 0.434375 0.750139 0.035417 0.045733
0 0.240104 0.691299 0.035417 0.042945
0 0.419271 0.586447 0.051042 0.050753
0 0.210938 0.776074 0.172917 0.211378
0 0.288542 0.742889 0.053125 0.055772
0 0.667448 0.322086 0.035937 0.036252
0 0.428385 0.389013 0.030729 0.047407
