0 0.310156 0.764640 0.105729 0.092582
0 0.785156 0.190184 0.103646 0.111545
0 0.731771 0.760457 0.101042 0.100948
0 0.200000 0.791969 0.081250 0.097044
0 0.172917 0.427217 0.080208 0.104852
0 0.898177 0.672058 0.072396 0.093698
0 0.111198 0.642777 0.082812 0.088678
0 0.550260 0.828221 0.082812 0.053542
0 0.642188 0.104573 0.093750 0.071946
0 0.084896 0.486336 0.069792 0.103737
0 0.709375 0.891801 0.094792 0.081428
0 0.414062 0.723369 0.090625 0.082543
0 0.613281 0.727830 0.067187 0.087005
0 0.934115 0.504183 0.069271 0.111545
0 0.810677 0.371445 0.073438 0.095929
0 0.483854 0.748745 0.076042 0.067485
0 0.472656 0.154490 0.093229 0.066927
0 0.312760 0.651701 0.063021 0.089794
0 0.259115 0.541829 0.065104 0.064138
0 0.636719 0.349414 0.063021 0.063023
0 0.734375 0.624930 0.071875 0.080870
0 0.767188 0.479643 0.070833 0.083659
0 0.121354 0.332404 0.078125 0.101506
0 0.460417 0.306470 0.083333 0.075293
0 0.436458 0.553820 0.055208 0.070273
0 0.253385 0.462632 0.077604 0.076408
0 0.724219 0.344953 0.082812 0.085332
0 0.340885 0.492192 0.074479 0.068600
0 0.638021 0.809816 0.075000 0.074735
0 0.539323 0.234802 0.077604 0.064696
0 0.311458 0.877301 0.072917 0.065811
0 0.350781 0.556609 0.071354 0.053542
0 0.289583 0.348299 0.076042 0.069716
0 0.686458 0.456776 0.062500 0.046849
0 0.396354 0.338260 0.059375 0.068600
0 0.475781 0.826548 0.057813 0.050195
0 0.558854 0.560234 0.055208 0.058561
0 0.648698 0.209426 0.056771 0.050753
0 0.655990 0.594534 0.053646 0.061350
0 0.241667 0.691578 0.062500 0.072504
0 0.341146 0.420803 0.064583 0.046291
0 0.572917 0.169827 0.064583 0.047407
0 0.890104 0.341327 0.079167 0.093698
0 0.572656 0.382041 0.069271 0.043503
0 0.554948 0.651701 0.063021 0.100948
0 0.849740 0.463469 0.050521 0.076966
0 0.838802 0.555772 0.050521 0.083101
0 0.713281 0.244004 0.046354 0.047407
0 0.587500 0.315114 0.042708 0.044618
0 0.434635 0.644172 0.048438 0.056888
0 0.617969 0.485220 0.046354 0.062465
0 0.405729 0.807306 0.059375 0.042945
0 0.359375 0.369771 0.056250 0.053542
0 0.485938 0.648634 0.047917 0.078081
0 0.375000 0.612103 0.050000 0.065254
0 0.819010 0.799498 0.079687 0.094255
0 0.462240 0.373675 0.053646 0.046849
0 0.203906 0.623257 0.063021 0.047407
0 0.512500 0.369771 0.042708 0.045733
0 0.681510 0.401840 0.064062 0.038483
0 0.514583 0.515895 0.045833 0.037925
0 0.807813 0.634969 0.043750 0.058561
0 0.273438 0.599833 0.037500 0.049637
0 0.683854 0.522030 0.094792 0.068042
0 0.221875 0.322922 0.045833 0.060234
0 0.539583 0.307306 0.050000 0.060234
0 0.372135 0.266592 0.044271 0.053542
0 0.612760 0.629950 0.040104 0.055215
0 0.169010 0.521472 0.043229 0.049080
0 0.480469 0.425544 0.042188 0.040156
0 0.542188 0.423313 0.048958 0.044618
0 0.567187 0.488846 0.033333 0.047407
0 0.785417 0.692136 0.036458 0.049080
0 0.464844 0.486615 0.035937 0.046291
0 0.550260 0.752091 0.040104 0.045176
0 0.765885 0.297546 0.046354 0.049637
0 0.425521 0.240379 0.052083 0.072504
0 0.412760 0.493865 0.039062 0.038483
0 0.477604 0.063302 0.166667 0.080870
0 0.512500 0.912716 0.192708 0.080870
0 0.600000 0.540435 0.034375 0.042387
0 0.693229 0.668991 0.037500 0.069716
0 0.503125 0.575293 0.039583 0.042945
0 0.666146 0.288065 0.053125 0.040714
0 0.605990 0.259063 0.042188 0.049637
0 0.375260 0.694088 0.043229 0.044060
0 0.759115 0.549080 0.050521 0.036252
0 0.750521 0.410485 0.037500 0.025655
0 0.407031 0.444506 0.031771 0.035694
0 0.386458 0.177078 0.052083 0.036252
0 0.329688 0.294757 0.047917 0.038483
0 0.466667 0.237033 0.038542 0.036810
0 0.185417 0.577803 0.041667 0.039041
0 0.270052 0.416620 0.041146 0.035694
0 0.335417 0.212493 0.038542 0.035694
0 0.423958 0.409370 0.044792 0.052426
0 0.258073 0.176520 0.189062 0.174568
0 0.284635 0.261294 0.049479 0.054099
0 0.657292 0.688790 0.032292 0.036810
0 0.607812 0.429169 0.042708 0.030675
