0 0.841667 0.279284 0.128125 0.146567
0 0.906510 0.490479 0.101562 0.145413
0 0.227604 0.616849 0.113542 0.094634
0 0.143490 0.262839 0.111979 0.129833
0 0.302604 0.257934 0.096875 0.117715
0 0.087240 0.431333 0.123438 0.124062
0 0.365104 0.615984 0.085417 0.114830
0 0.159115 0.756780 0.109896 0.128679
0 0.858854 0.706867 0.104167 0.132718
0 0.440885 0.764859 0.071354 0.119446
0 0.427604 0.912291 0.115625 0.095788
0 0.217448 0.510675 0.114062 0.111945
0 0.325000 0.869302 0.141667 0.104443
0 0.094792 0.556549 0.098958 0.109059
0 0.530990 0.407963 0.077604 0.076168
0 0.688542 0.283901 0.102083 0.109636
0 0.786198 0.769186 0.069271 0.098096
0 0.584635 0.079919 0.128646 0.111368
0 0.555208 0.628967 0.084375 0.094634
0 0.216667 0.398731 0.103125 0.072706
0 0.242708 0.310733 0.087500 0.092902
0 0.407813 0.319965 0.086458 0.081362
0 0.651823 0.510098 0.074479 0.102712
0 0.651042 0.876803 0.125000 0.109059
0 0.756510 0.375072 0.103646 0.070398
0 0.484635 0.558280 0.068229 0.067513
0 0.759896 0.464801 0.097917 0.079054
0 0.750000 0.571841 0.145833 0.107328
0 0.468490 0.650317 0.063021 0.068090
0 0.697656 0.133872 0.069271 0.081939
0 0.435677 0.408252 0.067187 0.067513
0 0.372656 0.093191 0.115104 0.092902
0 0.348958 0.380265 0.078125 0.086555
0 0.410938 0.508367 0.056250 0.076168
0 0.362500 0.755915 0.073958 0.090017
0 0.777865 0.193595 0.086979 0.074437
0 0.582812 0.338430 0.111458 0.074437
0 0.270313 0.139931 0.066667 0.100981
0 0.272135 0.705424 0.076563 0.104443
0 0.532552 0.206867 0.081771 0.104443
0 0.472396 0.090017 0.059375 0.073860
0 0.487240 0.312464 0.068229 0.075591
0 0.703385 0.684651 0.082812 0.096365
0 0.610417 0.222447 0.072917 0.077900
0 0.404167 0.204847 0.137500 0.130410
0 0.198698 0.174553 0.088021 0.062897
0 0.635938 0.738315 0.061458 0.083670
0 0.619792 0.599250 0.052083 0.069821
0 0.328125 0.519619 0.058333 0.064051
0 0.252604 0.821119 0.067708 0.065782
0 0.094531 0.349683 0.064062 0.062320
0 0.541406 0.913733 0.071354 0.047894
0 0.568750 0.510964 0.056250 0.079054
0 0.548698 0.771783 0.099479 0.156376
0 0.319010 0.435949 0.050521 0.058280
0 0.877083 0.606174 0.062500 0.073283
0 0.879427 0.383728 0.061979 0.047317
0 0.103906 0.653203 0.050521 0.079631
0 0.735677 0.814195 0.045312 0.056549
0 0.638542 0.418061 0.067708 0.050202
