0 0.751333 0.209497 0.152000 0.185954
0 0.252667 0.252195 0.129333 0.153232
0 0.151000 0.401437 0.096667 0.148444
0 0.874000 0.554669 0.102667 0.132482
0 0.712000 0.359138 0.109333 0.132482
0 0.396000 0.171588 0.132000 0.140463
0 0.576667 0.146848 0.128000 0.137271
0 0.839000 0.385475 0.107333 0.137271
0 0.654000 0.453711 0.081333 0.107741
0 0.221667 0.622905 0.079333 0.117318
0 0.325000 0.377095 0.083333 0.102953
0 0.246000 0.494014 0.088000 0.121309
0 0.126667 0.565443 0.090667 0.123703
0 0.188000 0.734238 0.106667 0.124501
0 0.577000 0.287709 0.119333 0.109338
0 0.384333 0.472466 0.078000 0.098962
0 0.432333 0.308460 0.094000 0.106145
0 0.513333 0.392658 0.096000 0.095770
0 0.760000 0.511572 0.086667 0.105347
0 0.799000 0.741421 0.095333 0.122905
0 0.351667 0.648843 0.079333 0.102155
0 0.290000 0.729848 0.088000 0.096568
0 0.680333 0.614126 0.083333 0.096568
0 0.588667 0.749002 0.084000 0.088587
0 0.522667 0.528332 0.048000 0.055866
0 0.737000 0.678372 0.067333 0.095770
0 0.544333 0.640463 0.046000 0.055068
0 0.444333 0.610535 0.042000 0.051077
0 0.620333 0.545092 0.047333 0.055866
0 0.617000 0.617717 0.039333 0.060654
0 0.571000 0.569034 0.042000 0.052674
0 0.466333 0.544693 0.043333 0.055068
0 0.476000 0.705108 0.042667 0.051875
0 0.416333 0.733839 0.043333 0.053472
0 0.650000 0.691540 0.042667 0.050279
0 0.688000 0.530327 0.044000 0.051875
0 0.586667 0.484437 0.046667 0.051077
0 0.526667 0.701117 0.042667 0.047087
0 0.487000 0.650439 0.040667 0.046289
0 0.511667 0.774142 0.047333 0.049481
0 0.439667 0.420591 0.043333 0.046289
0 0.420333 0.537510 0.043333 0.055068
0 0.580333 0.665603 0.046000 0.051077
0 0.534667 0.460894 0.048000 0.058260
0 0.434667 0.664804 0.048000 0.051077
0 0.469667 0.476057 0.043333 0.050279
0 0.331000 0.540702 0.040667 0.055068
0 0.398333 0.600958 0.039333 0.057462
0 0.506333 0.879489 0.430000 0.140463
0 0.592667 0.397845 0.048000 0.050279
