0 0.725000 0.820431 0.164667 0.193136
0 0.724000 0.222666 0.136000 0.164405
0 0.607333 0.089785 0.129333 0.125299
0 0.428667 0.938547 0.116000 0.122905
0 0.602667 0.762969 0.117333 0.138867
0 0.781333 0.398643 0.125333 0.166800
0 0.789333 0.616121 0.122667 0.161213
0 0.572333 0.913009 0.120667 0.137271
0 0.528000 0.687151 0.094667 0.103751
0 0.417333 0.158819 0.102667 0.102155
0 0.615000 0.299681 0.091333 0.106145
0 0.522667 0.197127 0.106667 0.113328
0 0.471667 0.053472 0.108667 0.106943
0 0.327000 0.111333 0.110000 0.134876
0 0.672000 0.606943 0.098667 0.149242
0 0.531000 0.364326 0.087333 0.099761
0 0.664667 0.432163 0.094667 0.118915
0 0.589000 0.523144 0.086000 0.120511
0 0.472667 0.810056 0.093333 0.110136
0 0.278667 0.839585 0.108000 0.121309
0 0.386333 0.312450 0.090000 0.101357
0 0.323667 0.232642 0.086000 0.110934
0 0.392333 0.707103 0.086000 0.105347
0 0.286333 0.588587 0.079333 0.106145
0 0.475333 0.524741 0.049333 0.061453
0 0.335333 0.770152 0.084000 0.086193
0 0.380000 0.542698 0.049333 0.059058
0 0.412000 0.425778 0.045333 0.053472
0 0.454333 0.640064 0.050000 0.060654
0 0.394333 0.631684 0.052667 0.050279
0 0.437333 0.580607 0.046667 0.053472
0 0.465000 0.456504 0.048667 0.055866
0 0.331000 0.456504 0.046000 0.054270
0 0.311667 0.383480 0.047333 0.055068
0 0.330333 0.665603 0.044667 0.054270
0 0.461667 0.722267 0.046000 0.055866
0 0.507000 0.604948 0.046000 0.059058
0 0.331000 0.518356 0.042000 0.053472
0 0.375333 0.474062 0.041333 0.051077
0 0.271667 0.494413 0.044667 0.059856
0 0.570667 0.433360 0.041333 0.054270
0 0.475000 0.402235 0.048667 0.055866
0 0.356333 0.583799 0.046000 0.058260
0 0.530667 0.544294 0.052000 0.060654
0 0.367333 0.410215 0.045333 0.060654
0 0.522333 0.465682 0.044667 0.055068
0 0.478333 0.295291 0.048667 0.052674
0 0.423000 0.371508 0.050000 0.050279
0 0.184000 0.480846 0.146667 0.519553
0 0.579000 0.617717 0.044667 0.060654
