0 0.392969 0.859106 0.118229 0.172953
0 0.724479 0.559267 0.116667 0.146552
0 0.182031 0.224946 0.139063 0.137392
0 0.717187 0.166487 0.114583 0.113147
0 0.129427 0.338631 0.150521 0.122306
0 0.282031 0.159752 0.148438 0.160022
0 0.561458 0.712015 0.127083 0.142780
0 0.875521 0.526940 0.147917 0.120690
0 0.746094 0.784752 0.134896 0.129849
0 0.653906 0.329741 0.163021 0.126078
0 0.405208 0.276401 0.134375 0.126078
0 0.160677 0.747575 0.121354 0.143858
0 0.432812 0.104795 0.212500 0.198815
0 0.485938 0.613685 0.107292 0.094828
0 0.847135 0.664062 0.217188 0.163254
0 0.575260 0.402209 0.119271 0.112608
0 0.616927 0.559806 0.095312 0.112069
0 0.269010 0.506466 0.092188 0.100216
0 0.282292 0.819504 0.117708 0.128233
0 0.435677 0.405172 0.102604 0.101293
0 0.662500 0.850485 0.089583 0.116918
0 0.442448 0.717672 0.093229 0.092672
0 0.802083 0.265894 0.172917 0.152478
0 0.876823 0.397091 0.157812 0.110991
0 0.606771 0.153825 0.135417 0.150323
0 0.310417 0.657058 0.140625 0.155711
0 0.524740 0.283405 0.102604 0.118534
0 0.131250 0.627155 0.180208 0.112069
0 0.668490 0.674838 0.081771 0.100754
0 0.271615 0.399515 0.083854 0.081358
0 0.116667 0.478987 0.180208 0.164871
0 0.386719 0.525862 0.091146 0.108836
0 0.317448 0.339709 0.128646 0.126616
0 0.539323 0.875539 0.160938 0.215517
0 0.724219 0.436692 0.105729 0.078125
