0 0.429948 0.868534 0.102604 0.162716
0 0.728906 0.534752 0.103646 0.136315
0 0.155729 0.260506 0.127083 0.124461
0 0.682552 0.144935 0.104688 0.102371
0 0.115104 0.379310 0.140625 0.107759
0 0.248958 0.185345 0.134375 0.146552
0 0.582812 0.703933 0.114583 0.130927
0 0.875781 0.486261 0.138021 0.106142
0 0.773438 0.756735 0.123958 0.116918
0 0.635677 0.314116 0.152604 0.109914
0 0.383073 0.287716 0.123438 0.113147
0 0.187500 0.783136 0.108333 0.133082
0 0.392969 0.114224 0.195312 0.178879
0 0.497135 0.614494 0.099479 0.084591
0 0.861979 0.625269 0.204167 0.141703
0 0.564844 0.394935 0.109896 0.101293
0 0.622396 0.546875 0.085417 0.103448
0 0.270833 0.531789 0.083333 0.091595
0 0.316146 0.841595 0.106250 0.117457
0 0.426563 0.412716 0.093750 0.091595
0 0.697396 0.831358 0.079167 0.108836
0 0.464583 0.723060 0.085417 0.084052
0 0.776823 0.234375 0.159896 0.135776
0 0.864583 0.356950 0.148958 0.095366
0 0.571094 0.143858 0.122396 0.137931
0 0.327604 0.676994 0.127083 0.142780
0 0.502865 0.282058 0.092188 0.109375
0 0.146354 0.666487 0.171875 0.093750
0 0.685417 0.655981 0.072917 0.093211
0 0.262500 0.425108 0.077083 0.073276
0 0.116406 0.520474 0.166146 0.147629
0 0.390104 0.537985 0.081250 0.100754
0 0.302604 0.360183 0.117708 0.114763
0 0.577344 0.869073 0.141146 0.201509
0 0.716406 0.412716 0.099479 0.067888
