0 0.293490 0.143058 0.139063 0.126476
0 0.727604 0.143058 0.133333 0.134345
0 0.129427 0.615514 0.135937 0.130410
0 0.480729 0.669477 0.102083 0.093311
0 0.419271 0.218100 0.084375 0.136031
0 0.175000 0.292861 0.133333 0.164137
0 0.664323 0.420180 0.085938 0.103991
0 0.464844 0.935638 0.144271 0.128724
0 0.616406 0.213884 0.083854 0.117482
0 0.370833 0.552839 0.100000 0.102867
0 0.635417 0.609050 0.084375 0.127600
0 0.402083 0.357504 0.108333 0.112423
0 0.323437 0.697583 0.096875 0.112423
0 0.872656 0.574761 0.118229 0.156830
0 0.679427 0.877178 0.154688 0.171445
0 0.694271 0.250141 0.090625 0.106802
0 0.585417 0.551996 0.079167 0.094435
0 0.140625 0.397133 0.123958 0.136594
0 0.260677 0.424958 0.126562 0.095559
0 0.477604 0.587409 0.080208 0.073075
0 0.752344 0.566892 0.103646 0.102867
0 0.505469 0.320967 0.071354 0.075323
0 0.363021 0.458685 0.065625 0.075323
0 0.288802 0.336706 0.093229 0.095559
0 0.683333 0.719786 0.110417 0.137718
0 0.507812 0.786397 0.085417 0.116920
0 0.569792 0.071107 0.129167 0.142215
0 0.739062 0.322934 0.108333 0.117482
0 0.456771 0.063519 0.115625 0.127038
0 0.883594 0.378583 0.125521 0.106239
0 0.809115 0.214727 0.071354 0.094435
0 0.430208 0.481169 0.067708 0.085441
0 0.495052 0.410905 0.076563 0.075323
0 0.336198 0.241709 0.104688 0.097808
0 0.891406 0.456155 0.070312 0.075885
0 0.577344 0.444913 0.072396 0.078134
0 0.358333 0.895728 0.066667 0.089376
0 0.596875 0.780495 0.078125 0.124227
0 0.646615 0.089938 0.056771 0.078696
0 0.618229 0.355818 0.085417 0.102305
0 0.209635 0.757448 0.106771 0.087128
0 0.745313 0.650365 0.081250 0.088814
0 0.119010 0.507589 0.070312 0.075323
0 0.661458 0.506745 0.082292 0.082631
0 0.822396 0.696740 0.082292 0.087128
0 0.227344 0.236369 0.070312 0.079258
0 0.273958 0.631816 0.085417 0.078696
0 0.413281 0.769815 0.122396 0.175942
0 0.519271 0.206015 0.118750 0.141091
0 0.398438 0.630972 0.071875 0.068016
0 0.184115 0.692524 0.057813 0.064081
0 0.577604 0.321248 0.058333 0.068016
0 0.576562 0.914278 0.050000 0.071388
0 0.371094 0.077572 0.078646 0.069702
0 0.260417 0.835582 0.133333 0.144463
0 0.764323 0.784429 0.082812 0.106239
0 0.842969 0.280214 0.102604 0.086003
0 0.253646 0.535694 0.157292 0.136031
0 0.781510 0.437886 0.138021 0.166386
0 0.563802 0.665823 0.057813 0.084879
