0 0.387240 0.171901 0.127604 0.137409
0 0.799740 0.813517 0.124479 0.156478
0 0.776563 0.674986 0.110417 0.137409
0 0.825521 0.412507 0.112500 0.109366
0 0.437760 0.059170 0.135937 0.118340
0 0.876302 0.261357 0.133854 0.154795
0 0.409115 0.719293 0.070312 0.097027
0 0.376563 0.938867 0.139583 0.112170
0 0.563802 0.132081 0.118229 0.110488
0 0.314323 0.771453 0.113021 0.113853
0 0.808854 0.590017 0.101042 0.112170
0 0.710677 0.562815 0.104688 0.081324
0 0.522917 0.254066 0.071875 0.096467
0 0.103646 0.485418 0.112500 0.149748
0 0.673438 0.793606 0.116667 0.104319
0 0.410677 0.392036 0.071354 0.105440
0 0.572917 0.724061 0.071875 0.114414
0 0.313021 0.621985 0.090625 0.098710
0 0.378906 0.546270 0.071354 0.087493
0 0.346875 0.684520 0.078125 0.090297
0 0.685156 0.633483 0.076563 0.079080
0 0.376042 0.301458 0.091667 0.114975
0 0.707812 0.901851 0.096875 0.099832
0 0.440365 0.841279 0.107813 0.123388
0 0.671094 0.335951 0.078646 0.091980
0 0.213542 0.408861 0.098958 0.128996
0 0.591927 0.608245 0.088021 0.095906
0 0.197917 0.248177 0.077083 0.093662
0 0.450000 0.253225 0.065625 0.101514
0 0.132031 0.341840 0.082812 0.102636
0 0.625781 0.452608 0.085938 0.087493
0 0.449479 0.441952 0.066667 0.078519
0 0.863802 0.702187 0.061979 0.089736
0 0.668750 0.061413 0.110417 0.090297
0 0.896615 0.616377 0.065104 0.085250
0 0.558594 0.033371 0.102604 0.066741
0 0.622135 0.931576 0.066146 0.093102
0 0.922135 0.399888 0.096354 0.113292
0 0.257031 0.161806 0.071354 0.077958
0 0.313281 0.420359 0.086979 0.086932
0 0.450260 0.528603 0.060937 0.066741
0 0.540885 0.351094 0.085938 0.079641
0 0.568490 0.501963 0.051562 0.068424
0 0.539323 0.416994 0.066146 0.061133
0 0.907031 0.510937 0.070312 0.124509
0 0.414062 0.600953 0.072917 0.083567
0 0.250521 0.709759 0.061458 0.077958
0 0.195833 0.568985 0.104167 0.090297
0 0.195312 0.777342 0.086458 0.081884
0 0.753646 0.119742 0.078125 0.068985
0 0.267969 0.872406 0.086979 0.077958
0 0.535156 0.851935 0.098437 0.111049
0 0.322135 0.352496 0.066146 0.072350
0 0.260417 0.310712 0.071875 0.072911
0 0.726562 0.225743 0.111458 0.116096
0 0.642188 0.709478 0.087500 0.083006
0 0.193750 0.505328 0.059375 0.063937
0 0.830469 0.500280 0.056771 0.061694
0 0.649740 0.172462 0.055729 0.073472
0 0.142187 0.705552 0.057292 0.061694
0 0.628385 0.528884 0.055729 0.062815
0 0.731771 0.719293 0.060417 0.065620
0 0.384115 0.473079 0.069271 0.070107
0 0.489323 0.729669 0.100521 0.116657
0 0.766406 0.291082 0.089063 0.070667
0 0.708073 0.390914 0.071354 0.062815
0 0.445833 0.631520 0.048958 0.057207
0 0.333333 0.100953 0.077083 0.075154
0 0.605729 0.385867 0.060417 0.054964
0 0.562240 0.961862 0.054688 0.066181
0 0.608333 0.843522 0.066667 0.060572
0 0.380208 0.820527 0.046875 0.063937
0 0.517448 0.561133 0.064062 0.062255
0 0.784896 0.346887 0.047917 0.052159
0 0.472135 0.146943 0.039062 0.057207
0 0.506250 0.634044 0.059375 0.063376
0 0.283594 0.526360 0.115104 0.138531
0 0.108073 0.615816 0.063021 0.084128
0 0.311979 0.243130 0.069792 0.084689
0 0.721354 0.469994 0.131250 0.111049
0 0.813542 0.180314 0.062500 0.064498
0 0.225000 0.653393 0.085417 0.072911
0 0.491406 0.975322 0.071354 0.049355
0 0.471615 0.350252 0.046354 0.065620
0 0.600521 0.270611 0.098958 0.140774
