0 0.751563 0.278183 0.126042 0.135726
0 0.322917 0.907179 0.143750 0.131800
0 0.436719 0.838755 0.126562 0.117218
0 0.683333 0.802860 0.100000 0.119462
0 0.870313 0.291924 0.115625 0.145261
0 0.832552 0.805104 0.142187 0.141896
0 0.278385 0.478688 0.089063 0.074593
0 0.069010 0.517947 0.113021 0.150869
0 0.844271 0.445036 0.101042 0.126192
0 0.201302 0.399047 0.104688 0.120583
0 0.521875 0.843803 0.103125 0.107123
0 0.514062 0.734717 0.073958 0.112170
0 0.723698 0.443073 0.089063 0.076276
0 0.384115 0.091980 0.138021 0.118901
0 0.298698 0.772294 0.095312 0.124509
0 0.565885 0.373808 0.097396 0.075715
0 0.327604 0.646943 0.105208 0.075715
0 0.332292 0.349411 0.090625 0.096467
0 0.420312 0.391755 0.080208 0.075715
0 0.288281 0.404094 0.082812 0.082445
0 0.443229 0.731632 0.072917 0.081324
0 0.634115 0.309030 0.105729 0.097588
0 0.215365 0.842400 0.091146 0.103197
0 0.181510 0.550757 0.113021 0.114414
0 0.700000 0.620583 0.084375 0.083567
0 0.486979 0.178632 0.118750 0.104879
0 0.435156 0.628435 0.088021 0.093662
0 0.622917 0.110488 0.086458 0.081884
0 0.700260 0.368480 0.093229 0.069546
0 0.519010 0.073752 0.094271 0.088054
0 0.582812 0.612731 0.080208 0.091419
0 0.534896 0.429613 0.071875 0.070667
0 0.440885 0.936343 0.082812 0.065620
0 0.941146 0.528603 0.083333 0.118340
0 0.527083 0.941952 0.078125 0.068985
0 0.935677 0.406338 0.074479 0.111610
0 0.161458 0.764722 0.085417 0.070107
0 0.725781 0.897084 0.103646 0.102636
0 0.717969 0.142176 0.071354 0.075715
0 0.509635 0.283511 0.079687 0.092541
0 0.458854 0.458777 0.061458 0.065059
0 0.644271 0.492989 0.072917 0.091980
0 0.521094 0.570667 0.063021 0.054403
0 0.585417 0.512619 0.056250 0.070667
0 0.623177 0.917835 0.115104 0.073472
0 0.383594 0.445317 0.076563 0.077398
0 0.234896 0.314077 0.071875 0.065059
0 0.340885 0.212563 0.082812 0.111049
0 0.157552 0.279865 0.074479 0.091980
0 0.916927 0.634885 0.063021 0.083006
0 0.097656 0.385025 0.071354 0.092541
0 0.202865 0.650308 0.101562 0.104879
0 0.571875 0.270611 0.066667 0.070107
0 0.588802 0.194335 0.067187 0.076837
0 0.815104 0.641335 0.106250 0.118340
0 0.362500 0.713124 0.076042 0.093662
0 0.395833 0.189568 0.058333 0.062815
0 0.607552 0.836792 0.056771 0.060572
0 0.836458 0.545990 0.067708 0.058890
0 0.203385 0.202187 0.056771 0.061133
0 0.516667 0.639933 0.057292 0.059450
0 0.383073 0.807347 0.059896 0.064498
0 0.486198 0.373247 0.064062 0.073472
0 0.295052 0.563657 0.106771 0.106562
0 0.770052 0.703309 0.064062 0.095345
0 0.664062 0.675827 0.057292 0.076276
0 0.367188 0.487661 0.052083 0.052159
0 0.796354 0.200224 0.068750 0.081884
0 0.634896 0.570387 0.050000 0.063937
0 0.115104 0.713685 0.060417 0.057768
0 0.234115 0.722098 0.055729 0.071228
0 0.179948 0.482333 0.058854 0.049355
0 0.452344 0.537858 0.056771 0.068424
0 0.727083 0.740045 0.047917 0.051038
0 0.800781 0.356702 0.052604 0.041503
0 0.384635 0.549916 0.057813 0.063376
0 0.406771 0.288278 0.127083 0.122266
0 0.271094 0.138811 0.077604 0.066741
0 0.664323 0.224902 0.077604 0.074033
0 0.598698 0.715367 0.101562 0.139652
0 0.883073 0.715367 0.058854 0.066741
0 0.276042 0.270050 0.066667 0.091419
0 0.074479 0.648065 0.056250 0.076837
0 0.622396 0.422322 0.060417 0.049355
0 0.734115 0.527482 0.129688 0.104879
