0 0.780469 0.323051 0.109896 0.118901
0 0.265625 0.872406 0.129167 0.111610
0 0.388021 0.823612 0.113542 0.099271
0 0.636979 0.830062 0.085417 0.106562
0 0.895833 0.356702 0.097917 0.130118
0 0.783854 0.857543 0.126042 0.122266
0 0.283854 0.441952 0.081250 0.061694
0 0.071615 0.445317 0.094271 0.136848
0 0.847917 0.503646 0.085417 0.113292
0 0.219531 0.349972 0.090104 0.106562
0 0.471875 0.843522 0.090625 0.093102
0 0.479427 0.734156 0.059896 0.103197
0 0.728906 0.481492 0.080729 0.063376
0 0.444792 0.077117 0.125000 0.099271
0 0.261458 0.734717 0.080208 0.112170
0 0.583333 0.386147 0.089583 0.061133
0 0.308333 0.616096 0.097917 0.060011
0 0.356250 0.323051 0.079167 0.084128
0 0.436979 0.379978 0.071875 0.064498
0 0.304948 0.369882 0.073438 0.071228
0 0.410156 0.719574 0.063021 0.071789
0 0.660417 0.333988 0.094792 0.082445
0 0.168750 0.790241 0.079167 0.090858
0 0.178125 0.496354 0.100000 0.098710
0 0.680208 0.652832 0.075000 0.071789
0 0.533854 0.180314 0.107292 0.088054
0 0.417187 0.615816 0.077083 0.081884
0 0.678125 0.135726 0.077083 0.069546
0 0.717187 0.404094 0.086458 0.055524
0 0.580729 0.082165 0.084375 0.074593
0 0.565365 0.625351 0.069271 0.080763
0 0.544531 0.436343 0.064062 0.060572
0 0.378125 0.920639 0.076042 0.053281
0 0.931510 0.602636 0.068229 0.108245
0 0.462500 0.940830 0.070833 0.057768
0 0.943750 0.480931 0.060417 0.102636
0 0.127083 0.704711 0.078125 0.057768
0 0.665365 0.930174 0.092188 0.088054
0 0.767188 0.183399 0.062500 0.066181
0 0.540625 0.287717 0.068750 0.081884
0 0.465365 0.452328 0.053646 0.056646
0 0.643750 0.517386 0.061458 0.082445
0 0.510417 0.572911 0.057292 0.045429
0 0.582552 0.526921 0.047396 0.063376
0 0.560937 0.933259 0.108333 0.056085
0 0.392708 0.426528 0.067708 0.066741
0 0.265104 0.272013 0.064583 0.054964
0 0.384375 0.189568 0.068750 0.100953
0 0.193750 0.224621 0.063542 0.082445
0 0.891927 0.703309 0.052604 0.075154
0 0.119010 0.318284 0.059896 0.083567
0 0.184896 0.598430 0.089583 0.090858
0 0.604167 0.285754 0.058333 0.061133
0 0.632031 0.213404 0.057813 0.067863
0 0.790365 0.692653 0.092188 0.104319
0 0.333333 0.687325 0.064583 0.083567
0 0.442188 0.176108 0.051042 0.054964
0 0.557552 0.850813 0.049479 0.052720
0 0.826042 0.601795 0.061458 0.049355
0 0.250260 0.156197 0.049479 0.053281
0 0.496094 0.641054 0.050521 0.051598
0 0.339844 0.783511 0.052604 0.056085
0 0.504687 0.372406 0.055208 0.065059
0 0.288021 0.528323 0.094792 0.091980
0 0.737500 0.746495 0.052083 0.087493
0 0.636458 0.701346 0.047917 0.068985
0 0.370573 0.465508 0.046354 0.044868
0 0.836198 0.253505 0.058854 0.072911
0 0.623177 0.591980 0.042188 0.057768
0 0.088542 0.646102 0.054167 0.049355
0 0.205208 0.674145 0.046875 0.063937
0 0.186198 0.428211 0.053646 0.040942
0 0.447656 0.529164 0.048438 0.061133
0 0.689844 0.775379 0.042188 0.044307
0 0.817969 0.408861 0.048438 0.033651
0 0.378906 0.529725 0.050521 0.055524
0 0.438542 0.275379 0.113542 0.104319
0 0.326302 0.104599 0.070312 0.055524
0 0.702344 0.256029 0.069271 0.063376
0 0.566406 0.729389 0.083854 0.127314
0 0.847396 0.777061 0.051042 0.058890
0 0.312500 0.234997 0.055208 0.083006
0 0.057813 0.574874 0.046875 0.069546
0 0.632292 0.443634 0.055208 0.040381
0 0.727604 0.566741 0.118750 0.085810
