0 0.252344 0.748730 0.099479 0.116318
0 0.478385 0.030491 0.100521 0.060982
0 0.655990 0.718803 0.089063 0.100508
0 0.541927 0.112648 0.102604 0.086392
0 0.750000 0.500282 0.066667 0.093732
0 0.352865 0.934500 0.092188 0.085827
0 0.887240 0.618577 0.080729 0.107849
0 0.270573 0.614625 0.084896 0.078487
0 0.226562 0.286844 0.088542 0.118577
0 0.816667 0.779503 0.117708 0.119142
0 0.524219 0.785150 0.089063 0.078487
0 0.427344 0.414455 0.063021 0.070017
0 0.786719 0.621965 0.052604 0.068323
0 0.136458 0.719650 0.082292 0.105590
0 0.822135 0.538114 0.055729 0.075663
0 0.507552 0.204122 0.075521 0.088650
0 0.255729 0.468379 0.076042 0.083004
0 0.331510 0.280350 0.088021 0.073970
0 0.552865 0.294466 0.048438 0.071711
0 0.187500 0.551948 0.048958 0.097685
0 0.434375 0.211180 0.067708 0.080181
0 0.424740 0.319876 0.048438 0.086392
0 0.267188 0.393563 0.080208 0.102767
0 0.635417 0.819593 0.097917 0.089780
0 0.227083 0.858272 0.090625 0.089215
0 0.643490 0.613778 0.063021 0.083569
0 0.536979 0.680407 0.048958 0.072276
0 0.616927 0.237154 0.079687 0.080181
0 0.327604 0.064370 0.096875 0.092603
0 0.544271 0.868154 0.078125 0.059289
0 0.206771 0.167420 0.093750 0.092038
0 0.631510 0.044890 0.102604 0.089780
0 0.129688 0.291643 0.061458 0.083004
0 0.407813 0.644551 0.057292 0.068323
0 0.508594 0.607002 0.061979 0.056465
0 0.348438 0.410785 0.058333 0.058159
0 0.191927 0.644833 0.073438 0.085827
0 0.670052 0.913890 0.096354 0.096556
0 0.339583 0.472614 0.082292 0.055336
0 0.351302 0.162055 0.046354 0.071146
0 0.564583 0.518069 0.047917 0.057030
0 0.380469 0.745059 0.081771 0.087521
0 0.423958 0.544043 0.062500 0.062676
0 0.510156 0.962168 0.111979 0.075663
0 0.595313 0.666573 0.041667 0.077357
0 0.286458 0.200452 0.070833 0.071146
0 0.451823 0.866460 0.084896 0.061547
0 0.641146 0.353755 0.063542 0.068323
0 0.498437 0.554489 0.047917 0.042914
0 0.371094 0.343027 0.064062 0.058159
0 0.755990 0.699887 0.049479 0.055901
0 0.605469 0.310559 0.054688 0.064370
0 0.820573 0.421231 0.072396 0.107284
0 0.602865 0.423772 0.049479 0.061547
0 0.374219 0.837380 0.058854 0.047431
0 0.178125 0.463580 0.047917 0.065500
0 0.602344 0.550536 0.050521 0.076793
0 0.488802 0.300113 0.070312 0.085263
0 0.676042 0.565217 0.046875 0.053077
0 0.461979 0.494353 0.036458 0.050254
0 0.550000 0.451158 0.042708 0.047431
0 0.336458 0.699322 0.069792 0.049125
0 0.190885 0.387916 0.041146 0.068888
0 0.738281 0.374082 0.074479 0.059289
0 0.411458 0.483625 0.039583 0.044608
0 0.490625 0.378035 0.042708 0.044608
0 0.252083 0.544890 0.043750 0.046302
0 0.635938 0.151045 0.063542 0.052513
0 0.609115 0.481649 0.051562 0.049689
0 0.297396 0.350932 0.043750 0.049125
0 0.750000 0.422078 0.040625 0.044608
0 0.728385 0.584416 0.051562 0.051948
0 0.376563 0.230661 0.051042 0.044608
0 0.672917 0.509034 0.061458 0.061547
0 0.904948 0.429418 0.096354 0.193676
0 0.678125 0.423772 0.079167 0.095426
0 0.099479 0.507623 0.084375 0.216827
0 0.708333 0.762846 0.054167 0.053077
0 0.369531 0.608978 0.052604 0.043478
0 0.392969 0.128176 0.036979 0.048560
0 0.492969 0.437606 0.046354 0.044043
0 0.674740 0.273857 0.041146 0.055336
0 0.701823 0.647092 0.047396 0.064370
0 0.537240 0.369565 0.034896 0.041220
0 0.451302 0.592885 0.045312 0.039526
0 0.474740 0.683230 0.069271 0.108413
0 0.558594 0.210615 0.032813 0.047431
0 0.593750 0.754941 0.027083 0.045172
0 0.314323 0.659797 0.034896 0.038961
0 0.446354 0.101920 0.053125 0.042349
0 0.757812 0.259176 0.038542 0.041784
0 0.705208 0.213156 0.060417 0.057030
0 0.346354 0.545455 0.100000 0.075663
0 0.789583 0.185771 0.186458 0.204404
0 0.703906 0.314512 0.060937 0.053077
0 0.560417 0.397798 0.037500 0.042349
0 0.450781 0.772163 0.038021 0.057030
0 0.795312 0.322699 0.039583 0.061547
0 0.316667 0.800395 0.042708 0.044608
0 0.561719 0.595144 0.031771 0.048560
