0 0.777865 0.837380 0.122396 0.121965
0 0.821354 0.491530 0.086458 0.103331
0 0.766146 0.321287 0.103125 0.108413
0 0.397396 0.801242 0.108333 0.099379
0 0.481510 0.830887 0.091146 0.078487
0 0.276302 0.851779 0.125521 0.110107
0 0.657292 0.331169 0.076042 0.080745
0 0.229427 0.344438 0.091146 0.090344
0 0.313281 0.600508 0.086979 0.069452
0 0.094531 0.446923 0.093229 0.129305
0 0.635156 0.801242 0.079687 0.103896
0 0.534115 0.186900 0.097396 0.083569
0 0.721094 0.464145 0.076563 0.057595
0 0.876563 0.350085 0.090625 0.123094
0 0.300000 0.521457 0.088542 0.085263
0 0.346615 0.668549 0.060937 0.080181
0 0.143490 0.685771 0.075521 0.055901
0 0.438281 0.282891 0.104688 0.093732
0 0.480990 0.710898 0.056771 0.095991
0 0.296615 0.435347 0.079687 0.055336
0 0.274219 0.716827 0.075521 0.107849
0 0.780990 0.672501 0.089063 0.099379
0 0.447917 0.086957 0.116667 0.086957
0 0.191667 0.767081 0.075000 0.086392
0 0.685156 0.638058 0.066146 0.074534
0 0.192969 0.488989 0.092188 0.092603
0 0.670312 0.149068 0.071875 0.065500
0 0.573438 0.101355 0.080208 0.061547
0 0.204687 0.587521 0.076042 0.080745
0 0.388802 0.901186 0.071354 0.049689
0 0.417708 0.595991 0.067708 0.087521
0 0.666146 0.898363 0.087500 0.089215
0 0.442708 0.369565 0.065625 0.058159
0 0.566927 0.599097 0.067187 0.070017
0 0.714323 0.397233 0.079687 0.051383
0 0.360677 0.327216 0.073438 0.086392
0 0.473177 0.920102 0.067187 0.058159
0 0.535156 0.280068 0.061979 0.076793
0 0.811979 0.580463 0.061458 0.047431
0 0.719010 0.547149 0.113021 0.082439
0 0.578125 0.375776 0.086458 0.051383
0 0.399219 0.417843 0.061979 0.065500
0 0.595313 0.289102 0.055208 0.058724
0 0.450521 0.511858 0.043750 0.057030
0 0.638281 0.503388 0.056771 0.076228
0 0.315365 0.368154 0.068229 0.067758
0 0.419271 0.705816 0.059375 0.070017
0 0.924479 0.467532 0.059375 0.097120
0 0.391406 0.199322 0.064062 0.090344
0 0.750781 0.191417 0.059896 0.060982
0 0.095573 0.563523 0.053646 0.058724
0 0.561719 0.922360 0.095312 0.062676
0 0.869531 0.682947 0.053646 0.070582
0 0.576042 0.509317 0.041667 0.059853
0 0.908333 0.582722 0.063542 0.103896
0 0.340885 0.121400 0.067187 0.049689
0 0.466927 0.434500 0.051562 0.052513
0 0.510156 0.547995 0.051562 0.049125
0 0.325781 0.238001 0.053646 0.069452
0 0.218490 0.232355 0.063021 0.072840
0 0.616667 0.215415 0.054167 0.061547
0 0.118490 0.630999 0.048438 0.047995
0 0.541927 0.428007 0.059896 0.054207
0 0.145052 0.315359 0.054688 0.075099
0 0.559896 0.832016 0.046875 0.053642
0 0.503646 0.361942 0.053125 0.056465
0 0.818229 0.258329 0.058333 0.062676
0 0.844271 0.754376 0.044792 0.060982
0 0.693229 0.252400 0.066667 0.053077
0 0.731771 0.727273 0.046875 0.085827
0 0.385677 0.523151 0.045312 0.047995
0 0.280208 0.167702 0.046875 0.048560
0 0.633854 0.682665 0.048958 0.065500
0 0.443750 0.194523 0.048958 0.049125
0 0.615625 0.574534 0.041667 0.052513
0 0.350260 0.767081 0.050521 0.052513
0 0.275521 0.275551 0.060417 0.046302
0 0.498177 0.619424 0.048438 0.050819
0 0.223177 0.655844 0.044271 0.060418
0 0.209896 0.430265 0.048958 0.044043
0 0.377604 0.459627 0.038542 0.042914
0 0.801042 0.405138 0.044792 0.033315
0 0.565104 0.712309 0.078125 0.124788
0 0.687760 0.753529 0.038021 0.043478
0 0.624219 0.433653 0.051562 0.037267
