0 0.798698 0.815359 0.129688 0.130999
0 0.820312 0.466968 0.092708 0.109543
0 0.753906 0.301242 0.109896 0.115754
0 0.416667 0.808018 0.114583 0.107284
0 0.502604 0.831451 0.095833 0.085263
0 0.299479 0.868154 0.132292 0.119142
0 0.646354 0.319311 0.081250 0.086392
0 0.220312 0.365330 0.096875 0.097120
0 0.320573 0.614342 0.091146 0.075663
0 0.091927 0.477414 0.101562 0.136081
0 0.654427 0.790514 0.085938 0.109543
0 0.513802 0.185488 0.102604 0.090909
0 0.718229 0.447770 0.080208 0.063241
0 0.865885 0.321852 0.098437 0.129870
0 0.301563 0.536420 0.093750 0.091474
0 0.358073 0.679842 0.066146 0.084698
0 0.156250 0.712309 0.079167 0.061547
0 0.424479 0.287973 0.110417 0.101637
0 0.494531 0.711745 0.063021 0.099944
0 0.292969 0.450593 0.082812 0.060982
0 0.289062 0.733202 0.082292 0.113495
0 0.791406 0.650762 0.095312 0.105590
0 0.421354 0.092321 0.121875 0.095426
0 0.209375 0.789667 0.080208 0.092038
0 0.693750 0.623659 0.070833 0.079616
0 0.192708 0.512140 0.097917 0.099379
0 0.647396 0.136928 0.076042 0.070582
0 0.547656 0.096838 0.083854 0.067194
0 0.210938 0.609543 0.081250 0.086392
0 0.414844 0.908809 0.074479 0.054771
0 0.423958 0.601920 0.072917 0.092603
0 0.691406 0.884529 0.093229 0.095426
0 0.434115 0.374365 0.069271 0.063241
0 0.573177 0.593732 0.071354 0.075099
0 0.707552 0.380858 0.082812 0.057030
0 0.350260 0.338227 0.078646 0.091474
0 0.500000 0.921513 0.070833 0.063241
0 0.520833 0.278374 0.066667 0.081310
0 0.816667 0.556748 0.064583 0.051948
0 0.721615 0.530491 0.118229 0.090909
0 0.570312 0.370412 0.089583 0.057595
0 0.394010 0.425748 0.066146 0.070017
0 0.581510 0.282609 0.058854 0.062676
0 0.451302 0.515810 0.047396 0.060418
0 0.638021 0.492942 0.061458 0.080181
0 0.307552 0.382552 0.072396 0.072840
0 0.432812 0.711462 0.063542 0.074534
0 0.921354 0.435347 0.065625 0.101637
0 0.372396 0.208357 0.069792 0.094862
0 0.730208 0.172784 0.063542 0.065500
0 0.100521 0.594297 0.057292 0.062676
0 0.588542 0.916714 0.098958 0.069452
0 0.880469 0.654433 0.057813 0.074534
0 0.576302 0.503388 0.045312 0.062676
0 0.912760 0.551666 0.070312 0.108413
0 0.316927 0.134670 0.070312 0.054771
0 0.462760 0.437041 0.054688 0.056465
0 0.513281 0.547149 0.054688 0.053077
0 0.309115 0.251835 0.057813 0.073405
0 0.202083 0.254376 0.067708 0.077357
0 0.598177 0.207228 0.057813 0.065500
0 0.127865 0.659232 0.051562 0.051383
0 0.537240 0.424619 0.063021 0.058724
0 0.134375 0.342744 0.059375 0.079051
0 0.581250 0.826369 0.050000 0.057030
0 0.494531 0.362225 0.056771 0.060418
0 0.801823 0.235178 0.061979 0.067194
0 0.859635 0.727837 0.048438 0.064370
0 0.677083 0.238001 0.069792 0.058159
0 0.745833 0.709204 0.052083 0.089215
0 0.387760 0.531621 0.048438 0.051383
0 0.259375 0.185206 0.050000 0.051948
0 0.645312 0.671937 0.053125 0.068888
0 0.423958 0.199605 0.052083 0.052513
0 0.620313 0.565217 0.044792 0.055336
0 0.367969 0.778091 0.053646 0.056465
0 0.261719 0.293055 0.063021 0.050819
0 0.505990 0.619424 0.051562 0.054207
0 0.233854 0.676736 0.047917 0.063806
0 0.205990 0.452287 0.051562 0.047431
0 0.375260 0.468944 0.041146 0.045737
0 0.794271 0.382552 0.046875 0.036702
0 0.578906 0.706663 0.085938 0.130435
0 0.703646 0.739130 0.040625 0.046302
0 0.619531 0.424337 0.053646 0.041220
