0 0.630469 0.635765 0.084896 0.099835
0 0.755990 0.763028 0.093229 0.102030
0 0.886719 0.710916 0.067187 0.115195
0 0.739583 0.536478 0.089583 0.088865
0 0.812240 0.339824 0.102604 0.120132
0 0.491146 0.782501 0.075000 0.100384
0 0.200781 0.219144 0.080729 0.095996
0 0.263542 0.276742 0.072917 0.078442
0 0.438802 0.037301 0.097396 0.074602
0 0.180729 0.483269 0.090625 0.126166
0 0.378385 0.657433 0.083854 0.091607
0 0.108333 0.617663 0.077083 0.114098
0 0.374740 0.847230 0.111979 0.099287
0 0.903646 0.571860 0.072917 0.099287
0 0.653385 0.403456 0.080729 0.088316
0 0.578385 0.790455 0.094271 0.087767
0 0.319531 0.344213 0.085938 0.099287
0 0.305990 0.108064 0.110937 0.104224
0 0.466667 0.134394 0.103125 0.104224
0 0.150260 0.747120 0.081771 0.088865
0 0.461979 0.325014 0.096875 0.091607
0 0.357031 0.505760 0.073438 0.097641
0 0.592187 0.579539 0.068750 0.076248
0 0.586458 0.698025 0.077083 0.099287
0 0.360677 0.594076 0.066146 0.078991
0 0.737240 0.617115 0.078646 0.077894
0 0.617708 0.259462 0.087500 0.091059
0 0.352865 0.943225 0.105729 0.083928
0 0.829427 0.827482 0.083854 0.093801
0 0.549740 0.552386 0.052604 0.060340
0 0.282292 0.666758 0.095833 0.097093
0 0.377865 0.274547 0.068229 0.086122
0 0.224219 0.712287 0.067187 0.075151
0 0.271615 0.575974 0.088021 0.075699
0 0.825521 0.541141 0.059375 0.076248
0 0.893229 0.280856 0.088542 0.096544
0 0.085938 0.478058 0.080208 0.091607
0 0.691667 0.089139 0.095833 0.080636
0 0.398958 0.387274 0.058333 0.072408
0 0.598437 0.963522 0.092708 0.072957
0 0.266406 0.483818 0.069271 0.104224
0 0.704688 0.693637 0.086458 0.112452
0 0.805729 0.165661 0.106250 0.094350
0 0.661719 0.548272 0.053646 0.076248
0 0.545312 0.393033 0.075000 0.056500
0 0.438021 0.441854 0.064583 0.068568
0 0.396094 0.770159 0.122396 0.084476
0 0.690625 0.304992 0.090625 0.082282
0 0.519010 0.696928 0.074479 0.060889
0 0.319531 0.739989 0.056771 0.071311
0 0.588021 0.872189 0.077083 0.063631
0 0.590365 0.343664 0.071354 0.057597
0 0.531250 0.618212 0.057292 0.054855
0 0.479427 0.560614 0.051562 0.057049
0 0.119271 0.374109 0.052083 0.062534
0 0.655208 0.765496 0.071875 0.067471
0 0.759635 0.462150 0.058854 0.063083
0 0.760156 0.892211 0.056771 0.065277
0 0.262760 0.896050 0.066146 0.061986
0 0.440104 0.686506 0.090625 0.078442
0 0.666146 0.184860 0.067708 0.059243
0 0.420052 0.507131 0.061979 0.064180
0 0.480469 0.397148 0.056771 0.058146
0 0.473438 0.973396 0.106250 0.053209
0 0.678906 0.476138 0.097396 0.064728
0 0.202344 0.836533 0.054688 0.057049
0 0.599219 0.439386 0.058854 0.057049
0 0.151562 0.301426 0.052083 0.063083
0 0.914844 0.385080 0.050521 0.060340
0 0.352344 0.430060 0.085938 0.057049
0 0.423698 0.569940 0.066146 0.062534
0 0.538021 0.305266 0.058333 0.113549
0 0.608073 0.508228 0.047396 0.067471
0 0.923698 0.468459 0.043229 0.069117
0 0.277604 0.411135 0.064583 0.053209
0 0.473698 0.619583 0.056771 0.060889
0 0.695312 0.939386 0.057292 0.053209
0 0.558333 0.210916 0.053125 0.072957
0 0.535156 0.029347 0.060937 0.055403
0 0.459375 0.230115 0.131250 0.078442
0 0.741667 0.370269 0.086458 0.111903
0 0.184896 0.605047 0.040625 0.043884
0 0.812240 0.652496 0.044271 0.040044
0 0.609115 0.047998 0.061979 0.046626
0 0.800781 0.698025 0.036979 0.040044
0 0.508594 0.442128 0.059896 0.058146
0 0.465625 0.492595 0.046875 0.060340
0 0.200000 0.648930 0.041667 0.042787
0 0.179167 0.563906 0.039583 0.040592
0 0.219010 0.338179 0.036979 0.040044
0 0.339323 0.181843 0.038021 0.036753
0 0.563542 0.483269 0.043750 0.050466
0 0.834115 0.478607 0.035937 0.042238
0 0.205469 0.391114 0.038021 0.043884
0 0.387240 0.151399 0.042188 0.041690
0 0.260417 0.768788 0.039583 0.038947
0 0.608854 0.154416 0.036458 0.041141
0 0.657552 0.846133 0.039062 0.040044
0 0.298958 0.802798 0.042708 0.036753
0 0.301563 0.212562 0.037500 0.037850
0 0.440104 0.884805 0.042708 0.040592
0 0.748437 0.238618 0.040625 0.041690
0 0.482812 0.892485 0.041667 0.036204
0 0.824479 0.607241 0.036458 0.038398
0 0.779167 0.267142 0.039583 0.038398
0 0.463802 0.742457 0.035937 0.037850
0 0.717708 0.215030 0.035417 0.037301
0 0.494531 0.264948 0.044271 0.041690
0 0.529948 0.888919 0.042188 0.038947
0 0.835417 0.429512 0.033333 0.036204
0 0.552083 0.133571 0.041667 0.035656
0 0.695573 0.365606 0.042188 0.043335
0 0.644531 0.701317 0.041146 0.044432
0 0.310156 0.536753 0.038021 0.045529
