0 0.388542 0.652770 0.086458 0.078991
0 0.283854 0.799781 0.087500 0.087767
0 0.348698 0.929786 0.103646 0.058146
0 0.494792 0.754800 0.075000 0.085573
0 0.689323 0.806912 0.103646 0.095447
0 0.233073 0.525507 0.088021 0.068020
0 0.728385 0.153319 0.082812 0.075151
0 0.682031 0.225178 0.067187 0.068568
0 0.934115 0.379046 0.071354 0.094350
0 0.476823 0.164290 0.110937 0.081733
0 0.337240 0.392211 0.078646 0.078991
0 0.341667 0.105047 0.101042 0.068568
0 0.157812 0.411135 0.082292 0.108064
0 0.482031 0.930609 0.086979 0.066374
0 0.610156 0.648930 0.075521 0.075699
0 0.236198 0.617389 0.073438 0.090510
0 0.625000 0.292375 0.085417 0.080088
0 0.846354 0.249589 0.087500 0.106418
0 0.840885 0.420461 0.088021 0.098190
0 0.225000 0.164564 0.076042 0.076796
0 0.660417 0.439111 0.077083 0.092704
0 0.477604 0.351070 0.085417 0.066923
0 0.436458 0.606144 0.065625 0.064728
0 0.324219 0.614646 0.086979 0.070762
0 0.394531 0.365880 0.068229 0.061437
0 0.418750 0.762205 0.065625 0.075151
0 0.741406 0.593801 0.077604 0.082830
0 0.064844 0.399890 0.068229 0.103127
0 0.231510 0.883982 0.080729 0.078442
0 0.456771 0.558146 0.052083 0.048821
0 0.316667 0.292924 0.082292 0.091059
0 0.697917 0.345036 0.075000 0.062534
0 0.266667 0.237246 0.064583 0.063083
0 0.400521 0.270433 0.062500 0.085573
0 0.501042 0.845584 0.066667 0.054306
0 0.754948 0.884257 0.082812 0.083379
0 0.470833 0.064728 0.079167 0.074602
0 0.910677 0.650027 0.066146 0.093253
0 0.594531 0.380691 0.063021 0.053758
0 0.075000 0.659627 0.060417 0.090510
0 0.486979 0.253977 0.092708 0.061437
0 0.342448 0.737246 0.098437 0.078991
0 0.852604 0.778662 0.078125 0.102578
0 0.474740 0.675261 0.067187 0.048272
0 0.606510 0.534284 0.045312 0.073505
0 0.547396 0.428140 0.058333 0.060889
0 0.232813 0.424301 0.066667 0.121229
0 0.707292 0.675535 0.068750 0.087219
0 0.317188 0.544158 0.050000 0.072408
0 0.251823 0.340922 0.061979 0.052112
0 0.160417 0.637685 0.052083 0.075151
0 0.658333 0.575699 0.046875 0.069665
0 0.392708 0.546901 0.045833 0.054855
0 0.440625 0.486012 0.048958 0.048272
0 0.572396 0.086670 0.054167 0.048272
0 0.268750 0.695008 0.056250 0.069117
0 0.567448 0.766594 0.053646 0.055403
0 0.162500 0.819803 0.056250 0.053209
0 0.098437 0.300055 0.052083 0.063631
0 0.317188 0.460230 0.064583 0.087767
0 0.817708 0.635491 0.048958 0.065277
0 0.484115 0.417170 0.054688 0.058694
0 0.595052 0.467361 0.049479 0.053758
0 0.046615 0.530719 0.047396 0.106967
0 0.544531 0.684037 0.050521 0.096544
0 0.147135 0.229841 0.048438 0.051563
0 0.569271 0.595996 0.047917 0.056500
0 0.644531 0.111355 0.054688 0.048272
0 0.658854 0.919638 0.052083 0.046626
0 0.548438 0.336807 0.044792 0.085573
0 0.425260 0.428415 0.052604 0.063631
0 0.688021 0.515908 0.103125 0.048821
0 0.505729 0.614372 0.059375 0.042787
0 0.581771 0.938837 0.061458 0.037850
0 0.556771 0.256994 0.043750 0.063083
0 0.384375 0.487109 0.052083 0.053758
0 0.110156 0.758091 0.044271 0.054855
0 0.779427 0.526056 0.064062 0.048272
0 0.948177 0.479155 0.046354 0.058694
0 0.749740 0.424575 0.059896 0.131651
0 0.652083 0.736698 0.097917 0.078991
0 0.362500 0.183763 0.037500 0.038398
0 0.394271 0.845310 0.033333 0.042787
0 0.939583 0.558694 0.037500 0.060889
0 0.350000 0.838453 0.034375 0.034558
0 0.555729 0.501920 0.048958 0.057049
0 0.502865 0.463522 0.052604 0.042787
0 0.323437 0.204608 0.036458 0.039495
0 0.401042 0.172244 0.034375 0.037301
0 0.618750 0.186780 0.034375 0.034558
0 0.780469 0.292924 0.030729 0.036204
0 0.523958 0.564454 0.043750 0.040592
0 0.561458 0.846681 0.036458 0.033461
0 0.566927 0.179100 0.038021 0.035656
0 0.815104 0.339276 0.035417 0.040044
0 0.217969 0.282227 0.032813 0.037850
0 0.839583 0.571585 0.035417 0.034010
0 0.193490 0.707076 0.033854 0.037301
0 0.190104 0.326659 0.030208 0.041141
0 0.746875 0.257543 0.032292 0.035656
0 0.129948 0.484641 0.033854 0.041141
0 0.776563 0.727921 0.035417 0.038398
0 0.128385 0.529896 0.029687 0.040592
0 0.438802 0.852167 0.032813 0.034558
0 0.753646 0.763302 0.032292 0.037850
0 0.267188 0.492046 0.032292 0.034010
0 0.795573 0.693088 0.031771 0.033461
0 0.721094 0.465442 0.034896 0.042238
0 0.137500 0.578716 0.032292 0.040592
0 0.607552 0.841744 0.030729 0.031267
0 0.852083 0.510148 0.029167 0.040592
0 0.650781 0.688151 0.036979 0.040044
0 0.327865 0.675535 0.038021 0.038947
0 0.442708 0.306089 0.039583 0.035107
