1 0.583125 0.349110 0.198750 0.124649
0 0.681250 0.521556 0.085000 0.049672
0 0.051875 0.495314 0.103750 0.083411
0 0.278125 0.693533 0.053750 0.041237
0 0.422500 0.374883 0.087500 0.073102
0 0.520625 0.587160 0.048750 0.030928
0 0.975625 0.439082 0.046250 0.053421
0 0.515000 0.354264 0.072500 0.073102
0 0.906875 0.487348 0.018750 0.014995
0 0.921875 0.491097 0.018750 0.014995
0 0.738750 0.777413 0.022500 0.030928
0 0.495625 0.286317 0.033750 0.038425
0 0.530625 0.283037 0.048750 0.018744
0 0.418125 0.578257 0.043750 0.028116
0 0.333750 0.551078 0.017500 0.013121
0 0.370000 0.604030 0.012500 0.010309
0 0.406250 0.583880 0.022500 0.020619
0 0.573750 0.708529 0.045000 0.031865
0 0.693750 0.694470 0.030000 0.020619
0 0.670625 0.822399 0.031250 0.025305
0 0.340000 0.743205 0.030000 0.028116
0 0.598750 0.788191 0.035000 0.024367
0 0.463125 0.735239 0.031250 0.025305
0 0.495000 0.735708 0.030000 0.022493
0 0.613750 0.812090 0.027500 0.021556
0 0.447500 0.814902 0.022500 0.015933
0 0.365625 0.644799 0.031250 0.016870
0 0.348750 0.658857 0.040000 0.016870
0 0.547500 0.872540 0.015000 0.013121
0 0.251875 0.850515 0.028750 0.019681
0 0.467500 0.825211 0.065000 0.015933
0 0.098750 0.579194 0.032500 0.028116
0 0.240000 0.678069 0.035000 0.025305
0 0.132500 0.813964 0.040000 0.032802
0 0.248750 0.658388 0.037500 0.025305
0 0.206875 0.789128 0.023750 0.018744
0 0.093125 0.610590 0.023750 0.015933
0 0.138125 0.703374 0.016250 0.014058
0 0.166250 0.749297 0.015000 0.014058
0 0.023125 0.629335 0.023750 0.019681
0 0.175000 0.766167 0.017500 0.012184
0 0.215625 0.563261 0.016250 0.011246
0 0.049375 0.810216 0.038750 0.036551
0 0.280000 0.851453 0.062500 0.025305
0 0.723125 0.517807 0.031250 0.027179
0 0.656875 0.398313 0.036250 0.031865
0 0.553750 0.531865 0.042500 0.012184
0 0.556875 0.525773 0.043750 0.011246
0 0.358125 0.400187 0.016250 0.009372
