0 0.778646 0.439583 0.132292 0.148958
0 0.250000 0.365625 0.106250 0.134375
0 0.642188 0.731771 0.134375 0.126042
0 0.761979 0.220052 0.139583 0.129688
0 0.425781 0.853646 0.131771 0.137500
0 0.283333 0.655729 0.138542 0.143750
0 0.858854 0.690885 0.134375 0.136979
0 0.094792 0.541927 0.125000 0.143229
0 0.199479 0.751042 0.154167 0.144792
0 0.308594 0.144792 0.142187 0.134375
0 0.129948 0.319271 0.129688 0.183333
0 0.668750 0.853906 0.170833 0.126562
0 0.386458 0.616927 0.107292 0.110937
0 0.544010 0.135156 0.149479 0.105729
0 0.451042 0.731771 0.114583 0.084375
0 0.434635 0.549740 0.085938 0.081771
0 0.524740 0.257812 0.139063 0.105208
0 0.422135 0.352083 0.092188 0.098958
0 0.491927 0.648698 0.098437 0.072396
0 0.345052 0.426302 0.090104 0.088021
0 0.364323 0.266146 0.113021 0.095833
0 0.667188 0.314323 0.100000 0.085938
0 0.517188 0.352083 0.093750 0.091667
0 0.608333 0.391667 0.097917 0.095833
0 0.529948 0.427083 0.086979 0.069792
0 0.226562 0.507031 0.084375 0.116146
0 0.672135 0.460417 0.083854 0.085417
0 0.428125 0.442188 0.082292 0.077083
0 0.596615 0.641927 0.082812 0.092188
0 0.765104 0.610156 0.086458 0.109896
0 0.339062 0.515365 0.078125 0.089063
0 0.600781 0.499479 0.078646 0.097917
0 0.533854 0.580469 0.078125 0.067187
0 0.671094 0.561198 0.084896 0.117188
0 0.907552 0.445052 0.105729 0.208854
