0 0.663802 0.377604 0.115104 0.109375
0 0.286458 0.539844 0.109375 0.120313
0 0.652083 0.797917 0.116667 0.115625
0 0.402344 0.319531 0.106771 0.099479
0 0.836719 0.232552 0.123438 0.116146
0 0.441927 0.794271 0.122396 0.090625
0 0.564323 0.232552 0.104688 0.108854
0 0.234635 0.345052 0.106771 0.108854
0 0.348698 0.121094 0.121354 0.103646
0 0.560417 0.617708 0.073958 0.080208
0 0.274740 0.445833 0.129688 0.072917
0 0.546615 0.798698 0.094271 0.109896
0 0.657031 0.246094 0.093229 0.094271
0 0.594531 0.414062 0.088021 0.087500
0 0.421615 0.896615 0.127604 0.092188
0 0.478125 0.689323 0.114583 0.091146
0 0.290365 0.713802 0.114062 0.107813
0 0.742188 0.762760 0.084375 0.072396
0 0.869010 0.728646 0.099479 0.116667
0 0.832812 0.457813 0.103125 0.115625
0 0.696615 0.611979 0.092188 0.111458
0 0.434896 0.389062 0.066667 0.073958
0 0.205208 0.771094 0.090625 0.092188
0 0.728385 0.436719 0.119271 0.090104
0 0.217969 0.634375 0.101562 0.083333
0 0.579688 0.696094 0.092708 0.080729
0 0.417187 0.581510 0.080208 0.078646
0 0.557031 0.464323 0.070312 0.065104
0 0.738802 0.295312 0.128646 0.109375
0 0.927083 0.457292 0.071875 0.094792
0 0.810937 0.563281 0.114583 0.094271
0 0.558333 0.548438 0.066667 0.063542
0 0.567448 0.328385 0.090104 0.067187
0 0.295573 0.264062 0.096354 0.111458
0 0.785677 0.673698 0.104688 0.148438
0 0.375521 0.448958 0.068750 0.091667
0 0.478646 0.555990 0.069792 0.057813
0 0.814323 0.363281 0.079687 0.088021
0 0.376302 0.212500 0.132812 0.105208
0 0.487500 0.614323 0.077083 0.074479
0 0.157292 0.278125 0.070833 0.080208
0 0.483854 0.201042 0.072917 0.073958
0 0.630990 0.494010 0.064062 0.071354
0 0.065625 0.508594 0.102083 0.136979
0 0.580729 0.130990 0.087500 0.072396
0 0.348698 0.622917 0.081771 0.071875
0 0.696615 0.874479 0.091146 0.082292
0 0.326562 0.387500 0.070833 0.086458
0 0.653646 0.682292 0.104167 0.108333
0 0.370833 0.527083 0.067708 0.069792
0 0.623437 0.562500 0.072917 0.069792
0 0.514844 0.387500 0.078646 0.058333
0 0.171094 0.409635 0.084896 0.064062
0 0.489323 0.299219 0.075521 0.119271
0 0.719010 0.516146 0.071354 0.092708
0 0.425521 0.497917 0.064583 0.077083
0 0.480990 0.437500 0.061979 0.054167
0 0.706250 0.163021 0.048958 0.055208
0 0.359635 0.772135 0.059896 0.080729
0 0.391146 0.685156 0.071875 0.104688
0 0.080208 0.606771 0.048958 0.052083
0 0.568229 0.907552 0.050000 0.049479
0 0.620573 0.896354 0.050521 0.051042
0 0.756250 0.180729 0.046875 0.046875
0 0.179427 0.531510 0.092188 0.160938
0 0.522396 0.910677 0.046875 0.048438
0 0.905729 0.370833 0.047917 0.050000
0 0.270052 0.832292 0.047396 0.046875
0 0.265104 0.153906 0.044792 0.048438
0 0.810677 0.795833 0.045312 0.052083
0 0.328906 0.855990 0.051562 0.046354
0 0.511719 0.114323 0.049479 0.043229
0 0.766146 0.836198 0.046875 0.048438
0 0.138802 0.718229 0.044271 0.044792
0 0.935937 0.585156 0.043750 0.051562
0 0.228646 0.186198 0.046875 0.047396
0 0.921875 0.635417 0.047917 0.052083
0 0.874740 0.315885 0.047396 0.047396
0 0.108594 0.669010 0.044271 0.046354
0 0.739583 0.368750 0.053125 0.051042
0 0.655469 0.140885 0.044271 0.045312
0 0.113802 0.342448 0.046354 0.044271
0 0.763021 0.589323 0.044792 0.045312
0 0.455469 0.106771 0.042188 0.041667
0 0.223177 0.492708 0.049479 0.053125
0 0.082812 0.407813 0.042708 0.051042
0 0.938542 0.528906 0.046875 0.050521
0 0.509375 0.749479 0.054167 0.045833
0 0.364583 0.265104 0.050000 0.050000
0 0.197396 0.220312 0.044792 0.042708
