0 0.357552 0.646875 0.101562 0.094792
0 0.704688 0.427865 0.093750 0.106771
0 0.303125 0.229687 0.102083 0.101042
0 0.625260 0.663281 0.094271 0.085938
0 0.209635 0.816927 0.108854 0.100521
0 0.511719 0.200521 0.111979 0.073958
0 0.478646 0.774479 0.090625 0.095833
0 0.786719 0.611719 0.093229 0.095312
0 0.709115 0.851042 0.108854 0.087500
0 0.421875 0.393490 0.063542 0.071354
0 0.731510 0.518490 0.122396 0.054688
0 0.407552 0.212760 0.079687 0.098437
0 0.384896 0.775781 0.081250 0.082812
0 0.420312 0.599740 0.077083 0.076563
0 0.515365 0.096354 0.117188 0.075000
0 0.492188 0.309896 0.104167 0.076042
0 0.673698 0.256510 0.100521 0.093229
0 0.220052 0.278646 0.075521 0.061458
0 0.100000 0.332552 0.084375 0.104688
0 0.178385 0.594271 0.088021 0.103125
0 0.288281 0.420573 0.077604 0.100521
0 0.582031 0.599740 0.056771 0.066146
0 0.748958 0.186719 0.079167 0.080729
0 0.284635 0.598437 0.108854 0.073958
0 0.757812 0.323437 0.091667 0.069792
0 0.390885 0.318750 0.082812 0.068750
0 0.569010 0.406771 0.070312 0.068750
0 0.449479 0.544271 0.062500 0.056250
0 0.296354 0.739844 0.115625 0.092188
0 0.085156 0.609375 0.058854 0.086458
0 0.183073 0.486458 0.103646 0.079167
0 0.435156 0.461458 0.058854 0.055208
0 0.460417 0.680208 0.082292 0.055208
0 0.738802 0.701562 0.081771 0.100000
0 0.191146 0.373698 0.084375 0.136979
0 0.631250 0.530990 0.056250 0.083854
0 0.512240 0.441406 0.063021 0.048438
0 0.211198 0.684375 0.068229 0.078125
0 0.667708 0.765104 0.120833 0.087500
0 0.494792 0.385417 0.067708 0.064583
0 0.873437 0.666146 0.060417 0.071875
0 0.563021 0.793229 0.063542 0.064583
0 0.372135 0.526563 0.054688 0.063542
0 0.928125 0.423698 0.083333 0.125521
0 0.478125 0.877344 0.079167 0.060937
0 0.630729 0.355208 0.072917 0.061458
0 0.247396 0.161198 0.081250 0.070312
0 0.689063 0.583854 0.059375 0.078125
0 0.319792 0.344010 0.090625 0.095312
0 0.623698 0.453125 0.058854 0.061458
0 0.368490 0.457813 0.064062 0.060417
0 0.503125 0.614062 0.071875 0.047917
0 0.839323 0.537760 0.077604 0.052604
0 0.541927 0.696875 0.058854 0.111458
0 0.281510 0.518750 0.058854 0.084375
0 0.573958 0.490885 0.054167 0.069271
0 0.528906 0.558854 0.055729 0.045833
0 0.349479 0.865365 0.041667 0.049479
0 0.596354 0.209375 0.048958 0.073958
0 0.578646 0.300521 0.057292 0.096875
0 0.898177 0.329167 0.042188 0.045833
0 0.368750 0.108073 0.043750 0.043229
0 0.319010 0.127604 0.044271 0.044792
0 0.297135 0.855469 0.041146 0.041146
0 0.812240 0.418750 0.069271 0.152083
0 0.414062 0.098437 0.040625 0.042708
0 0.119792 0.691406 0.041667 0.044271
0 0.675521 0.135937 0.041667 0.040625
0 0.786458 0.805208 0.038542 0.042708
0 0.147396 0.256771 0.038542 0.046875
0 0.613542 0.121875 0.045833 0.039583
0 0.548698 0.883073 0.044271 0.036979
0 0.184896 0.209896 0.040625 0.042708
0 0.822917 0.228385 0.038542 0.039062
0 0.056510 0.484635 0.036979 0.046354
0 0.817708 0.767708 0.040625 0.041667
0 0.062760 0.432552 0.041146 0.046354
0 0.158854 0.740885 0.041667 0.041146
0 0.860417 0.272396 0.038542 0.040625
0 0.283854 0.667448 0.046875 0.044271
0 0.402604 0.879167 0.038542 0.039583
0 0.906250 0.595313 0.040625 0.038542
0 0.226302 0.453125 0.039062 0.039583
0 0.605469 0.881771 0.036979 0.036458
0 0.775000 0.464062 0.042708 0.046875
0 0.926823 0.526042 0.035937 0.045833
0 0.062500 0.540625 0.040625 0.044792
0 0.452083 0.255208 0.048958 0.038542
0 0.670833 0.710938 0.043750 0.043750
0 0.843229 0.729427 0.039583 0.036979
