0 0.371667 0.629167 0.206667 0.215000
0 0.689167 0.877500 0.158333 0.155000
0 0.316667 0.885000 0.150000 0.153333
0 0.676667 0.115000 0.156667 0.153333
0 0.866667 0.111667 0.170000 0.153333
0 0.118333 0.125000 0.163333 0.153333
0 0.500833 0.881667 0.161667 0.153333
0 0.144167 0.889167 0.141667 0.151667
0 0.492500 0.120000 0.161667 0.150000
0 0.172500 0.370833 0.255000 0.211667
0 0.305833 0.123333 0.165000 0.150000
0 0.823333 0.354167 0.256667 0.201667
0 0.869167 0.876667 0.145000 0.150000
0 0.134167 0.635000 0.208333 0.213333
0 0.499167 0.343333 0.261667 0.170000
0 0.872500 0.620833 0.181667 0.218333
0 0.641667 0.623333 0.203333 0.236667
