0 0.488667 0.768504 0.198667 0.182677
0 0.730000 0.219685 0.206667 0.266142
0 0.256667 0.728346 0.193333 0.234646
0 0.749333 0.575591 0.280000 0.319685
0 0.367333 0.622047 0.140000 0.157480
0 0.415333 0.911811 0.230667 0.176378
0 0.514000 0.085039 0.244000 0.170079
0 0.552667 0.232283 0.164000 0.162205
0 0.642667 0.846457 0.208000 0.237795
0 0.320000 0.455118 0.109333 0.135433
0 0.301333 0.207087 0.165333 0.259843
0 0.192000 0.459055 0.152000 0.266142
0 0.552000 0.606299 0.133333 0.148031
0 0.430000 0.325197 0.129333 0.133858
0 0.574667 0.433071 0.117333 0.125984
