0 0.274667 0.533071 0.125333 0.212598
0 0.774000 0.718898 0.198667 0.206299
0 0.267333 0.256693 0.172000 0.195276
0 0.481333 0.802362 0.232000 0.288189
0 0.376000 0.366142 0.114667 0.143307
0 0.123333 0.474803 0.150667 0.250394
0 0.872000 0.443307 0.152000 0.266142
0 0.734000 0.514961 0.113333 0.173228
0 0.236667 0.725984 0.172000 0.214173
0 0.506000 0.281890 0.100000 0.110236
0 0.709333 0.218110 0.200000 0.155906
0 0.481333 0.133858 0.208000 0.138583
0 0.421333 0.578740 0.106667 0.137008
0 0.634000 0.388976 0.094667 0.135433
0 0.570000 0.574803 0.089333 0.122835
