0 0.267448 0.526008 0.120313 0.202221
0 0.234896 0.743425 0.175000 0.178843
0 0.486458 0.798948 0.235417 0.271186
0 0.489844 0.120397 0.232813 0.148451
0 0.730469 0.244594 0.205729 0.149036
0 0.758594 0.746639 0.189062 0.188778
0 0.733333 0.534483 0.117708 0.166569
0 0.259375 0.246639 0.180208 0.183518
0 0.408073 0.590298 0.114062 0.115722
0 0.634635 0.387493 0.107813 0.134424
0 0.114062 0.480129 0.127083 0.267095
0 0.517188 0.301870 0.101042 0.105786
0 0.573438 0.579486 0.096875 0.105786
0 0.379948 0.373758 0.117188 0.138515
0 0.886198 0.450029 0.133854 0.243133
