0 0.370333 0.849787 0.111333 0.128551
0 0.655333 0.294034 0.102667 0.075284
0 0.465333 0.242898 0.092000 0.069602
0 0.807333 0.310014 0.100000 0.085938
0 0.405333 0.651634 0.072000 0.078835
0 0.397000 0.735085 0.094000 0.071023
0 0.696667 0.196378 0.102667 0.097301
0 0.719667 0.791193 0.088667 0.102273
0 0.309000 0.691761 0.072667 0.073864
0 0.440667 0.144176 0.085333 0.096591
0 0.715333 0.376065 0.104000 0.064631
0 0.467333 0.866477 0.084000 0.093750
0 0.177333 0.350142 0.093333 0.109375
0 0.720667 0.632457 0.080000 0.087358
0 0.221000 0.288352 0.084667 0.096591
0 0.644000 0.853338 0.069333 0.107244
0 0.570000 0.249645 0.084000 0.080256
0 0.742333 0.544034 0.070000 0.075284
0 0.742667 0.453480 0.084000 0.064631
0 0.540000 0.577415 0.061333 0.069602
0 0.665333 0.535156 0.082667 0.066051
0 0.466667 0.334162 0.085333 0.094460
0 0.593667 0.369673 0.071333 0.070312
0 0.540000 0.143821 0.109333 0.107244
0 0.492667 0.750355 0.066667 0.081676
0 0.583667 0.532670 0.068667 0.055398
0 0.353333 0.168679 0.073333 0.121449
0 0.561000 0.861151 0.072667 0.100142
0 0.309000 0.537642 0.060667 0.102273
0 0.784667 0.729403 0.100000 0.086648
0 0.336333 0.432884 0.076667 0.075994
0 0.247333 0.442472 0.068000 0.116477
0 0.291000 0.831676 0.091333 0.103693
0 0.143000 0.438920 0.086000 0.096591
0 0.588333 0.737571 0.075333 0.108665
0 0.147333 0.530895 0.106667 0.088778
0 0.248333 0.579901 0.076667 0.102983
0 0.635667 0.425781 0.066000 0.061790
0 0.378667 0.363281 0.070667 0.080256
0 0.846333 0.455966 0.106000 0.085227
0 0.617000 0.172940 0.080667 0.080256
0 0.752000 0.241832 0.076000 0.085938
0 0.354667 0.615767 0.065333 0.078125
0 0.269667 0.207386 0.071333 0.136364
0 0.596333 0.642401 0.060667 0.066051
0 0.565000 0.465909 0.064667 0.061080
0 0.839000 0.606179 0.099333 0.090199
0 0.476667 0.583807 0.052000 0.076705
0 0.230333 0.765980 0.083333 0.100142
0 0.149333 0.623935 0.129333 0.088778
0 0.668333 0.700994 0.064667 0.073864
0 0.817667 0.671520 0.088667 0.083097
0 0.376000 0.264915 0.061333 0.083807
0 0.630333 0.593040 0.060667 0.061080
0 0.823000 0.387784 0.066000 0.069602
0 0.175667 0.714844 0.080667 0.081676
0 0.474000 0.662642 0.054667 0.063920
0 0.532333 0.418679 0.055333 0.075994
0 0.417000 0.425071 0.059333 0.066051
0 0.536000 0.341974 0.076000 0.058949
0 0.534667 0.664773 0.050667 0.076705
0 0.388000 0.527344 0.072000 0.064631
0 0.658667 0.470881 0.061333 0.048295
0 0.388667 0.468395 0.068000 0.047585
0 0.848000 0.532670 0.096000 0.075284
0 0.302333 0.343040 0.086000 0.103693
0 0.474667 0.415483 0.046667 0.079545
0 0.421667 0.572798 0.052667 0.067472
