0 0.845000 0.582031 0.136667 0.137074
0 0.285000 0.368963 0.086000 0.120028
0 0.266667 0.577415 0.078667 0.107955
0 0.275667 0.207031 0.095333 0.118608
0 0.655000 0.576705 0.084667 0.088068
0 0.733667 0.572088 0.080667 0.110085
0 0.187667 0.340909 0.106000 0.123580
0 0.735667 0.223722 0.108667 0.109375
0 0.708000 0.671165 0.080000 0.088068
0 0.179333 0.618608 0.102667 0.105114
0 0.351333 0.293324 0.076000 0.119318
0 0.844667 0.477628 0.100000 0.102983
0 0.412000 0.862926 0.116000 0.115057
0 0.588667 0.247869 0.093333 0.098011
0 0.347333 0.827060 0.102667 0.104403
0 0.805000 0.293324 0.110000 0.089489
0 0.257000 0.465909 0.087333 0.100852
0 0.503000 0.238636 0.080667 0.085227
0 0.418667 0.252486 0.073333 0.098722
0 0.565667 0.446023 0.074000 0.075284
0 0.506333 0.320668 0.074000 0.097301
0 0.351000 0.561435 0.100667 0.104403
0 0.364333 0.422230 0.076667 0.085938
0 0.163667 0.514205 0.116667 0.132102
0 0.733667 0.468395 0.086000 0.083097
0 0.517000 0.406960 0.062000 0.080966
0 0.215333 0.706321 0.124000 0.095881
0 0.825333 0.379261 0.104000 0.092330
0 0.564667 0.695312 0.104000 0.079545
0 0.668000 0.164418 0.096000 0.118608
0 0.463333 0.683239 0.082667 0.092330
0 0.486667 0.775568 0.118667 0.089489
0 0.840667 0.668324 0.110667 0.112216
0 0.499000 0.885298 0.103333 0.105824
0 0.706333 0.370739 0.112667 0.096591
0 0.583333 0.866477 0.098667 0.126420
0 0.613667 0.752841 0.107333 0.096591
0 0.410333 0.369673 0.067333 0.078835
0 0.392000 0.649858 0.085333 0.086648
0 0.405000 0.142756 0.095333 0.125000
0 0.178333 0.427912 0.087333 0.097301
0 0.221000 0.275568 0.091333 0.093750
0 0.630000 0.635653 0.082667 0.080966
0 0.264667 0.788352 0.137333 0.096591
0 0.616667 0.377131 0.070667 0.073864
0 0.458000 0.437855 0.066667 0.077415
0 0.545000 0.126776 0.099333 0.118608
0 0.581667 0.512074 0.079333 0.066761
0 0.789000 0.742188 0.106000 0.103693
0 0.669333 0.850497 0.102667 0.149858
0 0.660000 0.291903 0.078667 0.079545
0 0.609333 0.139205 0.090667 0.106534
0 0.301667 0.667969 0.087333 0.077415
0 0.566333 0.349077 0.066000 0.073153
0 0.345333 0.177912 0.074667 0.080256
0 0.750333 0.807528 0.088667 0.098011
0 0.655333 0.501776 0.068000 0.067472
0 0.419667 0.479048 0.079333 0.070312
0 0.443333 0.599432 0.070667 0.072443
0 0.348000 0.487216 0.066667 0.089489
0 0.647000 0.438210 0.079333 0.065341
0 0.543000 0.613991 0.071333 0.085938
0 0.448000 0.338068 0.054667 0.072443
0 0.488000 0.622514 0.054667 0.078835
0 0.476333 0.128906 0.084667 0.112926
0 0.385333 0.732955 0.109333 0.106534
0 0.425333 0.540128 0.081333 0.061790
0 0.580000 0.571378 0.070667 0.066051
