0 0.375667 0.182534 0.096667 0.101646
0 0.764333 0.192198 0.095333 0.078024
0 0.257000 0.524696 0.078000 0.097351
0 0.697333 0.233357 0.088000 0.077309
0 0.776333 0.458482 0.088667 0.083751
0 0.386667 0.758411 0.098667 0.088046
0 0.690000 0.319971 0.096000 0.093057
0 0.327333 0.792412 0.088000 0.078740
0 0.581333 0.108089 0.106667 0.088762
0 0.248333 0.307087 0.078000 0.103078
0 0.867000 0.518969 0.102000 0.114531
0 0.524000 0.672870 0.081333 0.087330
0 0.467333 0.183608 0.089333 0.096636
0 0.253000 0.192913 0.068667 0.073729
0 0.321333 0.692913 0.076000 0.078740
0 0.630000 0.211525 0.078667 0.079456
0 0.174667 0.509306 0.094667 0.089477
0 0.275000 0.615963 0.079333 0.092341
0 0.640000 0.764853 0.076000 0.082319
0 0.192333 0.590551 0.099333 0.084467
0 0.550333 0.186471 0.086000 0.076593
0 0.261000 0.740873 0.082000 0.078740
0 0.566000 0.794202 0.090667 0.090909
0 0.706333 0.716535 0.091333 0.097351
0 0.401000 0.275591 0.078000 0.104510
0 0.503000 0.331782 0.079333 0.083751
0 0.317000 0.247674 0.078000 0.080172
0 0.849667 0.402649 0.120667 0.106657
0 0.451333 0.658196 0.074667 0.078024
0 0.475000 0.792054 0.095333 0.088046
0 0.402000 0.840730 0.078667 0.070866
0 0.398667 0.611668 0.070667 0.070866
0 0.333667 0.120616 0.083333 0.093772
0 0.460333 0.722620 0.072667 0.068003
0 0.876333 0.297781 0.074000 0.083035
0 0.479000 0.256263 0.087333 0.085898
0 0.767000 0.762706 0.071333 0.095204
0 0.498000 0.859699 0.073333 0.074445
0 0.849000 0.606657 0.071333 0.096636
0 0.797667 0.832498 0.082000 0.095920
0 0.150333 0.291339 0.074000 0.114531
0 0.344000 0.882606 0.114667 0.081603
0 0.218667 0.669649 0.134667 0.092341
0 0.190000 0.767717 0.072000 0.079456
0 0.102000 0.433787 0.070667 0.081603
0 0.339000 0.309234 0.087333 0.081603
0 0.571667 0.336435 0.070000 0.084467
0 0.555000 0.264853 0.076667 0.085898
0 0.621333 0.278454 0.068000 0.067287
0 0.680333 0.813171 0.078000 0.081603
0 0.199333 0.410523 0.085333 0.129563
0 0.760667 0.264137 0.086667 0.077309
0 0.390333 0.372226 0.080667 0.074445
0 0.592333 0.852899 0.078000 0.070866
0 0.334333 0.600931 0.062000 0.080888
0 0.713667 0.584109 0.064667 0.068719
0 0.812333 0.323550 0.084667 0.083035
0 0.297333 0.382606 0.078667 0.100931
0 0.097000 0.606299 0.094000 0.094488
0 0.759333 0.632069 0.077333 0.108805
0 0.812000 0.688976 0.065333 0.066571
0 0.899000 0.658554 0.090000 0.127416
0 0.748333 0.387616 0.068667 0.080888
0 0.783000 0.541875 0.074000 0.090193
0 0.268000 0.452756 0.072000 0.082319
0 0.711333 0.515390 0.078667 0.087330
0 0.628667 0.367931 0.068000 0.071582
0 0.692333 0.402649 0.076667 0.075161
0 0.444000 0.523980 0.066667 0.064424
0 0.607000 0.431997 0.078000 0.070866
0 0.361667 0.411238 0.063333 0.063708
0 0.385333 0.494273 0.081333 0.090909
0 0.590667 0.656049 0.072000 0.083751
0 0.571667 0.915175 0.100667 0.065140
0 0.325000 0.520759 0.063333 0.079456
0 0.447000 0.351467 0.063333 0.062992
0 0.329000 0.454903 0.052667 0.062276
0 0.651000 0.679313 0.071333 0.075877
0 0.397000 0.700787 0.064667 0.057266
0 0.590333 0.716178 0.068667 0.063708
0 0.501333 0.407659 0.061333 0.073729
0 0.531000 0.739800 0.064667 0.056550
0 0.524333 0.604152 0.054000 0.064424
0 0.707333 0.445956 0.062667 0.060129
0 0.642333 0.473515 0.062000 0.080888
0 0.550333 0.414102 0.055333 0.076593
0 0.373667 0.662491 0.059333 0.057981
0 0.422667 0.444524 0.072000 0.080172
0 0.630000 0.616321 0.061333 0.064424
0 0.387333 0.556908 0.072000 0.058697
0 0.519667 0.470293 0.055333 0.074445
0 0.655000 0.524338 0.074000 0.068003
0 0.692000 0.632427 0.044000 0.046528
0 0.590000 0.517895 0.078667 0.063708
0 0.474333 0.474230 0.066000 0.076593
0 0.448000 0.573729 0.069333 0.060845
0 0.479333 0.600931 0.050667 0.069435
0 0.454000 0.415175 0.045333 0.062992
0 0.593333 0.567287 0.072000 0.057981
0 0.573667 0.590193 0.059333 0.047960
0 0.568667 0.479957 0.062667 0.073729
0 0.652333 0.578740 0.072667 0.060845
0 0.375667 0.182534 0.096667 0.101646
0 0.764333 0.192198 0.095333 0.078024
0 0.257000 0.524696 0.078000 0.097351
0 0.697333 0.233357 0.088000 0.077309
0 0.776333 0.458482 0.088667 0.083751
0 0.386667 0.758411 0.098667 0.088046
0 0.690000 0.319971 0.096000 0.093057
0 0.327333 0.792412 0.088000 0.078740
0 0.581333 0.108089 0.106667 0.088762
0 0.248333 0.307087 0.078000 0.103078
0 0.867000 0.518969 0.102000 0.114531
0 0.524000 0.672870 0.081333 0.087330
0 0.467333 0.183608 0.089333 0.096636
0 0.253000 0.192913 0.068667 0.073729
0 0.321333 0.692913 0.076000 0.078740
0 0.630000 0.211525 0.078667 0.079456
0 0.174667 0.509306 0.094667 0.089477
0 0.275000 0.615963 0.079333 0.092341
0 0.640000 0.764853 0.076000 0.082319
0 0.192333 0.590551 0.099333 0.084467
0 0.550333 0.186471 0.086000 0.076593
0 0.261000 0.740873 0.082000 0.078740
0 0.566000 0.794202 0.090667 0.090909
0 0.706333 0.716535 0.091333 0.097351
0 0.401000 0.275591 0.078000 0.104510
0 0.503000 0.331782 0.079333 0.083751
0 0.317000 0.247674 0.078000 0.080172
0 0.849667 0.402649 0.120667 0.106657
0 0.451333 0.658196 0.074667 0.078024
0 0.475000 0.792054 0.095333 0.088046
0 0.402000 0.840730 0.078667 0.070866
0 0.398667 0.611668 0.070667 0.070866
0 0.333667 0.120616 0.083333 0.093772
0 0.460333 0.722620 0.072667 0.068003
0 0.876333 0.297781 0.074000 0.083035
0 0.479000 0.256263 0.087333 0.085898
0 0.767000 0.762706 0.071333 0.095204
0 0.498000 0.859699 0.073333 0.074445
0 0.849000 0.606657 0.071333 0.096636
0 0.797667 0.832498 0.082000 0.095920
0 0.150333 0.291339 0.074000 0.114531
0 0.344000 0.882606 0.114667 0.081603
0 0.218667 0.669649 0.134667 0.092341
0 0.190000 0.767717 0.072000 0.079456
0 0.102000 0.433787 0.070667 0.081603
0 0.339000 0.309234 0.087333 0.081603
0 0.571667 0.336435 0.070000 0.084467
0 0.555000 0.264853 0.076667 0.085898
0 0.621333 0.278454 0.068000 0.067287
0 0.680333 0.813171 0.078000 0.081603
0 0.199333 0.410523 0.085333 0.129563
0 0.760667 0.264137 0.086667 0.077309
0 0.390333 0.372226 0.080667 0.074445
0 0.592333 0.852899 0.078000 0.070866
0 0.334333 0.600931 0.062000 0.080888
0 0.713667 0.584109 0.064667 0.068719
0 0.812333 0.323550 0.084667 0.083035
0 0.297333 0.382606 0.078667 0.100931
0 0.097000 0.606299 0.094000 0.094488
0 0.759333 0.632069 0.077333 0.108805
0 0.812000 0.688976 0.065333 0.066571
0 0.899000 0.658554 0.090000 0.127416
0 0.748333 0.387616 0.068667 0.080888
0 0.783000 0.541875 0.074000 0.090193
0 0.268000 0.452756 0.072000 0.082319
0 0.711333 0.515390 0.078667 0.087330
0 0.628667 0.367931 0.068000 0.071582
0 0.692333 0.402649 0.076667 0.075161
0 0.444000 0.523980 0.066667 0.064424
0 0.607000 0.431997 0.078000 0.070866
0 0.361667 0.411238 0.063333 0.063708
0 0.385333 0.494273 0.081333 0.090909
0 0.590667 0.656049 0.072000 0.083751
0 0.571667 0.915175 0.100667 0.065140
0 0.325000 0.520759 0.063333 0.079456
0 0.447000 0.351467 0.063333 0.062992
0 0.329000 0.454903 0.052667 0.062276
0 0.651000 0.679313 0.071333 0.075877
0 0.397000 0.700787 0.064667 0.057266
0 0.590333 0.716178 0.068667 0.063708
0 0.501333 0.407659 0.061333 0.073729
0 0.531000 0.739800 0.064667 0.056550
0 0.524333 0.604152 0.054000 0.064424
0 0.707333 0.445956 0.062667 0.060129
0 0.642333 0.473515 0.062000 0.080888
0 0.550333 0.414102 0.055333 0.076593
0 0.373667 0.662491 0.059333 0.057981
0 0.422667 0.444524 0.072000 0.080172
0 0.630000 0.616321 0.061333 0.064424
0 0.387333 0.556908 0.072000 0.058697
0 0.519667 0.470293 0.055333 0.074445
0 0.655000 0.524338 0.074000 0.068003
0 0.692000 0.632427 0.044000 0.046528
0 0.590000 0.517895 0.078667 0.063708
0 0.474333 0.474230 0.066000 0.076593
0 0.448000 0.573729 0.069333 0.060845
0 0.479333 0.600931 0.050667 0.069435
0 0.454000 0.415175 0.045333 0.062992
0 0.593333 0.567287 0.072000 0.057981
0 0.573667 0.590193 0.059333 0.047960
0 0.568667 0.479957 0.062667 0.073729
0 0.652333 0.578740 0.072667 0.060845
