0 0.517667 0.629286 0.075333 0.091429
0 0.392333 0.885357 0.126000 0.099286
0 0.602333 0.188929 0.108667 0.079286
0 0.136000 0.351786 0.086667 0.117857
0 0.786333 0.348571 0.091333 0.112857
0 0.305333 0.618929 0.096000 0.102143
0 0.803333 0.197857 0.116000 0.131429
0 0.350000 0.485714 0.064000 0.090000
0 0.636333 0.525000 0.072667 0.097143
0 0.458667 0.801786 0.092000 0.085000
0 0.256333 0.337500 0.106000 0.127857
0 0.254667 0.217500 0.110667 0.115000
0 0.724000 0.672500 0.089333 0.095000
0 0.801667 0.729643 0.099333 0.130714
0 0.430000 0.709643 0.082667 0.085000
0 0.805667 0.456071 0.070000 0.093571
0 0.355667 0.693571 0.090000 0.081429
0 0.655000 0.118214 0.119333 0.089286
0 0.181333 0.745000 0.090667 0.122857
0 0.429667 0.442143 0.068667 0.084286
0 0.572333 0.795357 0.094000 0.075000
0 0.484000 0.197500 0.094667 0.092143
0 0.354333 0.780357 0.086000 0.069286
0 0.536667 0.896786 0.129333 0.083571
0 0.431333 0.620000 0.093333 0.075714
0 0.517333 0.426429 0.085333 0.068571
0 0.707333 0.431429 0.077333 0.082857
0 0.658667 0.742857 0.076000 0.075714
0 0.371333 0.146071 0.092000 0.089286
0 0.280667 0.836429 0.080000 0.111429
0 0.711667 0.236429 0.098000 0.094286
0 0.640333 0.280714 0.091333 0.084286
0 0.674333 0.829643 0.127333 0.096429
0 0.670000 0.348214 0.094667 0.082143
0 0.607667 0.425714 0.095333 0.081429
0 0.511667 0.109643 0.115333 0.082143
0 0.905000 0.468214 0.072667 0.142143
0 0.879667 0.601786 0.067333 0.092143
0 0.607333 0.670000 0.085333 0.072857
0 0.388667 0.310714 0.082667 0.085714
0 0.795667 0.573929 0.070000 0.119286
0 0.423333 0.534643 0.060000 0.072143
0 0.865667 0.320000 0.080667 0.092857
0 0.199333 0.600000 0.077333 0.117143
0 0.555333 0.278571 0.069333 0.077143
0 0.118333 0.631071 0.075333 0.113571
0 0.662667 0.600357 0.066667 0.067857
0 0.097000 0.482857 0.071333 0.127143
0 0.466333 0.351071 0.086000 0.085000
0 0.520667 0.711071 0.085333 0.069286
0 0.509667 0.556071 0.086000 0.050714
0 0.368333 0.236786 0.088667 0.089286
0 0.314333 0.390714 0.067333 0.084286
0 0.554000 0.351429 0.094667 0.065714
0 0.202000 0.466071 0.065333 0.099286
0 0.474000 0.278214 0.070667 0.066429
0 0.378667 0.400000 0.069333 0.082857
0 0.370333 0.570714 0.088667 0.081429
0 0.269000 0.715714 0.066000 0.081429
0 0.277000 0.497143 0.060667 0.108571
0 0.590667 0.601429 0.052000 0.080000
0 0.724667 0.518571 0.054667 0.084286
0 0.574000 0.495000 0.052000 0.084286
