0 0.624740 0.091406 0.120313 0.105729
0 0.228646 0.773698 0.126042 0.119271
0 0.333333 0.847656 0.133333 0.111979
0 0.175260 0.281771 0.097396 0.100000
0 0.329167 0.531250 0.076042 0.105208
0 0.619271 0.214323 0.113542 0.103646
0 0.864583 0.376563 0.096875 0.119792
0 0.805208 0.253646 0.103125 0.110417
0 0.122135 0.526563 0.100521 0.118750
0 0.334375 0.420052 0.089583 0.096354
0 0.667188 0.523438 0.078125 0.090625
0 0.419792 0.757292 0.098958 0.100000
0 0.699219 0.718750 0.102604 0.103125
0 0.394010 0.330729 0.093229 0.087500
0 0.580208 0.529167 0.086458 0.103125
0 0.735417 0.153385 0.100000 0.098437
0 0.291146 0.303906 0.073958 0.083854
0 0.587500 0.903125 0.114583 0.101042
0 0.465104 0.893490 0.113542 0.095312
0 0.361458 0.122917 0.129167 0.101042
0 0.566146 0.765104 0.118750 0.084375
0 0.820052 0.765885 0.100521 0.097396
0 0.714583 0.323958 0.094792 0.087500
0 0.761979 0.444010 0.093750 0.098437
0 0.486458 0.087500 0.123958 0.089583
0 0.248177 0.197135 0.091146 0.093229
0 0.864062 0.651302 0.098958 0.108854
0 0.390885 0.632031 0.083854 0.091146
0 0.609115 0.629427 0.096354 0.091146
0 0.717187 0.842187 0.121875 0.107292
0 0.878646 0.521615 0.100000 0.127604
0 0.147135 0.661979 0.119271 0.132292
0 0.485417 0.200521 0.128125 0.090625
0 0.232813 0.522396 0.064583 0.085417
0 0.259635 0.617448 0.073438 0.094271
0 0.416667 0.489323 0.072917 0.093229
0 0.650781 0.420052 0.086979 0.093229
0 0.363021 0.250521 0.083333 0.072917
0 0.592969 0.322656 0.075521 0.067187
0 0.480990 0.588021 0.076563 0.070833
0 0.454688 0.396354 0.076042 0.079167
0 0.756510 0.578385 0.121354 0.136979
0 0.497396 0.678906 0.098958 0.073438
0 0.327083 0.696875 0.076042 0.073958
0 0.131510 0.393750 0.093229 0.118750
0 0.244531 0.410677 0.074479 0.083854
0 0.499219 0.296354 0.091146 0.066667
0 0.564583 0.418490 0.077083 0.076563
