0 0.106771 0.333594 0.094792 0.110937
0 0.744010 0.798958 0.107813 0.115625
0 0.828385 0.702344 0.099479 0.123438
0 0.249219 0.800521 0.091146 0.088542
0 0.513542 0.673698 0.098958 0.066146
0 0.228385 0.352083 0.093229 0.104167
0 0.415625 0.124740 0.111458 0.085938
0 0.286979 0.171094 0.101042 0.093229
0 0.487240 0.879167 0.109896 0.089583
0 0.403125 0.656510 0.088542 0.080729
0 0.540885 0.336458 0.083854 0.069792
0 0.747135 0.607031 0.091146 0.090104
0 0.738542 0.325260 0.093750 0.093229
0 0.320312 0.588021 0.079167 0.085417
0 0.537500 0.423438 0.095833 0.077083
0 0.180208 0.229948 0.089583 0.091146
0 0.283073 0.687240 0.077604 0.066146
0 0.910417 0.455469 0.090625 0.105729
0 0.887760 0.576042 0.084896 0.105208
0 0.110677 0.598698 0.089063 0.120313
0 0.770833 0.462240 0.072917 0.111979
0 0.797917 0.209896 0.088542 0.091667
0 0.347135 0.268490 0.078646 0.086979
0 0.471615 0.234115 0.090104 0.084896
0 0.088281 0.470833 0.077604 0.116667
0 0.172135 0.719010 0.084896 0.082812
0 0.688542 0.153906 0.100000 0.089063
0 0.620052 0.622656 0.083854 0.075521
0 0.640104 0.404948 0.082292 0.088021
0 0.863021 0.319792 0.095833 0.112500
0 0.561198 0.125781 0.119271 0.088021
0 0.623958 0.868229 0.121875 0.107292
0 0.200260 0.483073 0.078646 0.120313
0 0.494271 0.768229 0.080208 0.056250
0 0.591927 0.751563 0.088021 0.064583
0 0.480990 0.582031 0.086979 0.064062
0 0.436458 0.341927 0.085417 0.078646
0 0.237240 0.610417 0.065104 0.077083
0 0.333333 0.389062 0.060417 0.069792
0 0.585677 0.528385 0.064062 0.070312
0 0.391927 0.534375 0.072396 0.068750
0 0.604688 0.253385 0.126042 0.108854
0 0.677344 0.521875 0.064062 0.092708
0 0.677344 0.692448 0.067187 0.069271
0 0.355990 0.855729 0.110937 0.082292
0 0.384375 0.744792 0.077083 0.066667
0 0.297656 0.479687 0.057813 0.085417
0 0.425521 0.427344 0.069792 0.070312
