0 0.249167 0.810833 0.185000 0.161667
0 0.438333 0.681667 0.123333 0.126667
0 0.857500 0.480000 0.115000 0.140000
0 0.565000 0.680000 0.116667 0.146667
0 0.346667 0.609167 0.140000 0.115000
0 0.434167 0.811667 0.138333 0.110000
0 0.610833 0.890833 0.205000 0.148333
0 0.673333 0.643333 0.116667 0.140000
0 0.893333 0.333333 0.146667 0.173333
0 0.304167 0.487500 0.131667 0.131667
0 0.874167 0.660000 0.131667 0.210000
0 0.755000 0.265833 0.130000 0.125000
0 0.731667 0.760833 0.130000 0.121667
0 0.304167 0.180000 0.148333 0.153333
0 0.696667 0.525000 0.143333 0.106667
0 0.475000 0.185000 0.146667 0.090000
0 0.218333 0.346667 0.106667 0.143333
0 0.197500 0.631667 0.101667 0.146667
0 0.356667 0.379167 0.143333 0.145000
0 0.105000 0.471667 0.153333 0.193333
0 0.643333 0.157500 0.163333 0.145000
0 0.475000 0.335000 0.116667 0.153333
0 0.595000 0.345833 0.096667 0.141667
0 0.700833 0.397500 0.138333 0.118333
