0 0.717500 0.166667 0.201667 0.180000
0 0.543333 0.312500 0.136667 0.138333
0 0.147500 0.557500 0.128333 0.151667
0 0.417500 0.329167 0.131667 0.158333
0 0.640833 0.375833 0.151667 0.128333
0 0.532500 0.183333 0.148333 0.123333
0 0.350000 0.124167 0.220000 0.168333
0 0.313333 0.377500 0.130000 0.151667
0 0.126667 0.707500 0.163333 0.188333
0 0.697500 0.492500 0.145000 0.145000
0 0.111667 0.381667 0.153333 0.223333
0 0.272500 0.759167 0.141667 0.138333
0 0.244167 0.265833 0.141667 0.135000
0 0.728333 0.799167 0.163333 0.168333
0 0.301667 0.497500 0.153333 0.121667
0 0.559167 0.812500 0.155000 0.105000
0 0.795833 0.623333 0.121667 0.153333
0 0.788333 0.338333 0.116667 0.156667
0 0.655833 0.605000 0.158333 0.160000
0 0.896667 0.487500 0.173333 0.208333
0 0.394167 0.857500 0.178333 0.161667
0 0.544167 0.662500 0.131667 0.165000
0 0.422500 0.664167 0.111667 0.151667
0 0.311667 0.624167 0.150000 0.131667
