0 0.173437 0.621875 0.150000 0.190625
0 0.683333 0.593490 0.125000 0.113021
0 0.344531 0.574219 0.130729 0.117188
0 0.536198 0.307292 0.124479 0.135417
0 0.511979 0.900781 0.148958 0.136979
0 0.405469 0.674219 0.115104 0.117188
0 0.784635 0.230208 0.134896 0.134375
0 0.488281 0.102083 0.179688 0.147917
0 0.864844 0.410156 0.138021 0.193229
0 0.696615 0.458073 0.122396 0.105729
0 0.405469 0.332292 0.117188 0.127083
0 0.220052 0.288281 0.123438 0.146354
0 0.244792 0.780469 0.120833 0.119271
0 0.662760 0.338021 0.128646 0.111458
0 0.512760 0.700781 0.110937 0.111979
0 0.341146 0.438021 0.139583 0.116667
0 0.792448 0.749479 0.165104 0.184375
0 0.358073 0.881510 0.122396 0.109896
0 0.330208 0.164583 0.127083 0.098958
0 0.177344 0.445833 0.101562 0.130208
0 0.616667 0.680729 0.103125 0.129167
0 0.663542 0.882031 0.133333 0.099479
0 0.853125 0.580208 0.088542 0.131250
0 0.648698 0.139323 0.131771 0.090104
