0 0.471094 0.141927 0.204687 0.159896
0 0.792708 0.277604 0.150000 0.142708
0 0.456250 0.320573 0.122917 0.138021
0 0.694792 0.425781 0.140625 0.115104
0 0.637240 0.684375 0.113021 0.132292
0 0.115104 0.402604 0.137500 0.155208
0 0.699219 0.840885 0.148438 0.128646
0 0.683333 0.565885 0.138542 0.132812
0 0.304167 0.573958 0.132292 0.113542
0 0.514583 0.676042 0.111458 0.125000
0 0.280469 0.462240 0.117188 0.117188
0 0.648958 0.181510 0.136458 0.113021
0 0.885677 0.580990 0.155729 0.186979
0 0.342448 0.808854 0.124479 0.121875
0 0.510677 0.865625 0.196354 0.134375
0 0.097396 0.557031 0.102083 0.141146
0 0.816927 0.737240 0.106771 0.129688
0 0.344792 0.369010 0.128125 0.121354
0 0.295573 0.183333 0.124479 0.114583
0 0.388542 0.645833 0.120833 0.132292
0 0.186979 0.705469 0.183333 0.185938
0 0.888542 0.410938 0.106250 0.137500
0 0.176563 0.265365 0.107292 0.131771
0 0.600521 0.341667 0.133333 0.150000
