0 0.446354 0.144792 0.194792 0.146875
0 0.776823 0.257812 0.141146 0.133333
0 0.443490 0.323958 0.114062 0.130208
0 0.689063 0.412500 0.133333 0.106250
0 0.649740 0.674740 0.104688 0.125521
0 0.109115 0.429688 0.127604 0.146875
0 0.722396 0.826302 0.140625 0.119271
0 0.687500 0.552604 0.130208 0.123958
0 0.309896 0.587500 0.125000 0.105208
0 0.526823 0.674740 0.103646 0.118229
0 0.278385 0.477865 0.109896 0.109896
0 0.626302 0.171875 0.129688 0.104167
0 0.890104 0.553906 0.143750 0.177604
0 0.364063 0.819010 0.116667 0.114062
0 0.536458 0.864323 0.188542 0.121354
0 0.102083 0.584635 0.092708 0.134896
0 0.833073 0.714583 0.098437 0.122917
0 0.335677 0.380469 0.120313 0.113021
0 0.274219 0.198177 0.117188 0.106771
0 0.398958 0.653125 0.112500 0.125000
0 0.202344 0.726823 0.171354 0.174479
0 0.881510 0.384375 0.097396 0.131250
0 0.160938 0.288542 0.098958 0.125000
0 0.589583 0.335417 0.123958 0.141667
