0 0.416364 0.733750 0.144242 0.217500
0 0.740606 0.717500 0.172121 0.225000
0 0.261212 0.727500 0.178182 0.245000
0 0.576970 0.713750 0.184242 0.247500
0 0.120000 0.710000 0.179394 0.275000
0 0.839394 0.315000 0.175758 0.200000
0 0.670909 0.303750 0.173333 0.227500
0 0.506061 0.301250 0.166061 0.242500
0 0.345455 0.300000 0.176970 0.260000
0 0.176364 0.300000 0.185455 0.270000
0 0.416364 0.733750 0.144242 0.217500
0 0.740606 0.717500 0.172121 0.225000
0 0.261212 0.727500 0.178182 0.245000
0 0.576970 0.713750 0.184242 0.247500
0 0.120000 0.710000 0.179394 0.275000
0 0.839394 0.315000 0.175758 0.200000
0 0.670909 0.303750 0.173333 0.227500
0 0.506061 0.301250 0.166061 0.242500
0 0.345455 0.300000 0.176970 0.260000
0 0.176364 0.300000 0.185455 0.270000
