0 0.252604 0.256597 0.023958 0.022917
0 0.443229 0.223611 0.028125 0.022222
0 0.736458 0.367014 0.006250 0.006250
0 0.738021 0.395833 0.028125 0.012500
0 0.322917 0.465278 0.060417 0.040278
0 0.116146 0.697222 0.028125 0.016667
0 0.643750 0.914583 0.022917 0.019444
0 0.847396 0.722569 0.028125 0.017361
0 0.980729 0.548264 0.038542 0.020139
1 0.181771 0.619097 0.363542 0.268750
1 0.221354 0.743750 0.442708 0.512500
1 0.554688 0.700694 0.473958 0.505556
1 0.672917 0.628125 0.654167 0.436806
1 0.677604 0.540972 0.644792 0.287500
1 0.592708 0.367361 0.539583 0.202778
1 0.551562 0.297917 0.532292 0.301389
1 0.457292 0.274306 0.395833 0.338889
1 0.239063 0.295833 0.338542 0.333333
1 0.153125 0.252083 0.306250 0.455556
1 0.146875 0.395139 0.293750 0.186111
