0 0.103646 0.629514 0.032292 0.013194
0 0.081771 0.499306 0.030208 0.016667
0 0.335417 0.326042 0.008333 0.003472
0 0.378125 0.328819 0.014583 0.017361
0 0.423958 0.612500 0.054167 0.036111
0 0.739583 0.781250 0.020833 0.016667
0 0.878125 0.302083 0.022917 0.016667
0 0.639062 0.189583 0.026042 0.023611
1 0.632812 0.727431 0.363542 0.213194
1 0.728125 0.719097 0.543750 0.228472
1 0.723437 0.492361 0.553125 0.251389
1 0.715104 0.386111 0.569792 0.423611
1 0.588542 0.377431 0.347917 0.427083
1 0.315104 0.420833 0.236458 0.343056
1 0.206771 0.438542 0.390625 0.322917
1 0.195833 0.495833 0.391667 0.222222
1 0.197917 0.643403 0.391667 0.184028
1 0.201042 0.729514 0.395833 0.218750
1 0.292708 0.734028 0.239583 0.206944
