1 0.593125 0.685098 0.178750 0.174321
0 0.352500 0.782568 0.107500 0.071228
0 0.431250 0.712746 0.122500 0.074039
0 0.099375 0.842081 0.053750 0.044049
0 0.302500 0.836926 0.052500 0.031865
0 0.965000 0.314902 0.050000 0.044986
0 0.186875 0.740394 0.056250 0.039363
0 0.657500 0.377226 0.055000 0.139644
0 0.690000 0.483599 0.062500 0.133083
0 0.738125 0.732427 0.048750 0.090909
0 0.051875 0.425023 0.033750 0.045923
0 0.927200 0.566542 0.034400 0.040300
0 0.859375 0.739456 0.036250 0.041237
1 0.723125 0.599344 0.086250 0.242737
0 0.775625 0.812559 0.036250 0.061856
0 0.968125 0.431584 0.023750 0.064667
0 0.972500 0.431584 0.020000 0.060918
1 0.781681 0.207081 0.103362 0.331687
0 0.212500 0.296626 0.025000 0.019681
0 0.058750 0.270384 0.020000 0.008435
0 0.195625 0.300375 0.016250 0.017807
0 0.443125 0.178069 0.033750 0.028116
0 0.417500 0.311621 0.025000 0.019681
0 0.370625 0.252109 0.033750 0.020619
0 0.173750 0.619963 0.042500 0.029053
0 0.177500 0.378875 0.032500 0.026729
0 0.060625 0.577788 0.031250 0.025305
0 0.216875 0.601218 0.036250 0.023430
0 0.182763 0.406518 0.023025 0.022034
0 0.238125 0.339738 0.036250 0.014058
0 0.238125 0.619494 0.026250 0.018744
0 0.281875 0.454077 0.016250 0.010309
0 0.130000 0.579663 0.012500 0.010309
0 0.245625 0.483130 0.016250 0.008435
0 0.065625 0.641518 0.011250 0.008435
0 0.173125 0.490159 0.011250 0.009372
0 0.298750 0.440019 0.017500 0.010309
0 0.317500 0.424086 0.017500 0.010309
0 0.263750 0.468135 0.017500 0.008435
0 0.431875 0.356139 0.033750 0.028116
0 0.545000 0.640581 0.020000 0.014058
0 0.371250 0.380037 0.017500 0.010309
0 0.452500 0.541237 0.015000 0.012184
0 0.389375 0.364105 0.016250 0.010309
0 0.352500 0.394564 0.015000 0.009372
0 0.338125 0.408622 0.011250 0.009372
0 0.810000 0.591846 0.015000 0.015933
0 0.911250 0.611528 0.030000 0.034677
0 0.807500 0.655576 0.010000 0.010309
0 0.746250 0.589503 0.015000 0.011246
0 0.984375 0.493908 0.026250 0.043112
0 0.900000 0.452202 0.015000 0.015933
0 0.895000 0.486410 0.010000 0.016870
0 0.908750 0.379100 0.020000 0.021556
0 0.974375 0.447985 0.018750 0.029991
0 0.678125 0.612465 0.023750 0.012184
0 0.710000 0.604499 0.020000 0.026242
0 0.885000 0.624649 0.012500 0.008435
0 0.013125 0.723993 0.026250 0.023430
0 0.256250 0.895501 0.020000 0.012184
0 0.847500 0.697282 0.010000 0.007498
0 0.856875 0.816776 0.033750 0.030928
0 0.824375 0.806467 0.008750 0.008435
0 0.864375 0.871134 0.013750 0.017807
0 0.908919 0.672723 0.015337 0.037104
0 0.876875 0.723993 0.008750 0.010309
0 0.900362 0.212263 0.020725 0.027151
0 0.911794 0.230933 0.016087 0.021378
0 0.885294 0.185637 0.005587 0.011387
0 0.919731 0.291129 0.021962 0.021809
0 0.908394 0.300244 0.009287 0.006298
0 0.904012 0.308257 0.010525 0.018575
0 0.908044 0.341631 0.016087 0.040337
0 0.911762 0.391345 0.021025 0.014180
0 0.910563 0.411795 0.008625 0.013843
0 0.905569 0.415487 0.011137 0.011856
0 0.885194 0.540544 0.022887 0.022043
0 0.883650 0.523421 0.014800 0.017788
0 0.895563 0.524499 0.008625 0.014321
0 0.889644 0.569766 0.009287 0.013008
0 0.889181 0.583379 0.008363 0.010244
0 0.884494 0.594292 0.008988 0.007704
0 0.876356 0.608552 0.010212 0.013730
0 0.884169 0.634794 0.010837 0.011856
0 0.882781 0.647235 0.008063 0.008622
0 0.882637 0.656978 0.005275 0.005614
0 0.895375 0.661739 0.018250 0.022634
0 0.922581 0.646963 0.015163 0.034321
0 0.885150 0.679822 0.030300 0.043805
0 0.873725 0.762835 0.007450 0.013018
1 0.823219 0.445305 0.121438 0.112727
1 0.795600 0.374606 0.166200 0.218754
0 0.640625 0.309321 0.021250 0.018828
0 0.546400 0.251181 0.015300 0.016888
0 0.541331 0.239602 0.020162 0.014349
0 0.137275 0.262985 0.029550 0.018004
0 0.177569 0.365703 0.017638 0.013505
0 0.199763 0.413697 0.012025 0.015773
0 0.088394 0.457498 0.031787 0.034021
0 0.654137 0.865426 0.005775 0.012015
