1 0.242500 0.539831 0.257500 0.159325
0 0.150625 0.347235 0.111250 0.090909
0 0.230625 0.415651 0.116250 0.102156
0 0.111875 0.149953 0.066250 0.046860
0 0.087500 0.301312 0.050000 0.044049
0 0.671250 0.873946 0.067500 0.044049
0 0.233125 0.231022 0.061250 0.047798
0 0.637500 0.635895 0.192500 0.062793
0 0.492500 0.643861 0.185000 0.067479
0 0.157500 0.640112 0.127500 0.050609
0 0.669375 0.179944 0.066250 0.031865
0 0.346875 0.805998 0.058750 0.031865
0 0.128750 0.729147 0.060000 0.033739
1 0.334375 0.649953 0.333750 0.102156
0 0.045000 0.655576 0.087500 0.036551
0 0.516875 0.857545 0.088750 0.028116
0 0.516875 0.861293 0.083750 0.024367
1 0.787500 0.748360 0.342500 0.115276
0 0.813750 0.319119 0.030000 0.021556
0 0.871875 0.209466 0.013750 0.015933
0 0.810625 0.306467 0.026250 0.014995
0 0.933750 0.508435 0.042500 0.029053
0 0.761250 0.469072 0.030000 0.021556
0 0.847500 0.443299 0.032500 0.028116
0 0.393750 0.239925 0.045000 0.035614
0 0.710625 0.280225 0.041250 0.028116
0 0.466875 0.162605 0.038750 0.027179
0 0.411875 0.275070 0.036250 0.030928
0 0.673125 0.279288 0.033750 0.020619
0 0.751875 0.331303 0.023750 0.029053
0 0.384375 0.287723 0.028750 0.022493
0 0.594375 0.346298 0.016250 0.014058
0 0.453750 0.213683 0.015000 0.011246
0 0.561875 0.314902 0.013750 0.013121
0 0.381250 0.156514 0.012500 0.009372
0 0.564375 0.259606 0.013750 0.009372
0 0.610625 0.360825 0.016250 0.014995
0 0.629375 0.376757 0.016250 0.014995
0 0.579375 0.330366 0.013750 0.014058
0 0.700000 0.471884 0.042500 0.029053
0 0.308125 0.511715 0.021250 0.016870
0 0.678125 0.423618 0.016250 0.014995
0 0.453125 0.458294 0.018750 0.013121
0 0.696875 0.440019 0.016250 0.014058
0 0.662500 0.407216 0.015000 0.012184
0 0.645625 0.394564 0.013750 0.009372
0 0.330625 0.715558 0.023750 0.014058
0 0.288750 0.787723 0.050000 0.027179
0 0.247500 0.703843 0.015000 0.009372
0 0.343750 0.668229 0.017500 0.013121
0 0.433125 0.859419 0.061250 0.026242
0 0.500625 0.803655 0.023750 0.014058
0 0.456875 0.795220 0.023750 0.010309
0 0.595625 0.821462 0.031250 0.017807
0 0.495000 0.859419 0.042500 0.018744
0 0.323750 0.614339 0.020000 0.019681
0 0.330000 0.639175 0.037500 0.018744
0 0.276250 0.766167 0.012500 0.010309
0 0.281250 0.104499 0.035000 0.023430
0 0.185625 0.726804 0.011250 0.008435
0 0.026875 0.715089 0.046250 0.029991
0 0.046250 0.692596 0.012500 0.007498
0 0.208125 0.776007 0.051250 0.016870
0 0.146250 0.744611 0.015000 0.008435
0 0.816875 0.842081 0.038750 0.019681
0 0.790625 0.847235 0.031250 0.014995
0 0.853750 0.835052 0.015000 0.005623
0 0.710000 0.843955 0.032500 0.019681
0 0.700000 0.834114 0.010000 0.007498
0 0.689375 0.828960 0.026250 0.010309
0 0.645625 0.827554 0.056250 0.018744
0 0.579375 0.821462 0.021250 0.017807
0 0.552500 0.817713 0.020000 0.008435
0 0.548750 0.813964 0.017500 0.010309
0 0.386875 0.778819 0.033750 0.020619
0 0.409375 0.780225 0.026250 0.014058
0 0.406250 0.789597 0.020000 0.008435
0 0.348125 0.778351 0.018750 0.008435
0 0.330000 0.775539 0.015000 0.008435
0 0.316875 0.770384 0.011250 0.007498
0 0.298750 0.761949 0.020000 0.009372
0 0.262500 0.763355 0.017500 0.010309
0 0.246250 0.760544 0.012500 0.006560
0 0.233125 0.758669 0.008750 0.004686
0 0.225000 0.768041 0.032500 0.017807
0 0.240000 0.790066 0.047500 0.016870
0 0.202500 0.757732 0.062500 0.029053
0 0.095625 0.735708 0.018750 0.007498
1 0.522500 0.748360 0.167500 0.107779
1 0.619375 0.738519 0.313750 0.157451
0 0.730000 0.634489 0.027500 0.018744
0 0.821250 0.573102 0.025000 0.014058
0 0.836875 0.571696 0.021250 0.016870
0 0.869375 0.268510 0.028750 0.025305
0 0.727500 0.283037 0.020000 0.014995
0 0.660000 0.291940 0.022500 0.012184
0 0.620625 0.201500 0.048750 0.028116
1 0.242500 0.539831 0.257500 0.159325
0 0.150625 0.347235 0.111250 0.090909
0 0.230625 0.415651 0.116250 0.102156
0 0.111875 0.149953 0.066250 0.046860
0 0.087500 0.301312 0.050000 0.044049
0 0.671250 0.873946 0.067500 0.044049
0 0.233125 0.231022 0.061250 0.047798
0 0.637500 0.635895 0.192500 0.062793
0 0.492500 0.643861 0.185000 0.067479
0 0.157500 0.640112 0.127500 0.050609
0 0.669375 0.179944 0.066250 0.031865
0 0.346875 0.805998 0.058750 0.031865
0 0.128750 0.729147 0.060000 0.033739
1 0.334375 0.649953 0.333750 0.102156
0 0.045000 0.655576 0.087500 0.036551
0 0.516875 0.857545 0.088750 0.028116
0 0.516875 0.861293 0.083750 0.024367
1 0.787500 0.748360 0.342500 0.115276
0 0.813750 0.319119 0.030000 0.021556
0 0.871875 0.209466 0.013750 0.015933
0 0.810625 0.306467 0.026250 0.014995
0 0.933750 0.508435 0.042500 0.029053
0 0.761250 0.469072 0.030000 0.021556
0 0.847500 0.443299 0.032500 0.028116
0 0.393750 0.239925 0.045000 0.035614
0 0.710625 0.280225 0.041250 0.028116
0 0.466875 0.162605 0.038750 0.027179
0 0.411875 0.275070 0.036250 0.030928
0 0.673125 0.279288 0.033750 0.020619
0 0.751875 0.331303 0.023750 0.029053
0 0.384375 0.287723 0.028750 0.022493
0 0.594375 0.346298 0.016250 0.014058
0 0.453750 0.213683 0.015000 0.011246
0 0.561875 0.314902 0.013750 0.013121
0 0.381250 0.156514 0.012500 0.009372
0 0.564375 0.259606 0.013750 0.009372
0 0.610625 0.360825 0.016250 0.014995
0 0.629375 0.376757 0.016250 0.014995
0 0.579375 0.330366 0.013750 0.014058
0 0.700000 0.471884 0.042500 0.029053
0 0.308125 0.511715 0.021250 0.016870
0 0.678125 0.423618 0.016250 0.014995
0 0.453125 0.458294 0.018750 0.013121
0 0.696875 0.440019 0.016250 0.014058
0 0.662500 0.407216 0.015000 0.012184
0 0.645625 0.394564 0.013750 0.009372
0 0.330625 0.715558 0.023750 0.014058
0 0.288750 0.787723 0.050000 0.027179
0 0.247500 0.703843 0.015000 0.009372
0 0.343750 0.668229 0.017500 0.013121
0 0.433125 0.859419 0.061250 0.026242
0 0.500625 0.803655 0.023750 0.014058
0 0.456875 0.795220 0.023750 0.010309
0 0.595625 0.821462 0.031250 0.017807
0 0.495000 0.859419 0.042500 0.018744
0 0.323750 0.614339 0.020000 0.019681
0 0.330000 0.639175 0.037500 0.018744
0 0.276250 0.766167 0.012500 0.010309
0 0.281250 0.104499 0.035000 0.023430
0 0.185625 0.726804 0.011250 0.008435
0 0.026875 0.715089 0.046250 0.029991
0 0.046250 0.692596 0.012500 0.007498
0 0.208125 0.776007 0.051250 0.016870
0 0.146250 0.744611 0.015000 0.008435
0 0.816875 0.842081 0.038750 0.019681
0 0.790625 0.847235 0.031250 0.014995
0 0.853750 0.835052 0.015000 0.005623
0 0.710000 0.843955 0.032500 0.019681
0 0.700000 0.834114 0.010000 0.007498
0 0.689375 0.828960 0.026250 0.010309
0 0.645625 0.827554 0.056250 0.018744
0 0.579375 0.821462 0.021250 0.017807
0 0.552500 0.817713 0.020000 0.008435
0 0.548750 0.813964 0.017500 0.010309
0 0.386875 0.778819 0.033750 0.020619
0 0.409375 0.780225 0.026250 0.014058
0 0.406250 0.789597 0.020000 0.008435
0 0.348125 0.778351 0.018750 0.008435
0 0.330000 0.775539 0.015000 0.008435
0 0.316875 0.770384 0.011250 0.007498
0 0.298750 0.761949 0.020000 0.009372
0 0.262500 0.763355 0.017500 0.010309
0 0.246250 0.760544 0.012500 0.006560
0 0.233125 0.758669 0.008750 0.004686
0 0.225000 0.768041 0.032500 0.017807
0 0.240000 0.790066 0.047500 0.016870
0 0.202500 0.757732 0.062500 0.029053
0 0.095625 0.735708 0.018750 0.007498
1 0.522500 0.748360 0.167500 0.107779
1 0.619375 0.738519 0.313750 0.157451
0 0.730000 0.634489 0.027500 0.018744
0 0.821250 0.573102 0.025000 0.014058
0 0.836875 0.571696 0.021250 0.016870
0 0.869375 0.268510 0.028750 0.025305
0 0.727500 0.283037 0.020000 0.014995
0 0.660000 0.291940 0.022500 0.012184
0 0.620625 0.201500 0.048750 0.028116
