0 0.194000 0.278000 0.198667 0.204000
0 0.756667 0.816000 0.198667 0.202667
0 0.176667 0.677333 0.222667 0.192000
0 0.404000 0.845333 0.133333 0.213333
0 0.834000 0.703333 0.185333 0.185333
0 0.812000 0.256667 0.194667 0.198667
0 0.132667 0.559333 0.190667 0.172000
0 0.324000 0.163333 0.208000 0.196000
0 0.266667 0.783333 0.184000 0.193333
0 0.582000 0.846000 0.177333 0.196000
0 0.874667 0.396000 0.189333 0.141333
0 0.878000 0.536667 0.161333 0.129333
0 0.654667 0.172000 0.170667 0.197333
0 0.146000 0.412000 0.172000 0.130667
0 0.483333 0.118667 0.150667 0.213333
