0 0.838667 0.605333 0.144000 0.165333
0 0.494000 0.131333 0.172000 0.164000
0 0.476667 0.691333 0.137333 0.150667
0 0.638667 0.861333 0.173333 0.176000
0 0.807333 0.283333 0.161333 0.166667
0 0.780000 0.756000 0.165333 0.165333
0 0.336667 0.844667 0.161333 0.169333
0 0.484667 0.872667 0.132000 0.137333
0 0.169333 0.432667 0.152000 0.137333
0 0.218667 0.282667 0.162667 0.154667
0 0.223333 0.724000 0.166667 0.165333
0 0.630667 0.349333 0.160000 0.170667
0 0.460000 0.322667 0.152000 0.157333
0 0.348667 0.450000 0.132000 0.132000
0 0.334000 0.186667 0.145333 0.162667
0 0.672000 0.163333 0.162667 0.180000
0 0.366667 0.588000 0.138667 0.120000
0 0.158667 0.584000 0.157333 0.133333
0 0.853333 0.437333 0.160000 0.162667
0 0.672667 0.501333 0.129333 0.122667
0 0.628000 0.650000 0.154667 0.140000
