0 0.820000 0.518276 0.075000 0.054358
0 0.647500 0.484536 0.095000 0.071228
0 0.896875 0.477038 0.078750 0.061856
0 0.462500 0.215089 0.025000 0.017807
0 0.734375 0.641518 0.081250 0.060918
0 0.653750 0.774602 0.080000 0.053421
0 0.133125 0.441893 0.023750 0.015933
0 0.118125 0.076851 0.018750 0.014995
0 0.210625 0.349110 0.023750 0.017807
0 0.618750 0.428304 0.082500 0.059981
0 0.609375 0.148547 0.023750 0.017807
0 0.235625 0.372071 0.023750 0.016870
0 0.006875 0.729147 0.013750 0.018744
0 0.599375 0.388004 0.038750 0.029991
0 0.494375 0.506560 0.076250 0.072165
0 0.426875 0.177132 0.023750 0.018744
0 0.480625 0.587629 0.086250 0.091846
0 0.530625 0.265230 0.013750 0.011246
0 0.293750 0.280694 0.022500 0.023430
0 0.050000 0.474227 0.022500 0.014995
0 0.266250 0.294283 0.022500 0.018744
0 0.020000 0.687910 0.022500 0.016870
0 0.395000 0.463918 0.022500 0.016870
0 0.166250 0.912840 0.037500 0.028116
0 0.242500 0.916120 0.110000 0.055295
0 0.011875 0.807873 0.023750 0.024367
0 0.086875 0.807404 0.026250 0.014058
0 0.108750 0.802249 0.012500 0.011246
0 0.117500 0.797563 0.015000 0.013121
0 0.286875 0.796626 0.011250 0.009372
0 0.225625 0.669166 0.016250 0.013121
0 0.383125 0.705717 0.016250 0.011246
0 0.170625 0.612465 0.008750 0.012184
0 0.157500 0.550609 0.012500 0.012184
0 0.393750 0.592784 0.015000 0.008435
0 0.235625 0.469541 0.016250 0.016870
0 0.253125 0.470478 0.021250 0.016870
0 0.244375 0.460637 0.011250 0.014058
0 0.028750 0.417526 0.010000 0.014058
0 0.035625 0.424086 0.016250 0.008435
0 0.281875 0.383786 0.013750 0.017807
0 0.290625 0.386598 0.023750 0.019681
0 0.386250 0.460169 0.020000 0.016870
0 0.311875 0.280694 0.018750 0.017807
0 0.166875 0.275539 0.116250 0.084349
0 0.169375 0.222587 0.101250 0.096532
0 0.120000 0.169166 0.085000 0.092784
0 0.287500 0.050609 0.012500 0.013121
0 0.405000 0.104967 0.020000 0.016870
0 0.541875 0.343955 0.021250 0.011246
0 0.810000 0.291003 0.020000 0.012184
0 0.480000 0.455014 0.025000 0.021556
0 0.503750 0.456420 0.025000 0.022493
0 0.519375 0.609185 0.023750 0.024367
0 0.442500 0.823336 0.015000 0.012184
0 0.479375 0.822399 0.011250 0.010309
0 0.486250 0.823805 0.012500 0.011246
0 0.711875 0.908622 0.038750 0.021556
0 0.813125 0.856607 0.038750 0.020619
0 0.595625 0.957826 0.018750 0.018744
0 0.396875 0.944236 0.011250 0.008435
