0 0.179375 0.507498 0.068750 0.049672
0 0.355625 0.527179 0.086250 0.064667
0 0.109375 0.553889 0.071250 0.056232
0 0.577500 0.780225 0.022500 0.015933
0 0.248125 0.378163 0.073750 0.055295
0 0.309375 0.239456 0.073750 0.047798
0 0.873750 0.529053 0.022500 0.014058
0 0.939712 0.890783 0.016925 0.013993
0 0.809375 0.627460 0.021250 0.015933
0 0.392500 0.581068 0.075000 0.054358
0 0.440869 0.858187 0.021737 0.016279
0 0.781875 0.607310 0.021250 0.014995
0 0.963750 0.232427 0.022500 0.016870
0 0.417500 0.619025 0.035000 0.027179
0 0.506250 0.493908 0.067500 0.067479
0 0.618125 0.815384 0.021250 0.016898
0 0.507269 0.412371 0.074538 0.086223
0 0.502800 0.736242 0.013100 0.010440
0 0.736162 0.702437 0.019825 0.021556
0 0.951875 0.490159 0.021250 0.013121
0 0.762500 0.686036 0.020000 0.016870
0 0.951250 0.276476 0.020000 0.014995
0 0.610056 0.528632 0.020112 0.015089
0 0.040875 0.913575 0.021750 0.010843
0 0.774350 0.063238 0.033700 0.025258
0 0.698088 0.066218 0.103675 0.048088
0 0.946856 0.154620 0.031212 0.022455
0 0.868569 0.161560 0.024637 0.011968
0 0.846988 0.168440 0.011475 0.010731
0 0.839063 0.174049 0.013125 0.012577
0 0.671388 0.188754 0.010275 0.008247
0 0.995512 0.234611 0.008525 0.017488
0 0.749894 0.310876 0.014788 0.012568
0 0.587400 0.286387 0.014800 0.010450
0 0.812638 0.362601 0.007775 0.011050
0 0.833238 0.422718 0.011475 0.011321
0 0.593031 0.399321 0.013562 0.007638
0 0.768225 0.509545 0.013950 0.016279
0 0.750319 0.509396 0.018138 0.015979
0 0.759713 0.519405 0.009425 0.013505
0 0.980337 0.545337 0.008175 0.012887
0 0.972788 0.539752 0.015575 0.007338
0 0.733244 0.598889 0.011487 0.016898
0 0.724262 0.596542 0.021025 0.017826
0 0.619044 0.530961 0.018087 0.015998
0 0.718006 0.703697 0.016012 0.016579
0 0.862900 0.697385 0.105800 0.077057
0 0.867169 0.749930 0.089338 0.090300
0 0.924300 0.800094 0.073600 0.087535
0 0.774487 0.930211 0.011475 0.012249
0 0.650288 0.885056 0.018075 0.015661
0 0.479856 0.658144 0.019713 0.009822
0 0.220906 0.731556 0.019312 0.010440
0 0.526500 0.543261 0.023000 0.019981
0 0.502750 0.543725 0.023000 0.020909
0 0.466725 0.392840 0.020950 0.022793
0 0.512081 0.173482 0.014162 0.011443
0 0.476463 0.178121 0.010425 0.009475
0 0.469150 0.176809 0.010800 0.010600
0 0.233131 0.109799 0.036263 0.019035
0 0.137950 0.170000 0.035900 0.017601
0 0.341963 0.052723 0.016425 0.017348
0 0.541088 0.050769 0.009675 0.007816
