0 0.874475 0.471120 0.058950 0.048144
0 0.705625 0.527179 0.053750 0.038425
0 0.289375 0.537559 0.048750 0.021696
0 0.644375 0.544049 0.063750 0.042174
0 0.923750 0.370197 0.057500 0.039363
0 0.824375 0.599813 0.066250 0.037488
0 0.771250 0.448922 0.042500 0.029991
0 0.321250 0.370665 0.055000 0.027179
0 0.528094 0.472676 0.071188 0.060628
0 0.255625 0.482193 0.066250 0.049672
0 0.558200 0.436893 0.053900 0.037798
0 0.935000 0.566181 0.040000 0.028332
0 0.748125 0.666823 0.041250 0.021556
0 0.815625 0.572165 0.036250 0.023430
0 0.378481 0.461575 0.054462 0.029053
0 0.390981 0.489691 0.059463 0.025305
0 0.096381 0.373482 0.040262 0.023440
0 0.193125 0.563978 0.036250 0.014555
0 0.121381 0.483411 0.032762 0.023993
0 0.626694 0.594142 0.043388 0.033646
0 0.082250 0.431589 0.037000 0.019691
0 0.150388 0.520811 0.040775 0.016317
0 0.452500 0.548266 0.040000 0.024367
0 0.068750 0.410965 0.042500 0.021556
0 0.169375 0.440019 0.058750 0.030928
0 0.225669 0.451087 0.083837 0.054939
0 0.853912 0.685286 0.015325 0.009747
0 0.398750 0.596064 0.017500 0.011246
0 0.012025 0.406172 0.016550 0.006345
0 0.131538 0.502901 0.038075 0.019859
0 0.017763 0.478252 0.013025 0.009925
0 0.003900 0.489630 0.007800 0.010187
0 0.002644 0.536443 0.005288 0.011968
0 0.294531 0.515792 0.036562 0.030647
0 0.199756 0.420520 0.012012 0.006926
0 0.309737 0.570333 0.021975 0.006645
0 0.314781 0.563777 0.012063 0.006654
0 0.251038 0.618997 0.012075 0.006504
0 0.301094 0.637390 0.009687 0.007676
0 0.245575 0.663065 0.013650 0.008416
0 0.214737 0.669475 0.021975 0.008116
0 0.089825 0.637596 0.014650 0.011837
0 0.115437 0.623875 0.010875 0.005014
0 0.172838 0.615127 0.010675 0.008135
0 0.076688 0.642329 0.010875 0.010056
0 0.105338 0.577966 0.010675 0.010665
0 0.011594 0.596082 0.010688 0.007535
0 0.006200 0.601139 0.009900 0.008276
0 0.545975 0.652062 0.034450 0.020150
0 0.646637 0.612502 0.060775 0.029128
0 0.641256 0.603585 0.007513 0.007545
0 0.401163 0.423791 0.027325 0.007844
0 0.533744 0.362652 0.039987 0.028022
0 0.832069 0.652948 0.016637 0.010675
0 0.910356 0.493472 0.068212 0.034742
0 0.995794 0.460703 0.009088 0.012315
0 0.987231 0.412212 0.014462 0.009053
0 0.991731 0.337104 0.015963 0.008791
1 0.954375 0.326551 0.053750 0.023299
0 0.899444 0.337198 0.011388 0.003355
