0 0.468750 0.701968 0.087500 0.059981
0 0.490000 0.465792 0.075000 0.050609
0 0.511250 0.605904 0.075000 0.049672
0 0.540000 0.365042 0.050000 0.057170
0 0.504375 0.744611 0.068750 0.057170
0 0.630625 0.656982 0.086250 0.088097
0 0.356250 0.334583 0.085000 0.046860
0 0.398869 0.563618 0.055237 0.041949
0 0.558750 0.842081 0.030000 0.021556
0 0.632375 0.086659 0.057250 0.047732
0 0.596950 0.039007 0.051400 0.042399
0 0.954781 0.350389 0.049562 0.029738
0 0.068125 0.100726 0.078750 0.077741
0 0.327650 0.093425 0.040300 0.053768
0 0.745000 0.301312 0.122500 0.094658
0 0.833750 0.593721 0.045000 0.029053
0 0.658125 0.410028 0.096250 0.096532
0 0.740625 0.415651 0.106250 0.092784
0 0.353287 0.091036 0.029075 0.041490
0 0.432469 0.069011 0.072438 0.068669
0 0.604831 0.129724 0.024663 0.030769
0 0.985144 0.417919 0.030288 0.037338
0 0.889969 0.544128 0.094938 0.089194
0 0.896931 0.550183 0.021362 0.022577
0 0.889275 0.660979 0.118550 0.120459
0 0.793475 0.782943 0.049450 0.030740
0 0.767912 0.778646 0.020825 0.018397
0 0.690600 0.790028 0.018700 0.013046
0 0.471125 0.877957 0.042250 0.055820
0 0.501063 0.963650 0.029625 0.022896
0 0.558312 0.649770 0.029125 0.015567
0 0.376306 0.582043 0.035112 0.022568
0 0.235881 0.484044 0.036763 0.023383
0 0.580006 0.464620 0.017513 0.016401
0 0.193750 0.398758 0.050000 0.040253
0 0.053838 0.421251 0.107675 0.124602
0 0.113719 0.751804 0.049938 0.037816
0 0.149419 0.810853 0.048837 0.034077
0 0.011838 0.870037 0.023675 0.024986
0 0.156794 0.319236 0.168588 0.136129
