0 0.613125 0.559155 0.123750 0.091080
0 0.210000 0.407981 0.092500 0.049765
0 0.523750 0.694836 0.080000 0.065728
0 0.616250 0.634272 0.085000 0.061033
0 0.386250 0.670423 0.087500 0.075117
0 0.255625 0.743662 0.051250 0.041315
0 0.070625 0.584977 0.043750 0.031925
0 0.128125 0.582629 0.051250 0.038498
0 0.573125 0.673709 0.046250 0.032864
0 0.784375 0.784507 0.066250 0.040376
0 0.924375 0.669484 0.036250 0.031925
0 0.886250 0.767606 0.037500 0.032864
0 0.693125 0.744601 0.051250 0.054460
0 0.685625 0.346479 0.083750 0.026291
0 0.888125 0.538028 0.053750 0.043192
0 0.790000 0.687793 0.230000 0.149296
0 0.750000 0.376526 0.077500 0.028169
0 0.545625 0.455869 0.051250 0.036620
0 0.817500 0.473239 0.057500 0.020657
0 0.268125 0.433333 0.046250 0.021596
0 0.750000 0.777465 0.020000 0.013146
0 0.763750 0.858685 0.015000 0.015962
0 0.785625 0.655399 0.028750 0.024413
0 0.561875 0.868545 0.036250 0.011268
0 0.635625 0.791549 0.028750 0.020657
0 0.610625 0.800000 0.021250 0.015023
0 0.657500 0.667606 0.017500 0.015023
0 0.098750 0.750704 0.035000 0.029108
0 0.098125 0.724883 0.016250 0.011268
0 0.816250 0.591080 0.042500 0.025352
0 0.846875 0.484507 0.046250 0.020657
0 0.815625 0.639906 0.036250 0.023474
0 0.647500 0.351643 0.015000 0.019718
0 0.635625 0.465728 0.031250 0.013146
0 0.658125 0.482160 0.018750 0.014085
0 0.457500 0.424413 0.022500 0.011268
0 0.036250 0.561033 0.040000 0.025352
0 0.056250 0.394836 0.027500 0.021596
0 0.049375 0.362911 0.016250 0.010329
0 0.125625 0.473709 0.011250 0.012207
0 0.004375 0.449765 0.008750 0.007512
0 0.326875 0.553521 0.016250 0.012207
0 0.078750 0.276995 0.032500 0.022535
0 0.065625 0.326291 0.026250 0.019718
0 0.098750 0.323474 0.015000 0.010329
0 0.697500 0.734742 0.015000 0.014085
0 0.563750 0.877465 0.030000 0.010329
0 0.078750 0.425352 0.060000 0.030047
0 0.092500 0.414554 0.067500 0.030986
0 0.071875 0.450704 0.143750 0.030047
