0 0.393125 0.435211 0.116250 0.085446
0 0.780625 0.607512 0.088750 0.045070
0 0.495000 0.304225 0.075000 0.061972
0 0.396250 0.360094 0.080000 0.057277
0 0.629456 0.336023 0.081412 0.071108
0 0.766250 0.269953 0.047500 0.038498
0 0.936875 0.437559 0.041250 0.030047
0 0.880000 0.437559 0.047500 0.035681
0 0.443125 0.323474 0.043750 0.030986
0 0.242500 0.200939 0.062500 0.037559
0 0.093125 0.308920 0.033750 0.030047
0 0.140000 0.212676 0.035000 0.030986
0 0.329456 0.246047 0.046413 0.052657
0 0.300625 0.643192 0.081250 0.022535
0 0.116513 0.441911 0.050525 0.040629
0 0.228625 0.298089 0.217250 0.137962
0 0.240000 0.610329 0.075000 0.024413
0 0.450625 0.541784 0.048750 0.033803
0 0.180625 0.510329 0.056250 0.017840
0 0.724844 0.578770 0.044687 0.019512
0 0.276875 0.210798 0.018750 0.012207
0 0.270625 0.128638 0.013750 0.015023
0 0.229587 0.330169 0.026675 0.023718
0 0.472500 0.129756 0.035000 0.009746
0 0.392500 0.202347 0.027500 0.019718
0 0.417500 0.194836 0.020000 0.014085
0 0.359375 0.324413 0.016250 0.014085
0 0.923750 0.270892 0.032500 0.027230
0 0.922500 0.297183 0.015000 0.010329
0 0.193612 0.392958 0.039725 0.023474
0 0.152500 0.497653 0.045000 0.018779
0 0.198125 0.344131 0.033750 0.021596
0 0.339375 0.640376 0.013750 0.018779
0 0.361250 0.527700 0.030000 0.011268
0 0.341250 0.509859 0.017500 0.013146
0 0.535625 0.577934 0.021250 0.010329
0 0.968750 0.463380 0.037500 0.023474
0 0.933125 0.628169 0.026250 0.020657
0 0.937500 0.661033 0.015000 0.009390
0 0.871250 0.546479 0.010000 0.011268
0 0.990625 0.575587 0.008750 0.007512
0 0.677500 0.456338 0.015000 0.011268
0 0.899375 0.744601 0.031250 0.020657
0 0.917500 0.696714 0.025000 0.018779
0 0.884375 0.697653 0.013750 0.009390
0 0.325525 0.255545 0.013550 0.013437
0 0.471594 0.120502 0.028188 0.008141
0 0.913456 0.596638 0.056913 0.027080
0 0.898775 0.606127 0.065050 0.027277
0 0.925863 0.570925 0.149225 0.022601
