0 0.803750 0.797563 0.097500 0.076851
1 0.651250 0.335520 0.237500 0.099344
0 0.837500 0.855201 0.047500 0.040300
1 0.121875 0.465323 0.053750 0.068416
0 0.719375 0.783505 0.043750 0.035614
0 0.231875 0.588566 0.046250 0.058107
0 0.775625 0.866917 0.058750 0.046860
1 0.308125 0.413308 0.076250 0.076851
1 0.033125 0.447985 0.066250 0.136832
0 0.580000 0.580131 0.042500 0.037488
0 0.890625 0.842081 0.041250 0.032802
0 0.896875 0.737582 0.026250 0.013121
0 0.622500 0.369260 0.047500 0.018744
0 0.473750 0.442362 0.030000 0.029991
0 0.622500 0.357076 0.030000 0.013121
0 0.503125 0.433927 0.036250 0.011246
0 0.148125 0.588566 0.036250 0.026242
0 0.032500 0.506092 0.037500 0.024367
0 0.430000 0.160731 0.050000 0.021556
0 0.485000 0.212746 0.040000 0.016870
1 0.052500 0.252577 0.025000 0.036551
1 0.975000 0.565136 0.050000 0.076851
1 0.561875 0.521556 0.158750 0.077788
1 0.036250 0.557170 0.072500 0.040300
1 0.121250 0.624180 0.242500 0.065604
1 0.741875 0.649485 0.418750 0.322399
1 0.713750 0.592315 0.487500 0.382381
1 0.976875 0.375351 0.046250 0.096532
0 0.362500 0.313964 0.035000 0.031865
0 0.596875 0.323805 0.023750 0.008435
0 0.562500 0.316776 0.015000 0.020619
0 0.511875 0.443768 0.031250 0.014058
0 0.506875 0.489691 0.011250 0.006560
0 0.520000 0.491097 0.012500 0.005623
0 0.576875 0.502343 0.011250 0.003749
0 0.520000 0.611059 0.022500 0.020619
0 0.548125 0.676664 0.016250 0.016870
