0 0.144375 0.237582 0.086250 0.068416
1 0.381250 0.678538 0.225000 0.076851
0 0.100394 0.183140 0.040788 0.036382
1 0.881250 0.495220 0.042500 0.064480
0 0.230625 0.242737 0.038750 0.031865
0 0.749375 0.384724 0.036250 0.055295
0 0.159375 0.165417 0.051250 0.042174
1 0.706875 0.566073 0.063750 0.071228
1 0.975281 0.502315 0.050563 0.133027
0 0.406875 0.429241 0.036250 0.033739
0 0.049375 0.201968 0.036250 0.029053
0 0.063750 0.305998 0.025000 0.010309
0 0.403750 0.642455 0.045000 0.014058
0 0.537500 0.554358 0.025000 0.027179
0 0.405625 0.654639 0.028750 0.010309
0 0.509744 0.565918 0.034487 0.007188
0 0.832500 0.375351 0.032500 0.023430
0 0.961875 0.445173 0.033750 0.020619
0 0.632500 0.828491 0.047500 0.016870
0 0.567500 0.783505 0.037500 0.013121
1 0.989375 0.698688 0.018750 0.034677
1 0.018306 0.484948 0.036612 0.073927
1 0.435931 0.485084 0.149362 0.062952
1 0.957550 0.393454 0.085100 0.031518
1 0.866538 0.335895 0.268075 0.038238
1 0.233363 0.377671 0.369225 0.286739
1 0.270819 0.430394 0.429138 0.341575
1 0.033044 0.675061 0.066087 0.090515
0 0.671075 0.670469 0.029650 0.028847
0 0.437287 0.684686 0.022075 0.006673
0 0.471769 0.688149 0.011038 0.019222
0 0.499688 0.557479 0.029375 0.010928
0 0.495262 0.510665 0.010525 0.005398
0 0.481788 0.511120 0.011075 0.004433
0 0.423038 0.506607 0.011075 0.002905
0 0.459637 0.392465 0.019275 0.018294
0 0.419331 0.330328 0.013662 0.015858
