1 0.471250 0.603093 0.252500 0.141518
1 0.605000 0.502343 0.255000 0.131209
1 0.055000 0.391284 0.097500 0.109653
1 0.047500 0.481256 0.095000 0.109653
1 0.124375 0.535145 0.153750 0.110590
0 0.950625 0.721181 0.046250 0.072165
1 0.563750 0.728679 0.260000 0.145267
1 0.982500 0.395033 0.035000 0.109653
0 0.526875 0.395033 0.096250 0.068416
0 0.688125 0.297563 0.256250 0.135895
0 0.971250 0.490159 0.057500 0.035614
1 0.811875 0.793814 0.231250 0.125586
0 0.924375 0.567948 0.143750 0.058107
0 0.596875 0.387535 0.058750 0.053421
0 0.763125 0.482662 0.051250 0.033739
0 0.971250 0.234770 0.057500 0.036551
0 0.721875 0.722587 0.101250 0.037488
0 0.973125 0.266167 0.051250 0.035614
0 0.626875 0.834583 0.258750 0.113402
0 0.821875 0.222587 0.133750 0.083411
0 0.656250 0.227741 0.175000 0.104967
0 0.864375 0.584349 0.076250 0.025305
0 0.401250 0.659794 0.147500 0.093721
0 0.647500 0.474695 0.035000 0.015933
0 0.614375 0.467198 0.036250 0.015933
0 0.807500 0.815370 0.017500 0.011246
0 0.826250 0.581068 0.057500 0.016870
0 0.652500 0.865979 0.017500 0.011246
0 0.647500 0.532334 0.017500 0.009372
0 0.447500 0.253515 0.020000 0.019681
0 0.325625 0.437207 0.023750 0.017807
0 0.316250 0.208060 0.020000 0.016870
0 0.073125 0.519681 0.026250 0.038425
0 0.300000 0.853327 0.070000 0.017807
0 0.403750 0.609653 0.017500 0.008435
1 0.201250 0.699157 0.057500 0.033739
0 0.228125 0.663074 0.173750 0.104030
0 0.730625 0.218838 0.066250 0.066542
0 0.528125 0.491097 0.011250 0.011246
0 0.543125 0.505155 0.018750 0.011246
0 0.502500 0.639644 0.015000 0.008435
0 0.516250 0.744142 0.045000 0.016870
0 0.505625 0.729147 0.018750 0.013121
0 0.603125 0.770853 0.018750 0.008435
