1 0.639375 0.508903 0.161250 0.176195
1 0.490000 0.422212 0.147500 0.179007
1 0.410000 0.868322 0.137500 0.109653
1 0.531875 0.862231 0.136250 0.106842
1 0.591875 0.775539 0.131250 0.104030
0 0.738750 0.119494 0.092500 0.062793
1 0.795000 0.425023 0.165000 0.180881
1 0.301875 0.102624 0.141250 0.115276
0 0.356875 0.492971 0.081250 0.065604
0 0.209375 0.384724 0.153750 0.179007
0 0.429375 0.149953 0.041250 0.039363
1 0.851250 0.232427 0.142500 0.161200
0 0.538125 0.160262 0.061250 0.134958
0 0.338750 0.441893 0.065000 0.038425
0 0.445000 0.306935 0.040000 0.034677
0 0.091250 0.181818 0.042500 0.039363
0 0.766875 0.308341 0.038750 0.073102
0 0.132500 0.176664 0.042500 0.034677
0 0.927381 0.365248 0.122262 0.185042
0 0.093750 0.294283 0.097500 0.091846
0 0.120744 0.417671 0.121487 0.121190
0 0.567500 0.218838 0.025000 0.055295
0 0.723125 0.554855 0.108750 0.101275
0 0.448750 0.393627 0.017500 0.024367
0 0.442500 0.418932 0.017500 0.026242
0 0.880000 0.232896 0.012500 0.012184
0 0.566875 0.247891 0.016250 0.042174
0 0.966250 0.342549 0.012500 0.012184
0 0.525000 0.386598 0.010000 0.012184
0 0.179375 0.569822 0.023750 0.013121
0 0.438125 0.637769 0.021250 0.015933
0 0.136250 0.672915 0.020000 0.013121
0 0.578125 0.815370 0.048750 0.014995
0 0.991250 0.605904 0.015000 0.051546
0 0.656875 0.558088 0.008750 0.012146
1 0.799156 0.698543 0.038312 0.040009
0 0.748525 0.683126 0.119550 0.119766
1 0.305356 0.088903 0.060713 0.040975
0 0.100138 0.363257 0.082775 0.042352
0 0.484619 0.480647 0.014238 0.007216
0 0.501088 0.467634 0.012175 0.013055
0 0.684719 0.481101 0.009437 0.010000
0 0.821125 0.457976 0.017250 0.033102
0 0.802438 0.468697 0.014875 0.013308
0 0.845806 0.391026 0.009113 0.013543
