0 0.935000 0.216026 0.022500 0.017807
0 0.567500 0.506092 0.052500 0.043112
1 0.826250 0.529522 0.167500 0.174321
0 0.563125 0.753046 0.031250 0.012184
0 0.533125 0.730084 0.028750 0.022493
0 0.716875 0.700562 0.016250 0.012184
0 0.732500 0.851453 0.022500 0.012184
0 0.653750 0.727741 0.030000 0.021556
0 0.673750 0.658857 0.017500 0.013121
0 0.907500 0.574039 0.027500 0.023430
0 0.436875 0.619963 0.018750 0.017807
0 0.423750 0.432052 0.132500 0.088097
0 0.911250 0.196813 0.037500 0.026242
0 0.733125 0.841143 0.023750 0.012184
0 0.617500 0.837395 0.035000 0.034677
0 0.636875 0.719306 0.013750 0.019681
0 0.563125 0.741331 0.036250 0.011246
0 0.479375 0.710872 0.036250 0.034677
0 0.620625 0.546392 0.016250 0.018744
0 0.628750 0.521556 0.080000 0.077788
0 0.820000 0.489691 0.055000 0.087160
0 0.793125 0.400187 0.061250 0.046860
0 0.791250 0.374883 0.050000 0.048735
0 0.963750 0.510778 0.015000 0.011246
0 0.957500 0.520619 0.005000 0.008435
0 0.995000 0.505623 0.010000 0.006560
0 0.985000 0.487348 0.012500 0.013121
0 0.974375 0.473290 0.008750 0.011246
0 0.994375 0.459231 0.011250 0.018744
0 0.996250 0.441425 0.007500 0.003749
0 0.995000 0.438144 0.005000 0.002812
0 0.995625 0.405811 0.008750 0.014995
0 0.636250 0.221181 0.030000 0.022493
0 0.447500 0.202437 0.015000 0.011246
0 0.547500 0.304592 0.030000 0.022493
0 0.451250 0.386598 0.055000 0.036551
0 0.329375 0.381443 0.011250 0.009372
0 0.197500 0.404405 0.100000 0.012184
0 0.130625 0.420806 0.021250 0.009372
0 0.125000 0.433927 0.020000 0.013121
0 0.050625 0.381912 0.038750 0.014058
0 0.283750 0.495314 0.090000 0.059044
0 0.371875 0.445642 0.088750 0.057170
0 0.100625 0.566073 0.051250 0.011246
0 0.141250 0.567479 0.025000 0.014058
0 0.125000 0.555764 0.050000 0.011246
0 0.381875 0.623243 0.036250 0.031865
0 0.251250 0.709934 0.012500 0.015933
0 0.270000 0.721649 0.020000 0.011246
0 0.265000 0.680412 0.025000 0.078725
0 0.228750 0.862231 0.037500 0.037488
0 0.047500 0.854264 0.067500 0.030928
0 0.047500 0.881912 0.070000 0.031865
0 0.167500 0.235708 0.012500 0.008435
0 0.020000 0.164011 0.007500 0.011246
1 0.265000 0.203843 0.230000 0.089035
1 0.740625 0.202437 0.061250 0.050609
1 0.839375 0.166354 0.281250 0.190253
1 0.914375 0.246017 0.171250 0.164011
1 0.680625 0.283505 0.381250 0.255858
1 0.708750 0.442362 0.270000 0.253046
