0 0.526875 0.634489 0.098750 0.074977
0 0.630000 0.483130 0.070000 0.055295
0 0.555625 0.514995 0.058750 0.049672
0 0.780000 0.181818 0.062500 0.058107
0 0.496250 0.407685 0.067500 0.058107
0 0.455000 0.387535 0.067500 0.053421
0 0.427500 0.417526 0.072500 0.057170
0 0.023125 0.491565 0.046250 0.040300
0 0.445000 0.286317 0.052500 0.074039
0 0.461875 0.196345 0.046250 0.027179
0 0.163750 0.484536 0.047500 0.031865
0 0.035625 0.458294 0.063750 0.037488
0 0.058750 0.261949 0.045000 0.027179
0 0.880625 0.196345 0.041250 0.042174
0 0.051875 0.365042 0.103750 0.098407
1 0.696250 0.141518 0.115000 0.097470
0 0.597500 0.514058 0.037500 0.038425
0 0.298750 0.386129 0.042500 0.044986
0 0.236875 0.449859 0.053750 0.037488
0 0.382500 0.180881 0.062500 0.022493
0 0.341875 0.406279 0.061250 0.060918
0 0.361250 0.373946 0.050000 0.033739
0 0.651875 0.674789 0.036250 0.028116
0 0.281250 0.199157 0.087500 0.030928
0 0.611250 0.207591 0.060000 0.032802
0 0.264375 0.394096 0.043750 0.042174
0 0.159375 0.188379 0.051250 0.033739
0 0.384375 0.424555 0.046250 0.050609
1 0.522500 0.684630 0.072500 0.057170
1 0.600625 0.163074 0.126250 0.118088
0 0.226875 0.699157 0.031250 0.022493
0 0.221250 0.901593 0.015000 0.011246
0 0.130625 0.576851 0.016250 0.014058
0 0.151250 0.167760 0.027500 0.013121
0 0.223750 0.341143 0.025000 0.011246
0 0.936250 0.457826 0.035000 0.030928
0 0.770000 0.416120 0.032500 0.029991
0 0.916250 0.555764 0.017500 0.013121
0 0.665625 0.147142 0.026250 0.020619
0 0.866875 0.089035 0.026250 0.024367
0 0.666875 0.105904 0.021250 0.009372
0 0.362500 0.556701 0.030000 0.043112
0 0.375625 0.544049 0.031250 0.053421
0 0.473125 0.591846 0.033750 0.057170
0 0.505000 0.685567 0.015000 0.015933
0 0.455625 0.594189 0.061250 0.151828
0 0.515625 0.770384 0.086250 0.215558
1 0.500000 0.125586 0.050000 0.014995
