0 0.770625 0.482662 0.093750 0.073102
0 0.456875 0.641518 0.098750 0.066542
0 0.621875 0.276945 0.088750 0.057170
1 0.683750 0.633083 0.232500 0.143393
0 0.261875 0.610590 0.093750 0.064667
0 0.566250 0.701500 0.075000 0.094658
0 0.368125 0.398313 0.101250 0.101218
0 0.150625 0.502343 0.066250 0.052484
0 0.525625 0.789597 0.073750 0.102156
0 0.676250 0.463918 0.067500 0.039363
0 0.962500 0.561856 0.075000 0.066542
0 0.699375 0.268978 0.081250 0.052484
0 0.570625 0.514995 0.051250 0.038425
1 0.954375 0.437676 0.091250 0.140581
0 0.742500 0.324742 0.077500 0.055295
0 0.426250 0.131678 0.047500 0.040300
0 0.548750 0.626054 0.052500 0.035614
0 0.632500 0.445642 0.050000 0.038425
0 0.538125 0.492034 0.053750 0.035614
1 0.830625 0.505155 0.186250 0.119963
1 0.073750 0.321931 0.140000 0.126523
0 0.653125 0.184161 0.066250 0.023430
0 0.851875 0.088097 0.073750 0.029991
1 0.068750 0.429241 0.130000 0.089972
0 0.500625 0.202437 0.036250 0.028116
0 0.851875 0.716026 0.038750 0.026242
1 0.071250 0.365511 0.130000 0.088097
0 0.853750 0.642924 0.045000 0.028116
0 0.521875 0.343955 0.033750 0.028116
0 0.315000 0.241799 0.017500 0.022493
0 0.095625 0.287254 0.033750 0.012184
0 0.795000 0.200562 0.025000 0.013121
0 0.960625 0.295220 0.033750 0.020619
0 0.795000 0.214620 0.022500 0.011246
0 0.634375 0.631678 0.023750 0.022493
0 0.961250 0.367385 0.025000 0.016870
0 0.236875 0.761481 0.026250 0.021556
0 0.193750 0.849110 0.025000 0.018744
0 0.515625 0.867385 0.013750 0.010309
0 0.460625 0.782099 0.013750 0.012184
0 0.505625 0.701500 0.023750 0.017807
1 0.041875 0.300843 0.018750 0.009372
1 0.014375 0.291003 0.018750 0.017807
1 0.036250 0.313496 0.017500 0.017807
1 0.068125 0.358013 0.021250 0.016870
0 0.246875 0.448922 0.011250 0.009372
0 0.129375 0.698219 0.008750 0.005623
0 0.553125 0.840206 0.013750 0.010309
0 0.678125 0.654639 0.013750 0.034677
0 0.826250 0.550141 0.027500 0.011246
0 0.841250 0.464855 0.012500 0.013121
0 0.734375 0.517338 0.051250 0.022493
0 0.722500 0.527179 0.062500 0.030928
0 0.980625 0.275539 0.016250 0.013121
1 0.973750 0.284442 0.052500 0.051546
