0 0.255000 0.566073 0.090000 0.065604
0 0.258750 0.624180 0.087500 0.059981
0 0.335000 0.715558 0.065000 0.049672
0 0.367500 0.835052 0.095000 0.065604
0 0.331875 0.202437 0.068750 0.061856
0 0.248750 0.440487 0.040000 0.033739
0 0.144375 0.504686 0.043750 0.027179
0 0.431875 0.777413 0.056250 0.030928
0 0.351875 0.759606 0.061250 0.029053
0 0.210625 0.746954 0.028750 0.018744
0 0.145000 0.341143 0.027500 0.020619
0 0.215625 0.472821 0.033750 0.023430
0 0.730625 0.549672 0.018750 0.015933
0 0.312500 0.247423 0.050000 0.043112
0 0.693750 0.773196 0.022500 0.024367
0 0.191250 0.498126 0.037500 0.021556
0 0.271250 0.410497 0.032500 0.028116
0 0.572500 0.634021 0.047500 0.019681
0 0.841250 0.607779 0.020000 0.015933
0 0.877500 0.703374 0.017500 0.014058
0 0.637500 0.456888 0.042500 0.032802
0 0.980625 0.738519 0.016250 0.013121
0 0.684375 0.541706 0.028750 0.024367
0 0.025625 0.723993 0.023750 0.029053
0 0.063125 0.884255 0.028750 0.017807
0 0.068750 0.570291 0.020000 0.015933
0 0.465625 0.772259 0.038750 0.024367
0 0.538750 0.850515 0.047500 0.034677
0 0.611875 0.679475 0.053750 0.022493
0 0.650000 0.677132 0.020000 0.014058
0 0.950000 0.645736 0.017500 0.013121
0 0.871250 0.430178 0.022500 0.014995
0 0.805000 0.348641 0.030000 0.020619
0 0.900625 0.164011 0.023750 0.022493
0 0.576250 0.370197 0.050000 0.026242
0 0.653125 0.446111 0.043750 0.029991
0 0.574375 0.215089 0.043750 0.025305
0 0.544375 0.191190 0.101250 0.039363
0 0.420000 0.134021 0.037500 0.013121
0 0.313750 0.322868 0.042500 0.030928
0 0.235000 0.152296 0.055000 0.036551
0 0.043125 0.156514 0.046250 0.029991
0 0.367500 0.470009 0.022500 0.014058
0 0.255000 0.566073 0.090000 0.065604
0 0.258750 0.624180 0.087500 0.059981
0 0.335000 0.715558 0.065000 0.049672
0 0.367500 0.835052 0.095000 0.065604
0 0.331875 0.202437 0.068750 0.061856
0 0.248750 0.440487 0.040000 0.033739
0 0.144375 0.504686 0.043750 0.027179
0 0.431875 0.777413 0.056250 0.030928
0 0.351875 0.759606 0.061250 0.029053
0 0.210625 0.746954 0.028750 0.018744
0 0.145000 0.341143 0.027500 0.020619
0 0.215625 0.472821 0.033750 0.023430
0 0.730625 0.549672 0.018750 0.015933
0 0.312500 0.247423 0.050000 0.043112
0 0.693750 0.773196 0.022500 0.024367
0 0.191250 0.498126 0.037500 0.021556
0 0.271250 0.410497 0.032500 0.028116
0 0.572500 0.634021 0.047500 0.019681
0 0.841250 0.607779 0.020000 0.015933
0 0.877500 0.703374 0.017500 0.014058
0 0.637500 0.456888 0.042500 0.032802
0 0.980625 0.738519 0.016250 0.013121
0 0.684375 0.541706 0.028750 0.024367
0 0.025625 0.723993 0.023750 0.029053
0 0.063125 0.884255 0.028750 0.017807
0 0.068750 0.570291 0.020000 0.015933
0 0.465625 0.772259 0.038750 0.024367
0 0.538750 0.850515 0.047500 0.034677
0 0.611875 0.679475 0.053750 0.022493
0 0.650000 0.677132 0.020000 0.014058
0 0.950000 0.645736 0.017500 0.013121
0 0.871250 0.430178 0.022500 0.014995
0 0.805000 0.348641 0.030000 0.020619
0 0.900625 0.164011 0.023750 0.022493
0 0.576250 0.370197 0.050000 0.026242
0 0.653125 0.446111 0.043750 0.029991
0 0.574375 0.215089 0.043750 0.025305
0 0.544375 0.191190 0.101250 0.039363
0 0.420000 0.134021 0.037500 0.013121
0 0.313750 0.322868 0.042500 0.030928
0 0.235000 0.152296 0.055000 0.036551
0 0.043125 0.156514 0.046250 0.029991
0 0.367500 0.470009 0.022500 0.014058
