0 0.405000 0.318650 0.090000 0.069353
0 0.326875 0.323336 0.083750 0.067479
0 0.208125 0.383786 0.068750 0.049672
0 0.050000 0.412371 0.090000 0.073102
0 0.890625 0.364105 0.083750 0.053421
0 0.571250 0.309747 0.045000 0.030928
0 0.481250 0.233365 0.037500 0.033739
0 0.128125 0.459231 0.043750 0.043112
0 0.149375 0.398313 0.041250 0.046860
0 0.160625 0.291471 0.026250 0.022493
0 0.699375 0.229147 0.028750 0.021556
0 0.527500 0.285848 0.032500 0.026242
0 0.443125 0.674321 0.021250 0.014058
0 0.830625 0.350515 0.058750 0.039363
0 0.143750 0.654639 0.032500 0.017807
0 0.492500 0.268510 0.030000 0.029053
0 0.611875 0.325679 0.038750 0.025305
0 0.325000 0.559044 0.027500 0.036551
0 0.292500 0.079194 0.020000 0.010309
0 0.368125 0.759138 0.021250 0.014995
0 0.241875 0.789128 0.018750 0.013121
0 0.562500 0.602156 0.045000 0.032802
0 0.200000 0.868322 0.017500 0.012184
0 0.451875 0.640112 0.033750 0.022493
0 0.185000 0.151359 0.040000 0.021556
0 0.391875 0.179944 0.021250 0.014995
0 0.136875 0.484536 0.033750 0.029991
0 0.035000 0.541237 0.047500 0.036551
0 0.265000 0.590440 0.032500 0.041237
0 0.269375 0.618557 0.018750 0.014995
0 0.322500 0.842549 0.017500 0.013121
0 0.607500 0.775070 0.020000 0.016870
0 0.704375 0.880037 0.031250 0.022493
0 0.713125 0.723055 0.028750 0.023430
0 0.962500 0.789128 0.030000 0.018744
0 0.676875 0.552484 0.036250 0.038425
0 0.576875 0.612465 0.041250 0.032802
0 0.883750 0.545455 0.035000 0.033739
0 0.913125 0.522962 0.056250 0.076851
0 0.985625 0.427366 0.018750 0.028116
0 0.730000 0.354733 0.042500 0.032802
0 0.954375 0.289128 0.051250 0.042174
0 0.941875 0.145736 0.041250 0.034677
0 0.535625 0.400187 0.018750 0.016870
