0 0.303125 0.036082 0.086250 0.068416
0 0.215625 0.208060 0.061250 0.048735
0 0.246250 0.560918 0.027500 0.017807
0 0.347500 0.333177 0.035000 0.019681
0 0.406875 0.789597 0.028750 0.019681
0 0.511875 0.202437 0.041250 0.028116
0 0.385000 0.168697 0.037500 0.033739
0 0.135000 0.265230 0.065000 0.059981
0 0.348125 0.455951 0.023750 0.023430
0 0.079669 0.065122 0.044338 0.025276
0 0.584375 0.467666 0.031250 0.029991
0 0.391250 0.269916 0.040000 0.020619
0 0.520000 0.069353 0.032500 0.043112
0 0.450000 0.824742 0.030000 0.020619
0 0.958750 0.468604 0.072500 0.052484
0 0.749375 0.436270 0.041250 0.038425
0 0.280625 0.687910 0.028750 0.020619
0 0.389375 0.071345 0.043750 0.024602
0 0.855744 0.213322 0.041487 0.025520
0 0.540625 0.931115 0.036250 0.038425
0 0.026844 0.642666 0.031187 0.023852
0 0.057850 0.656387 0.030700 0.017554
1 0.030975 0.554747 0.061950 0.057948
1 0.099956 0.604297 0.194913 0.203908
0 0.038113 0.962329 0.028725 0.022127
0 0.497337 0.588847 0.022175 0.024930
0 0.535375 0.561739 0.023250 0.026945
0 0.923350 0.560961 0.041700 0.021640
0 0.922588 0.591856 0.047675 0.025323
0 0.991937 0.728983 0.016375 0.027788
0 0.626694 0.862104 0.030888 0.024114
0 0.967156 0.307188 0.026812 0.027685
0 0.945119 0.149241 0.040237 0.026692
1 0.952213 0.570497 0.094425 0.080075
