0 0.078750 0.677132 0.072500 0.051546
0 0.550000 0.697282 0.027500 0.022493
0 0.260000 0.593252 0.030000 0.028116
0 0.871250 0.604967 0.030000 0.023430
0 0.107500 0.455483 0.042500 0.033739
0 0.048125 0.545455 0.048750 0.031865
0 0.145000 0.743674 0.087500 0.055295
0 0.423125 0.608247 0.033750 0.020619
0 0.468125 0.433458 0.043750 0.027179
0 0.182500 0.552952 0.032500 0.031865
0 0.923125 0.577788 0.031250 0.025305
0 0.514375 0.155576 0.078750 0.059981
0 0.446875 0.306467 0.056250 0.035614
0 0.721875 0.686973 0.031250 0.024367
0 0.164375 0.200562 0.038750 0.033739
0 0.631250 0.869728 0.035000 0.026242
0 0.653750 0.848641 0.027500 0.025305
1 0.516250 0.856139 0.085000 0.053421
1 0.589375 0.810216 0.293750 0.169634
0 0.616875 0.513121 0.036250 0.019681
0 0.585625 0.481724 0.038750 0.020619
0 0.633125 0.192127 0.033750 0.033739
0 0.673125 0.197282 0.038750 0.038425
0 0.863125 0.161668 0.038750 0.015933
0 0.988125 0.449859 0.023750 0.026242
0 0.302500 0.128397 0.040000 0.022493
0 0.090000 0.126054 0.040000 0.032802
1 0.648750 0.172446 0.117500 0.080600
