0 0.289375 0.814902 0.071250 0.049672
0 0.380625 0.686973 0.068750 0.048735
0 0.300625 0.444705 0.073750 0.034677
0 0.651875 0.556701 0.056250 0.063730
0 0.411875 0.474695 0.066250 0.038425
0 0.469375 0.387067 0.106250 0.054358
0 0.295000 0.504217 0.042500 0.029991
0 0.743125 0.455014 0.066250 0.072165
0 0.730625 0.545455 0.038750 0.033739
0 0.344375 0.193533 0.066250 0.023430
0 0.428750 0.781162 0.087500 0.064667
0 0.151250 0.690722 0.052500 0.033739
0 0.179375 0.614339 0.041250 0.029053
0 0.605625 0.239925 0.053750 0.035614
0 0.902500 0.351453 0.040000 0.028116
0 0.923125 0.166823 0.063750 0.033739
0 0.922500 0.211340 0.047500 0.032802
0 0.581875 0.668697 0.091250 0.055295
0 0.782500 0.466261 0.075000 0.109653
0 0.281875 0.224461 0.073750 0.055295
0 0.474375 0.200094 0.061250 0.019681
0 0.453125 0.179475 0.118750 0.047798
0 0.598750 0.204780 0.125000 0.044049
0 0.668750 0.222118 0.052500 0.018744
0 0.683125 0.212746 0.043750 0.011246
0 0.691250 0.251172 0.025000 0.016870
0 0.758750 0.223055 0.030000 0.013121
0 0.756250 0.234770 0.017500 0.015933
0 0.788125 0.236176 0.026250 0.009372
0 0.758125 0.274133 0.016250 0.010309
0 0.841875 0.225398 0.028750 0.014058
0 0.859375 0.269447 0.191250 0.105904
0 0.975000 0.284911 0.012500 0.009372
0 0.967500 0.484536 0.015000 0.011246
0 0.715625 0.564667 0.026250 0.023430
0 0.598750 0.647142 0.020000 0.012184
0 0.606875 0.649953 0.018750 0.008435
0 0.552500 0.587629 0.062500 0.108716
0 0.615000 0.664480 0.017500 0.011246
0 0.639375 0.677132 0.038750 0.023430
0 0.610625 0.721181 0.016250 0.010309
0 0.523750 0.778351 0.015000 0.010309
0 0.527500 0.759138 0.097500 0.088097
0 0.470625 0.790066 0.028750 0.035614
0 0.431875 0.787254 0.011250 0.013121
0 0.528750 0.839738 0.132500 0.084349
0 0.646875 0.764761 0.038750 0.028116
0 0.718125 0.765230 0.118750 0.079663
0 0.848750 0.704311 0.037500 0.021556
0 0.881250 0.692596 0.037500 0.028116
0 0.787500 0.751640 0.015000 0.018744
0 0.816250 0.751640 0.012500 0.007498
0 0.714375 0.874414 0.008750 0.011246
0 0.616250 0.861293 0.025000 0.018744
0 0.611875 0.876757 0.016250 0.015933
0 0.582500 0.862699 0.012500 0.008435
0 0.623750 0.876757 0.010000 0.015933
0 0.448125 0.421743 0.038750 0.028116
0 0.488125 0.448922 0.181250 0.029991
0 0.493750 0.446579 0.017500 0.004686
1 0.627500 0.644330 0.100000 0.083411
1 0.717500 0.821462 0.057500 0.027179
1 0.751250 0.796626 0.040000 0.035614
1 0.759375 0.819119 0.041250 0.016870
