0 0.591875 0.546765 0.136250 0.078059
0 0.942237 0.591523 0.106975 0.066308
0 0.332056 0.254902 0.161612 0.037229
0 0.247500 0.458509 0.050000 0.029536
0 0.345019 0.544314 0.200038 0.039402
0 0.953969 0.448572 0.050438 0.026540
0 0.234375 0.804501 0.046250 0.023910
0 0.069656 0.577198 0.071813 0.027813
0 0.289375 0.694444 0.048750 0.021800
1 0.032600 0.788576 0.065200 0.021596
0 0.277081 0.366002 0.041662 0.027363
0 0.209375 0.266878 0.046250 0.030239
0 0.953125 0.470109 0.048750 0.033045
0 0.942500 0.761955 0.040000 0.023207
0 0.075625 0.692335 0.151250 0.048523
0 0.933713 0.399543 0.037425 0.022714
0 0.596875 0.246484 0.021250 0.010549
0 0.015000 0.358298 0.030000 0.023207
0 0.210625 0.351266 0.023750 0.013361
0 0.358750 0.604079 0.030000 0.012658
0 0.531875 0.359001 0.016250 0.011955
0 0.840625 0.447577 0.021250 0.011892
0 0.991250 0.345197 0.017500 0.022321
0 0.809356 0.380517 0.018712 0.011385
0 0.831875 0.613572 0.013750 0.013361
0 0.865625 0.592124 0.016250 0.011252
0 0.900625 0.690577 0.026250 0.015471
0 0.803125 0.806610 0.021250 0.011252
0 0.848125 0.727496 0.016250 0.011955
0 0.860625 0.669103 0.016250 0.014719
0 0.072469 0.241248 0.067437 0.033833
0 0.334031 0.384750 0.093063 0.026885
0 0.313219 0.379814 0.031438 0.011385
0 0.345200 0.375299 0.032900 0.012201
0 0.056869 0.517820 0.113737 0.084866
0 0.129263 0.467602 0.036025 0.023812
0 0.136375 0.482243 0.072750 0.096695
