0 0.435000 0.559423 0.160000 0.089311
0 0.417500 0.761252 0.135000 0.071027
0 0.899375 0.364979 0.093750 0.095640
0 0.528750 0.353376 0.060000 0.033052
0 0.396875 0.421589 0.103750 0.117440
0 0.670000 0.742616 0.055000 0.032349
0 0.290625 0.275316 0.061250 0.044304
0 0.123125 0.417018 0.046250 0.030942
0 0.695000 0.353376 0.055000 0.027426
0 0.858125 0.298875 0.061250 0.030942
0 0.631875 0.745781 0.066250 0.033052
0 0.118750 0.790788 0.047500 0.026020
0 0.089375 0.298523 0.111250 0.092124
0 0.751875 0.723277 0.046250 0.024613
0 0.961250 0.509494 0.022500 0.013361
0 0.664375 0.207103 0.046250 0.020394
0 0.710000 0.314346 0.027500 0.015471
0 0.293750 0.439873 0.027500 0.018987
0 0.753125 0.493671 0.023750 0.011252
0 0.651250 0.680028 0.025000 0.014065
0 0.856250 0.745781 0.042500 0.013361
0 0.762500 0.651195 0.022500 0.012658
0 0.359375 0.703938 0.026250 0.009845
0 0.402500 0.718706 0.022500 0.011252
0 0.236875 0.754923 0.031250 0.017581
0 0.163125 0.732771 0.023750 0.011252
0 0.266875 0.729255 0.028750 0.011252
0 0.878125 0.218706 0.071250 0.043601
0 0.672500 0.387834 0.062500 0.055556
0 0.677500 0.375879 0.025000 0.018987
0 0.691875 0.392757 0.026250 0.020394
0 0.393125 0.257736 0.168750 0.078059
0 0.491875 0.289030 0.048750 0.023910
0 0.467500 0.295710 0.182500 0.056962
