0 0.377500 0.374414 0.072500 0.051546
0 0.550625 0.488754 0.061250 0.038425
0 0.830000 0.434396 0.045000 0.032802
0 0.182500 0.689784 0.065000 0.037488
0 0.654375 0.355670 0.031250 0.027179
0 0.977500 0.321931 0.045000 0.042174
0 0.804375 0.552484 0.046250 0.047798
0 0.463319 0.403585 0.036637 0.016167
0 0.535625 0.424555 0.041250 0.026242
0 0.752500 0.682287 0.060000 0.035614
0 0.913125 0.495783 0.076250 0.039363
0 0.105625 0.636799 0.053750 0.032737
0 0.722500 0.277198 0.030000 0.007067
0 0.716875 0.490159 0.053750 0.031865
0 0.188750 0.347704 0.047500 0.018744
0 0.866250 0.399250 0.045000 0.020619
0 0.361250 0.266172 0.032500 0.011256
0 0.672500 0.510309 0.052500 0.036551
0 0.920625 0.388941 0.023750 0.029991
0 0.937275 0.611823 0.047050 0.033393
0 0.908856 0.419714 0.080213 0.024058
0 0.954275 0.528116 0.048550 0.030928
0 0.903125 0.439550 0.053750 0.020619
0 0.023750 0.703843 0.045000 0.073102
0 0.129069 0.398121 0.025638 0.020234
0 0.014100 0.397498 0.010700 0.005867
0 0.212900 0.450389 0.018300 0.062915
0 0.189537 0.466696 0.014075 0.028051
0 0.128300 0.514086 0.054100 0.008491
0 0.127194 0.529625 0.054387 0.011453
0 0.087131 0.546813 0.084262 0.012090
0 0.254969 0.713407 0.012437 0.009756
0 0.369050 0.710961 0.013100 0.010487
0 0.406000 0.536785 0.089500 0.023899
0 0.524269 0.522127 0.016037 0.005829
0 0.523675 0.516059 0.017350 0.006813
0 0.465731 0.416246 0.031463 0.009625
0 0.312037 0.374363 0.046575 0.043946
0 0.485831 0.329325 0.021662 0.021350
0 0.396437 0.273308 0.020375 0.019906
0 0.368531 0.274236 0.014563 0.004892
0 0.341819 0.275872 0.031137 0.008163
0 0.723131 0.283027 0.028763 0.007479
0 0.799344 0.270623 0.016188 0.005164
0 0.835369 0.277174 0.020737 0.018266
0 0.846587 0.305042 0.008175 0.006523
0 0.931575 0.332170 0.023150 0.019541
0 0.725738 0.348182 0.013975 0.021575
0 0.774912 0.518135 0.022325 0.033458
0 0.887825 0.549274 0.015650 0.011387
0 0.919300 0.585459 0.036100 0.033149
0 0.962087 0.596678 0.011675 0.006851
0 0.796775 0.697343 0.011050 0.007619
0 0.154969 0.582994 0.004938 0.009475
1 0.104662 0.463552 0.129325 0.100487
1 0.335319 0.481120 0.155638 0.101884
1 0.238494 0.561176 0.169488 0.112043
1 0.476963 0.662001 0.131425 0.120628
