1 0.832056 0.445661 0.109113 0.070328
1 0.719825 0.382198 0.104650 0.070862
0 0.150625 0.542643 0.113750 0.086223
0 0.241250 0.428304 0.057500 0.044986
0 0.165000 0.653233 0.050000 0.035614
0 0.293750 0.703843 0.057500 0.035614
0 0.105000 0.636832 0.047500 0.036551
0 0.245625 0.597470 0.058750 0.036551
0 0.526875 0.329897 0.068750 0.052484
0 0.651875 0.232427 0.118750 0.061856
0 0.083750 0.393158 0.045000 0.042174
0 0.181250 0.283037 0.060000 0.052484
0 0.466875 0.246954 0.068750 0.055295
0 0.084375 0.477507 0.038750 0.030928
0 0.475000 0.421743 0.017500 0.013121
0 0.935000 0.517807 0.052500 0.034677
0 0.042500 0.812090 0.030000 0.021556
1 0.586875 0.610590 0.168750 0.107779
0 0.429675 0.670103 0.036850 0.031865
1 0.522275 0.699053 0.114550 0.076645
0 0.409375 0.461575 0.106250 0.057170
0 0.643750 0.572165 0.037500 0.030928
0 0.357713 0.578618 0.017925 0.013843
0 0.141013 0.727549 0.012025 0.009925
0 0.787800 0.633060 0.013100 0.008388
0 0.643794 0.665900 0.037588 0.017835
0 0.803019 0.493674 0.043537 0.023899
0 0.767781 0.422352 0.038062 0.027460
0 0.845837 0.453782 0.011675 0.011593
0 0.977794 0.467601 0.028087 0.112334
0 0.563550 0.351978 0.027100 0.019794
0 0.658625 0.210108 0.024750 0.011593
0 0.856538 0.282530 0.043075 0.030853
0 0.011756 0.325956 0.023512 0.025858
0 0.020987 0.527854 0.039475 0.032277
0 0.066937 0.546031 0.051375 0.083627
0 0.439906 0.484742 0.037312 0.028529
0 0.474338 0.483318 0.031175 0.025679
0 0.474906 0.507366 0.037312 0.026917
0 0.405769 0.669564 0.019037 0.010169
0 0.500238 0.753243 0.015475 0.010703
0 0.478631 0.836743 0.014763 0.010881
0 0.163975 0.764044 0.010450 0.009813
0 0.099519 0.773641 0.014038 0.008388
0 0.007950 0.836425 0.015900 0.023365
1 0.705506 0.639738 0.176013 0.107966
1 0.804831 0.620764 0.102163 0.070019
1 0.721950 0.564203 0.171400 0.065614
