1 0.623750 0.737582 0.110000 0.091846
1 0.690000 0.644330 0.110000 0.089035
0 0.390625 0.248360 0.131250 0.097470
0 0.554375 0.297563 0.068750 0.049672
0 0.246250 0.276007 0.055000 0.042174
0 0.199375 0.379100 0.056250 0.047798
0 0.258750 0.228679 0.055000 0.041237
0 0.332500 0.326617 0.057500 0.049672
0 0.728750 0.493440 0.080000 0.059044
0 0.877500 0.570759 0.100000 0.097470
0 0.576250 0.175726 0.062500 0.040300
0 0.735625 0.229616 0.078750 0.052484
0 0.828125 0.435801 0.083750 0.059981
0 0.465625 0.188379 0.046250 0.033739
0 0.600000 0.469541 0.020000 0.014995
0 0.544375 0.824274 0.053750 0.044049
0 0.017500 0.210403 0.032500 0.025305
1 0.368125 0.581537 0.168750 0.141518
0 0.265000 0.474227 0.047500 0.031865
1 0.241875 0.547329 0.118750 0.097470
0 0.537500 0.426898 0.092500 0.087160
0 0.428125 0.618088 0.046250 0.032802
0 0.375625 0.407685 0.021250 0.014995
0 0.145000 0.269916 0.015000 0.011246
0 0.371250 0.734302 0.012500 0.010309
0 0.304375 0.633083 0.028750 0.030928
0 0.555625 0.723993 0.038750 0.036551
0 0.644375 0.686036 0.041250 0.031865
0 0.614375 0.749297 0.016250 0.010309
0 0.617500 0.849578 0.152500 0.038425
0 0.706250 0.524367 0.030000 0.023430
0 0.906875 0.572634 0.018750 0.020619
0 0.841250 0.730553 0.047500 0.036551
0 0.653125 0.111996 0.038750 0.021556
0 0.388125 0.150422 0.048750 0.034677
0 0.372500 0.186504 0.117500 0.050609
0 0.511250 0.453608 0.042500 0.031865
0 0.518125 0.478444 0.038750 0.027179
0 0.486875 0.482662 0.041250 0.031865
0 0.261875 0.456888 0.016250 0.015933
0 0.166875 0.539831 0.016250 0.013121
0 0.053750 0.537020 0.017500 0.013121
0 0.100625 0.292877 0.013750 0.008435
0 0.076875 0.246485 0.013750 0.011246
1 0.348750 0.674321 0.170000 0.147142
1 0.389375 0.744611 0.108750 0.087160
1 0.450625 0.673852 0.113750 0.136832
