1 0.701875 0.774178 0.163750 0.171831
0 0.457500 0.558685 0.117500 0.063850
1 0.208750 0.538967 0.132500 0.204695
0 0.382500 0.540845 0.075000 0.039437
0 0.558750 0.519249 0.057500 0.041315
0 0.618750 0.531925 0.045000 0.038498
0 0.683125 0.545540 0.066250 0.031925
1 0.256250 0.333803 0.175000 0.111737
0 0.818750 0.376056 0.092500 0.034742
1 0.593750 0.678404 0.072500 0.070423
0 0.735000 0.584507 0.045000 0.034742
1 0.491875 0.798122 0.086250 0.054460
1 0.510625 0.741315 0.146250 0.046009
0 0.985625 0.392488 0.028750 0.024413
0 0.535625 0.546479 0.078750 0.028169
1 0.485625 0.862911 0.043750 0.028169
1 0.873125 0.194366 0.173750 0.088263
0 0.924375 0.546009 0.038750 0.023474
0 0.949375 0.612676 0.023750 0.027230
0 0.948125 0.504225 0.021250 0.020657
0 0.861875 0.542254 0.013750 0.012207
0 0.941875 0.521596 0.013750 0.010329
0 0.653750 0.379343 0.025000 0.020657
0 0.315000 0.585446 0.025000 0.017840
0 0.392500 0.392958 0.025000 0.017840
0 0.460625 0.390141 0.028750 0.017840
0 0.544375 0.393427 0.021250 0.013146
0 0.474375 0.598592 0.013750 0.014085
0 0.585625 0.623944 0.021250 0.015962
0 0.571250 0.471831 0.012500 0.008451
0 0.941250 0.630986 0.010000 0.007512
0 0.943750 0.592488 0.010000 0.003756
0 0.802500 0.767136 0.035000 0.015023
0 0.792500 0.815493 0.025000 0.008451
0 0.755000 0.748357 0.012500 0.009390
0 0.591250 0.738028 0.007500 0.013146
0 0.473125 0.864319 0.006250 0.021596
0 0.479375 0.860094 0.006250 0.015023
0 0.525000 0.749296 0.005000 0.005634
0 0.393125 0.714554 0.006250 0.011268
0 0.275000 0.713146 0.005000 0.008451
0 0.368125 0.542254 0.013750 0.012207
0 0.478750 0.553991 0.012500 0.011268
0 0.783750 0.393427 0.030000 0.011268
0 0.787500 0.387324 0.010000 0.004695
