0 0.068125 0.258669 0.093750 0.080600
0 0.188750 0.076382 0.092500 0.079663
0 0.417500 0.682755 0.035000 0.030928
0 0.396875 0.787254 0.036250 0.028116
0 0.674375 0.738519 0.066250 0.073102
0 0.206250 0.635895 0.035000 0.032802
0 0.825000 0.209466 0.122500 0.053421
0 0.888125 0.126992 0.121250 0.051546
0 0.900000 0.354264 0.020000 0.011246
0 0.933125 0.536082 0.026250 0.018744
0 0.645000 0.626992 0.027500 0.031865
0 0.896250 0.515933 0.045000 0.029053
0 0.565000 0.873946 0.030000 0.027179
0 0.461250 0.781631 0.015000 0.022493
0 0.512500 0.743205 0.030000 0.039363
0 0.961875 0.877226 0.073750 0.056232
0 0.030625 0.771321 0.026250 0.026242
0 0.494375 0.715558 0.033750 0.038425
0 0.406875 0.616214 0.033750 0.029053
0 0.798750 0.865511 0.015000 0.015933
0 0.810625 0.868322 0.011250 0.010309
0 0.631250 0.807873 0.037500 0.018744
0 0.663750 0.742737 0.015000 0.021556
0 0.625000 0.703843 0.040000 0.020619
0 0.766250 0.733365 0.015000 0.012184
0 0.775000 0.738051 0.015000 0.010309
0 0.833750 0.681818 0.012500 0.014058
0 0.491250 0.755389 0.020000 0.014995
0 0.473750 0.725867 0.020000 0.017807
0 0.281250 0.703843 0.030000 0.009372
0 0.084375 0.800843 0.038750 0.019681
0 0.103750 0.873008 0.037500 0.017807
0 0.166875 0.887067 0.021250 0.015933
0 0.184375 0.877694 0.028750 0.034677
0 0.306875 0.887535 0.021250 0.011246
0 0.196250 0.489691 0.040000 0.030928
0 0.107500 0.440956 0.035000 0.010309
0 0.301250 0.408622 0.027500 0.022493
0 0.356875 0.372540 0.033750 0.012184
0 0.152500 0.344424 0.017500 0.019681
0 0.151875 0.325679 0.016250 0.010309
0 0.138750 0.194002 0.020000 0.009372
0 0.146875 0.178069 0.021250 0.011246
0 0.676250 0.121368 0.035000 0.049672
0 0.655000 0.135895 0.022500 0.022493
0 0.970625 0.257732 0.016250 0.011246
0 0.901875 0.410965 0.076250 0.027179
0 0.733750 0.510778 0.042500 0.024367
0 0.774375 0.507498 0.056250 0.027179
1 0.791875 0.567010 0.138750 0.106842
0 0.295000 0.574508 0.017500 0.005623
0 0.264375 0.577320 0.018750 0.005623
1 0.216250 0.535145 0.057500 0.093721
1 0.406250 0.526710 0.360000 0.106842
1 0.603125 0.517338 0.053750 0.095595
0 0.517500 0.461106 0.020000 0.005623
1 0.337500 0.426429 0.055000 0.091846
1 0.531875 0.417526 0.361250 0.109653
1 0.725000 0.408622 0.057500 0.095595
1 0.831875 0.299438 0.058750 0.096532
1 0.639375 0.306467 0.363750 0.106842
1 0.440000 0.314902 0.055000 0.093721
