0 0.892500 0.443299 0.107500 0.078725
0 0.935625 0.349110 0.086250 0.089035
0 0.149375 0.657451 0.063750 0.042174
0 0.121875 0.487816 0.088750 0.064667
0 0.161250 0.612465 0.057500 0.044049
0 0.215000 0.446579 0.075000 0.062793
0 0.699375 0.438613 0.086250 0.052484
0 0.276875 0.633083 0.058750 0.045923
0 0.335000 0.536082 0.057500 0.039363
0 0.294375 0.661668 0.051250 0.037488
0 0.535625 0.438613 0.041250 0.033739
0 0.937500 0.246954 0.050000 0.062793
0 0.658125 0.417526 0.073750 0.047798
0 0.098750 0.534208 0.035000 0.028116
0 0.798125 0.653702 0.036250 0.017807
0 0.601250 0.714152 0.030000 0.018744
0 0.576875 0.744611 0.021250 0.012184
0 0.469375 0.769916 0.031250 0.019681
0 0.289375 0.821931 0.011250 0.016870
0 0.123750 0.723524 0.035000 0.024367
0 0.378125 0.783974 0.016250 0.012184
0 0.330000 0.799906 0.020000 0.014058
0 0.762500 0.369260 0.032500 0.020619
0 0.898750 0.402999 0.035000 0.022493
0 0.848750 0.585286 0.030000 0.019681
0 0.845625 0.313964 0.033750 0.020619
0 0.733125 0.638238 0.031250 0.018744
0 0.721875 0.401593 0.028750 0.012184
0 0.758125 0.578257 0.016250 0.013121
0 0.433125 0.438613 0.031250 0.022493
0 0.503750 0.655576 0.027500 0.021556
0 0.351875 0.536082 0.028750 0.035614
0 0.450625 0.425492 0.021250 0.013121
0 0.363750 0.500000 0.025000 0.017807
0 0.526250 0.644799 0.025000 0.016870
0 0.039375 0.624649 0.023750 0.014058
0 0.274375 0.513121 0.026250 0.021556
0 0.073125 0.643393 0.026250 0.015933
0 0.317500 0.445173 0.010000 0.011246
0 0.201250 0.547329 0.017500 0.007498
0 0.863125 0.190722 0.036250 0.021556
0 0.841250 0.266635 0.035000 0.021556
0 0.704375 0.280694 0.023750 0.019681
0 0.006875 0.328960 0.013750 0.013121
0 0.169375 0.305530 0.018750 0.009372
0 0.985625 0.545455 0.028750 0.101218
0 0.623750 0.673383 0.110000 0.045923
0 0.525000 0.702437 0.150000 0.064667
0 0.325625 0.804592 0.013750 0.010309
0 0.279375 0.817245 0.016250 0.018744
0 0.157500 0.722587 0.007500 0.011246
0 0.326875 0.675258 0.018750 0.012184
0 0.406875 0.598407 0.023750 0.017807
0 0.401250 0.605436 0.035000 0.024367
0 0.548125 0.481256 0.018750 0.006560
0 0.719375 0.409091 0.021250 0.008435
0 0.480000 0.395033 0.010000 0.006560
0 0.320625 0.472821 0.013750 0.008435
0 0.350000 0.420337 0.017500 0.006560
0 0.294375 0.374883 0.008750 0.009372
0 0.301250 0.363168 0.010000 0.010309
0 0.157500 0.410965 0.017500 0.012184
0 0.101875 0.440019 0.016250 0.012184
0 0.013750 0.473290 0.017500 0.011246
0 0.190625 0.539363 0.011250 0.008435
1 0.310625 0.411434 0.088750 0.168697
1 0.470625 0.335052 0.088750 0.171509
