0 0.898125 0.479381 0.096250 0.070291
0 0.956875 0.389410 0.073750 0.083411
0 0.126875 0.624180 0.058750 0.037488
0 0.126250 0.453608 0.080000 0.058107
0 0.145000 0.580600 0.052500 0.040300
0 0.225625 0.421275 0.066250 0.057170
0 0.707500 0.456888 0.080000 0.045923
0 0.256250 0.611528 0.052500 0.042174
0 0.330000 0.520150 0.052500 0.035614
0 0.269375 0.641987 0.046250 0.033739
0 0.546250 0.441893 0.037500 0.030928
0 0.975625 0.288660 0.041250 0.059981
0 0.671250 0.432521 0.067500 0.042174
0 0.096250 0.497188 0.030000 0.025305
0 0.771875 0.679007 0.033750 0.014058
0 0.565000 0.721181 0.027500 0.015933
0 0.536250 0.750234 0.020000 0.010309
0 0.425625 0.764761 0.028750 0.016870
0 0.239375 0.799906 0.008750 0.015933
0 0.090625 0.687441 0.031250 0.021556
0 0.332500 0.770853 0.015000 0.010309
0 0.282500 0.782099 0.017500 0.012184
0 0.781250 0.394096 0.030000 0.017807
0 0.911875 0.440019 0.031250 0.019681
0 0.831250 0.616682 0.027500 0.016870
0 0.873125 0.347235 0.031250 0.017807
0 0.709375 0.658388 0.028750 0.015933
0 0.736250 0.422680 0.027500 0.009372
0 0.743125 0.601218 0.013750 0.012184
0 0.443750 0.432521 0.027500 0.019681
0 0.478125 0.655576 0.023750 0.019681
0 0.346875 0.522024 0.023750 0.033739
0 0.463125 0.421743 0.018750 0.011246
0 0.365000 0.487816 0.022500 0.015933
0 0.502500 0.645736 0.022500 0.014995
0 0.023125 0.581537 0.021250 0.012184
0 0.273750 0.491565 0.022500 0.019681
0 0.053125 0.603561 0.023750 0.013121
0 0.328125 0.428772 0.008750 0.010309
0 0.196875 0.519213 0.016250 0.005623
0 0.910625 0.225398 0.033750 0.017807
0 0.876875 0.299906 0.031250 0.018744
0 0.739375 0.301312 0.021250 0.017807
0 0.034375 0.285848 0.018750 0.011246
0 0.203750 0.276476 0.017500 0.007498
0 0.984375 0.590909 0.031250 0.098407
0 0.594375 0.683693 0.106250 0.036551
0 0.491875 0.702905 0.143750 0.052484
0 0.277500 0.786317 0.012500 0.009372
0 0.230000 0.795220 0.012500 0.017807
0 0.123125 0.689316 0.006250 0.010309
0 0.300000 0.658388 0.017500 0.010309
0 0.391875 0.589035 0.021250 0.015933
0 0.385625 0.595595 0.031250 0.021556
0 0.551250 0.485942 0.017500 0.004686
0 0.732500 0.429709 0.020000 0.006560
0 0.496875 0.394564 0.008750 0.005623
0 0.326250 0.456420 0.012500 0.007498
0 0.364375 0.407216 0.016250 0.004686
0 0.316250 0.357545 0.007500 0.008435
0 0.324375 0.345829 0.008750 0.009372
0 0.174375 0.380037 0.016250 0.010309
0 0.113750 0.404405 0.015000 0.010309
0 0.021875 0.429241 0.016250 0.009372
0 0.186250 0.510778 0.010000 0.007498
1 0.326250 0.394564 0.062500 0.164948
1 0.497500 0.334114 0.062500 0.167760
