0 0.101250 0.515464 0.095000 0.069353
0 0.040625 0.604499 0.071250 0.082474
0 0.877544 0.380839 0.057587 0.036279
0 0.873219 0.551617 0.078937 0.057310
0 0.856875 0.424555 0.051250 0.039363
0 0.772500 0.582943 0.065000 0.056232
0 0.291875 0.540769 0.078750 0.044986
0 0.745663 0.391692 0.051325 0.041115
0 0.670625 0.482193 0.051250 0.034677
0 0.733950 0.361382 0.045400 0.032980
0 0.453125 0.557638 0.036250 0.029991
0 0.020000 0.705248 0.040000 0.059044
0 0.328125 0.565136 0.066250 0.041237
0 0.904006 0.508210 0.030513 0.024855
0 0.233125 0.317245 0.033750 0.014058
0 0.440000 0.277882 0.027500 0.015933
0 0.470000 0.249766 0.020000 0.010309
0 0.580337 0.236176 0.028175 0.016870
0 0.768119 0.204049 0.008738 0.016345
0 0.914575 0.318182 0.031650 0.021556
0 0.673750 0.231959 0.015000 0.010309
0 0.723681 0.220904 0.017362 0.012568
0 0.216250 0.602006 0.030000 0.017507
0 0.086875 0.554358 0.031250 0.019681
0 0.171250 0.379569 0.027500 0.016870
0 0.123125 0.648079 0.031250 0.017807
0 0.295763 0.338800 0.029025 0.015933
0 0.262500 0.574592 0.027500 0.009541
0 0.259375 0.395970 0.013750 0.012184
0 0.555000 0.568416 0.027500 0.019681
0 0.525725 0.345136 0.023950 0.019231
0 0.653750 0.479850 0.022500 0.033739
0 0.535625 0.579194 0.018750 0.011246
0 0.635000 0.514058 0.022500 0.015933
0 0.501469 0.354424 0.022938 0.015314
0 0.979494 0.425112 0.021488 0.012362
0 0.726250 0.511246 0.022500 0.019681
0 0.949375 0.402999 0.023750 0.013121
0 0.670913 0.574039 0.009325 0.010309
0 0.804375 0.484536 0.016250 0.005623
0 0.083125 0.768978 0.033750 0.017807
0 0.119375 0.695408 0.031250 0.018744
0 0.256875 0.695876 0.021250 0.017807
0 0.960625 0.720712 0.018750 0.011246
0 0.791250 0.727273 0.017500 0.007498
0 0.016275 0.402348 0.032550 0.098041
0 0.409975 0.315042 0.104950 0.035895
0 0.513844 0.297226 0.142687 0.050872
0 0.729887 0.216673 0.012275 0.009728
0 0.777388 0.209681 0.012275 0.018238
0 0.880625 0.315436 0.006250 0.010440
0 0.703644 0.344283 0.017288 0.010028
0 0.610906 0.412976 0.021812 0.016204
0 0.617831 0.406148 0.030663 0.021293
0 0.448744 0.514185 0.017487 0.004939
0 0.266131 0.567437 0.019763 0.006476
0 0.500737 0.606275 0.008975 0.005426
0 0.673438 0.546228 0.011875 0.007170
0 0.633256 0.594597 0.016512 0.004564
0 0.681412 0.645066 0.007825 0.008032
0 0.671700 0.656748 0.008400 0.008903
0 0.823256 0.624489 0.016512 0.009991
0 0.883637 0.601059 0.014775 0.009991
0 0.977006 0.577521 0.016512 0.009775
0 0.813675 0.493852 0.009850 0.007385
1 0.672044 0.608622 0.059088 0.163824
1 0.499256 0.666429 0.058513 0.166973
