0 0.933750 0.698326 0.132500 0.066397
0 0.225000 0.621536 0.107500 0.056005
0 0.481250 0.446594 0.092500 0.043303
0 0.703125 0.663395 0.076250 0.039261
0 0.343125 0.464203 0.098750 0.045035
0 0.283125 0.260681 0.081250 0.037529
0 0.553750 0.714781 0.052500 0.025404
0 0.826875 0.430139 0.083750 0.050808
0 0.022500 0.244226 0.045000 0.041570
0 0.573750 0.517321 0.092500 0.035797
0 0.785625 0.262991 0.103750 0.047921
0 0.417500 0.717956 0.050000 0.023672
0 0.876250 0.267898 0.092500 0.050808
0 0.573750 0.610277 0.072500 0.032333
0 0.370625 0.697460 0.053750 0.031178
0 0.468125 0.548499 0.098750 0.032333
0 0.577500 0.460450 0.067500 0.073326
0 0.301250 0.365185 0.057500 0.023672
0 0.751250 0.129619 0.072500 0.034065
0 0.554375 0.356813 0.046250 0.018476
0 0.428125 0.652136 0.061250 0.017898
0 0.300000 0.613453 0.045000 0.020208
0 0.293125 0.673499 0.046250 0.019053
0 0.564375 0.332275 0.058750 0.044457
0 0.275625 0.421478 0.011250 0.004619
0 0.003750 0.490762 0.007500 0.010393
0 0.260625 0.524827 0.123750 0.056582
0 0.249375 0.536085 0.131250 0.061778
0 0.469375 0.671189 0.048750 0.016744
