0 0.971250 0.342090 0.057500 0.059469
0 0.700000 0.649827 0.115000 0.046767
0 0.381875 0.497691 0.088750 0.040416
0 0.888125 0.442552 0.081250 0.032910
0 0.391250 0.563799 0.092500 0.043303
0 0.966875 0.520785 0.051250 0.023095
0 0.420625 0.337760 0.106250 0.035797
0 0.551250 0.470266 0.072500 0.040993
0 0.063750 0.322171 0.082500 0.045035
0 0.943750 0.582852 0.047500 0.021363
0 0.086250 0.282333 0.105000 0.039261
0 0.749375 0.489896 0.066250 0.031755
0 0.890625 0.599885 0.063750 0.023095
0 0.595625 0.524827 0.063750 0.043880
0 0.431875 0.456986 0.156250 0.025982
0 0.173750 0.561778 0.047500 0.025404
0 0.207500 0.446016 0.037500 0.020208
0 0.807500 0.564665 0.035000 0.027714
0 0.699375 0.614319 0.041250 0.019630
0 0.824375 0.629619 0.038750 0.020208
0 0.106250 0.713337 0.040000 0.012125
0 0.158125 0.435912 0.093750 0.024249
0 0.181250 0.715647 0.102500 0.014434
0 0.287500 0.585450 0.010000 0.004619
0 0.377500 0.724596 0.022500 0.006928
0 0.503125 0.613164 0.116250 0.054273
0 0.524375 0.620958 0.126250 0.057159
0 0.856250 0.549654 0.032500 0.021940
