0 0.220000 0.526710 0.115000 0.089972
0 0.606250 0.285848 0.050000 0.050609
0 0.501250 0.228679 0.090000 0.059981
0 0.073125 0.774133 0.063750 0.046860
0 0.636875 0.757732 0.081250 0.068416
0 0.220000 0.828960 0.085000 0.036551
0 0.302500 0.540403 0.072500 0.048004
0 0.773125 0.583411 0.046250 0.030928
0 0.322500 0.328022 0.137500 0.056232
0 0.692500 0.144799 0.047500 0.023430
0 0.340625 0.559044 0.026250 0.019681
0 0.782500 0.370197 0.035000 0.028116
0 0.015625 0.768978 0.031250 0.034677
0 0.016869 0.576387 0.033737 0.043121
0 0.014375 0.647610 0.028750 0.041237
1 0.852163 0.337020 0.124325 0.152952
0 0.756875 0.445858 0.046250 0.035108
0 0.741012 0.146968 0.039525 0.025895
0 0.181944 0.183894 0.033888 0.011649
0 0.238831 0.328257 0.020162 0.019213
0 0.312394 0.304981 0.037288 0.010150
0 0.236075 0.365319 0.082150 0.044602
0 0.205400 0.372535 0.008300 0.010300
0 0.240006 0.409934 0.065013 0.041987
0 0.354244 0.381603 0.028487 0.013440
0 0.357731 0.391392 0.022963 0.014274
0 0.115194 0.570783 0.087888 0.088144
0 0.024025 0.545665 0.048050 0.030412
0 0.379200 0.634335 0.018400 0.010937
0 0.241425 0.581888 0.015350 0.007263
0 0.210956 0.720619 0.011912 0.007310
0 0.898812 0.852043 0.115125 0.035858
0 0.882487 0.820319 0.032475 0.032390
0 0.841300 0.820979 0.042600 0.033711
0 0.934800 0.613215 0.009600 0.026804
0 0.773031 0.414644 0.021063 0.013918
0 0.901856 0.384035 0.008712 0.014555
1 0.797169 0.407020 0.219337 0.103636
1 0.825269 0.524297 0.160537 0.147001
1 0.800319 0.512024 0.228137 0.193683
1 0.772512 0.639489 0.320025 0.137460
1 0.873975 0.804503 0.145450 0.077610
1 0.791425 0.755366 0.310350 0.151781
