0 0.428750 0.297563 0.080000 0.066542
1 0.630625 0.651828 0.176250 0.149016
0 0.673750 0.757732 0.082500 0.059044
1 0.516875 0.601218 0.181250 0.156514
1 0.663750 0.477507 0.127500 0.111528
0 0.955000 0.724930 0.047500 0.038425
0 0.351250 0.737582 0.060000 0.043112
0 0.228750 0.672446 0.065000 0.047798
0 0.848750 0.695876 0.050000 0.042174
0 0.976250 0.638707 0.047500 0.038425
1 0.343750 0.599813 0.097500 0.078725
0 0.338125 0.462043 0.043750 0.028116
0 0.452500 0.789128 0.037500 0.026242
0 0.481250 0.497657 0.060000 0.043112
0 0.497500 0.239456 0.037500 0.038425
0 0.527500 0.719775 0.047500 0.041237
0 0.528125 0.384724 0.086250 0.047798
0 0.527500 0.485005 0.060000 0.047798
0 0.659375 0.185098 0.046250 0.036551
0 0.245000 0.142455 0.052500 0.028116
0 0.731875 0.846767 0.056250 0.051546
0 0.583125 0.157919 0.048750 0.040300
0 0.633125 0.166354 0.041250 0.030928
1 0.388750 0.490628 0.145000 0.115276
0 0.222500 0.309278 0.022500 0.022493
0 0.188125 0.356139 0.041250 0.013121
0 0.511875 0.776007 0.028750 0.024367
0 0.544375 0.783037 0.026250 0.027179
0 0.547500 0.735239 0.022500 0.023430
0 0.559375 0.709466 0.031250 0.024367
0 0.424375 0.733833 0.031250 0.029991
0 0.679375 0.663074 0.013750 0.010309
0 0.474375 0.447516 0.033750 0.019681
0 0.350625 0.242737 0.026250 0.024367
0 0.301250 0.188847 0.020000 0.015933
0 0.561875 0.351921 0.021250 0.038425
0 0.527500 0.358482 0.017500 0.010309
0 0.758750 0.646204 0.020000 0.021556
0 0.825625 0.789597 0.016250 0.014058
0 0.732500 0.649016 0.035000 0.025305
0 0.891250 0.794752 0.012500 0.009372
0 0.891875 0.723524 0.011250 0.011246
0 0.794375 0.742268 0.013750 0.013121
0 0.795000 0.536082 0.022500 0.020619
0 0.776875 0.528585 0.018750 0.018744
0 0.756250 0.374883 0.035000 0.031865
0 0.734375 0.382849 0.013750 0.012184
0 0.796250 0.272727 0.030000 0.022493
0 0.857500 0.140581 0.027500 0.020619
0 0.858125 0.225867 0.018750 0.016870
0 0.983750 0.218369 0.020000 0.016870
0 0.897500 0.276007 0.020000 0.014058
0 0.889375 0.341143 0.016250 0.009372
0 0.896250 0.330366 0.012500 0.014058
0 0.915625 0.281162 0.016250 0.009372
0 0.739375 0.324274 0.021250 0.016870
1 0.245625 0.410497 0.148750 0.101218
0 0.261250 0.370665 0.057500 0.012184
0 0.256875 0.175726 0.008750 0.010309
0 0.250625 0.174321 0.011250 0.011246
1 0.431250 0.177601 0.177500 0.104030
0 0.618125 0.180412 0.043750 0.038425
0 0.632500 0.235708 0.015000 0.012184
0 0.546875 0.358950 0.021250 0.039363
1 0.503750 0.402999 0.087500 0.076851
0 0.435000 0.509841 0.017500 0.033739
0 0.388750 0.488754 0.032500 0.010309
0 0.366875 0.606373 0.011250 0.013121
0 0.365000 0.620900 0.025000 0.032802
0 0.345625 0.582943 0.061250 0.026242
0 0.221250 0.661200 0.017500 0.012184
0 0.727500 0.663543 0.030000 0.016870
1 0.636250 0.629803 0.105000 0.054358
1 0.514375 0.591378 0.041250 0.033739
0 0.706875 0.482193 0.013750 0.006560
0 0.716250 0.326617 0.020000 0.015933
0 0.680625 0.383318 0.136250 0.103093
