0 0.453750 0.294283 0.085000 0.069353
1 0.613125 0.659794 0.186250 0.155576
0 0.643125 0.767573 0.086250 0.061856
1 0.504375 0.601218 0.191250 0.164011
1 0.665000 0.488285 0.135000 0.116214
0 0.927500 0.753515 0.050000 0.039363
0 0.323750 0.727273 0.062500 0.044986
0 0.210000 0.653702 0.067500 0.049672
0 0.825000 0.718369 0.052500 0.044049
0 0.960625 0.669634 0.053750 0.040300
1 0.333125 0.589503 0.103750 0.082474
0 0.342500 0.451265 0.045000 0.029053
0 0.418750 0.784911 0.040000 0.027179
0 0.481250 0.496720 0.062500 0.044986
0 0.528750 0.240862 0.040000 0.039363
0 0.502500 0.720244 0.050000 0.042174
0 0.540625 0.387535 0.088750 0.051546
0 0.530000 0.486879 0.062500 0.049672
0 0.695625 0.196813 0.048750 0.037488
0 0.287500 0.126523 0.055000 0.029991
0 0.690000 0.860825 0.060000 0.053421
0 0.621875 0.164480 0.051250 0.042174
0 0.671250 0.176195 0.042500 0.031865
1 0.390000 0.483130 0.152500 0.120900
0 0.246250 0.291940 0.025000 0.023430
0 0.206250 0.335989 0.042500 0.014058
0 0.479375 0.776007 0.031250 0.026242
0 0.511250 0.785380 0.027500 0.028116
0 0.520000 0.737582 0.025000 0.024367
0 0.534375 0.712277 0.033750 0.026242
0 0.397500 0.728210 0.032500 0.031865
0 0.660000 0.674789 0.015000 0.011246
0 0.480000 0.445642 0.035000 0.021556
0 0.380625 0.233833 0.028750 0.025305
0 0.338125 0.177132 0.021250 0.016870
0 0.579375 0.356139 0.023750 0.039363
0 0.544375 0.360825 0.018750 0.011246
0 0.740000 0.662605 0.022500 0.022493
0 0.791250 0.809747 0.017500 0.014995
0 0.713750 0.663074 0.037500 0.027179
0 0.855625 0.819588 0.013750 0.010309
0 0.863750 0.748360 0.012500 0.012184
0 0.765000 0.760544 0.015000 0.014058
0 0.790625 0.555295 0.023750 0.021556
0 0.772500 0.546860 0.020000 0.019681
0 0.769375 0.392690 0.036250 0.033739
0 0.746250 0.399250 0.015000 0.013121
0 0.821250 0.292409 0.032500 0.024367
0 0.898125 0.165417 0.028750 0.021556
0 0.888750 0.249766 0.020000 0.017807
0 0.921875 0.302718 0.021250 0.014995
0 0.906250 0.367854 0.017500 0.010309
0 0.914375 0.357076 0.013750 0.014995
0 0.938750 0.308810 0.017500 0.010309
0 0.758750 0.340675 0.022500 0.017807
1 0.257500 0.393627 0.155000 0.106842
0 0.278125 0.355670 0.058750 0.014058
0 0.296250 0.160731 0.010000 0.010309
0 0.290000 0.158857 0.012500 0.012184
1 0.468125 0.173852 0.183750 0.111528
0 0.654375 0.189316 0.046250 0.039363
0 0.663125 0.245548 0.016250 0.013121
0 0.563125 0.362231 0.023750 0.040300
1 0.515000 0.402999 0.092500 0.080600
0 0.434375 0.505623 0.018750 0.034677
0 0.390625 0.482193 0.033750 0.012184
0 0.355000 0.596532 0.012500 0.014058
0 0.351875 0.611996 0.026250 0.033739
0 0.336875 0.572634 0.063750 0.028116
0 0.203125 0.641987 0.018750 0.013121
0 0.706875 0.677601 0.031250 0.018744
1 0.620625 0.637769 0.108750 0.059044
1 0.503750 0.591846 0.042500 0.034677
0 0.708125 0.495783 0.013750 0.007498
0 0.735625 0.341143 0.021250 0.016870
0 0.692500 0.395033 0.142500 0.107779
0 0.453750 0.294283 0.085000 0.069353
1 0.613125 0.659794 0.186250 0.155576
0 0.643125 0.767573 0.086250 0.061856
1 0.504375 0.601218 0.191250 0.164011
1 0.665000 0.488285 0.135000 0.116214
0 0.927500 0.753515 0.050000 0.039363
0 0.323750 0.727273 0.062500 0.044986
0 0.210000 0.653702 0.067500 0.049672
0 0.825000 0.718369 0.052500 0.044049
0 0.960625 0.669634 0.053750 0.040300
1 0.333125 0.589503 0.103750 0.082474
0 0.342500 0.451265 0.045000 0.029053
0 0.418750 0.784911 0.040000 0.027179
0 0.481250 0.496720 0.062500 0.044986
0 0.528750 0.240862 0.040000 0.039363
0 0.502500 0.720244 0.050000 0.042174
0 0.540625 0.387535 0.088750 0.051546
0 0.530000 0.486879 0.062500 0.049672
0 0.695625 0.196813 0.048750 0.037488
0 0.287500 0.126523 0.055000 0.029991
0 0.690000 0.860825 0.060000 0.053421
0 0.621875 0.164480 0.051250 0.042174
0 0.671250 0.176195 0.042500 0.031865
1 0.390000 0.483130 0.152500 0.120900
0 0.246250 0.291940 0.025000 0.023430
0 0.206250 0.335989 0.042500 0.014058
0 0.479375 0.776007 0.031250 0.026242
0 0.511250 0.785380 0.027500 0.028116
0 0.520000 0.737582 0.025000 0.024367
0 0.534375 0.712277 0.033750 0.026242
0 0.397500 0.728210 0.032500 0.031865
0 0.660000 0.674789 0.015000 0.011246
0 0.480000 0.445642 0.035000 0.021556
0 0.380625 0.233833 0.028750 0.025305
0 0.338125 0.177132 0.021250 0.016870
0 0.579375 0.356139 0.023750 0.039363
0 0.544375 0.360825 0.018750 0.011246
0 0.740000 0.662605 0.022500 0.022493
0 0.791250 0.809747 0.017500 0.014995
0 0.713750 0.663074 0.037500 0.027179
0 0.855625 0.819588 0.013750 0.010309
0 0.863750 0.748360 0.012500 0.012184
0 0.765000 0.760544 0.015000 0.014058
0 0.790625 0.555295 0.023750 0.021556
0 0.772500 0.546860 0.020000 0.019681
0 0.769375 0.392690 0.036250 0.033739
0 0.746250 0.399250 0.015000 0.013121
0 0.821250 0.292409 0.032500 0.024367
0 0.898125 0.165417 0.028750 0.021556
0 0.888750 0.249766 0.020000 0.017807
0 0.921875 0.302718 0.021250 0.014995
0 0.906250 0.367854 0.017500 0.010309
0 0.914375 0.357076 0.013750 0.014995
0 0.938750 0.308810 0.017500 0.010309
0 0.758750 0.340675 0.022500 0.017807
1 0.257500 0.393627 0.155000 0.106842
0 0.278125 0.355670 0.058750 0.014058
0 0.296250 0.160731 0.010000 0.010309
0 0.290000 0.158857 0.012500 0.012184
1 0.468125 0.173852 0.183750 0.111528
0 0.654375 0.189316 0.046250 0.039363
0 0.663125 0.245548 0.016250 0.013121
0 0.563125 0.362231 0.023750 0.040300
1 0.515000 0.402999 0.092500 0.080600
0 0.434375 0.505623 0.018750 0.034677
0 0.390625 0.482193 0.033750 0.012184
0 0.355000 0.596532 0.012500 0.014058
0 0.351875 0.611996 0.026250 0.033739
0 0.336875 0.572634 0.063750 0.028116
0 0.203125 0.641987 0.018750 0.013121
0 0.706875 0.677601 0.031250 0.018744
1 0.620625 0.637769 0.108750 0.059044
1 0.503750 0.591846 0.042500 0.034677
0 0.708125 0.495783 0.013750 0.007498
0 0.735625 0.341143 0.021250 0.016870
0 0.692500 0.395033 0.142500 0.107779
