0 0.515625 0.439522 0.063750 0.041181
0 0.421250 0.518276 0.065000 0.061856
0 0.739375 0.437676 0.048750 0.043112
0 0.711875 0.332240 0.083750 0.027179
0 0.617356 0.488566 0.102212 0.068041
0 0.476125 0.347301 0.032250 0.023561
0 0.571875 0.368791 0.036250 0.021556
0 0.789450 0.525675 0.048900 0.024171
0 0.861250 0.644799 0.055000 0.033739
0 0.868244 0.387343 0.086487 0.054911
0 0.413750 0.347704 0.032500 0.022493
0 0.664375 0.626054 0.076250 0.024367
0 0.034750 0.332643 0.049500 0.037357
0 0.648125 0.534466 0.066250 0.026757
0 0.553125 0.596532 0.038750 0.034677
1 0.140044 0.478482 0.192587 0.109728
0 0.759375 0.612465 0.028750 0.015933
0 0.775625 0.471884 0.038750 0.019681
0 0.244375 0.327179 0.023750 0.011434
0 0.915338 0.342484 0.045675 0.030797
0 0.785625 0.656982 0.026250 0.013121
0 0.222181 0.367587 0.014363 0.009775
0 0.616250 0.448454 0.035000 0.049672
0 0.798931 0.574508 0.030363 0.016870
0 0.853656 0.517376 0.034813 0.024442
0 0.729875 0.577226 0.017250 0.009185
0 0.938519 0.439025 0.047038 0.038313
0 0.878750 0.549203 0.070000 0.037488
0 0.216875 0.604499 0.058750 0.048735
0 0.136738 0.552690 0.023475 0.008847
0 0.013750 0.739925 0.027500 0.025305
0 0.172419 0.272966 0.104838 0.015473
0 0.066581 0.332516 0.035662 0.027732
0 0.201169 0.371050 0.017337 0.007329
0 0.213525 0.377901 0.014550 0.006036
0 0.205706 0.366795 0.006412 0.004442
0 0.275419 0.333083 0.015838 0.006373
0 0.350062 0.281495 0.020125 0.008163
0 0.298706 0.281734 0.012412 0.003018
0 0.756200 0.300501 0.034900 0.010562
0 0.920300 0.301284 0.060600 0.010253
0 0.984106 0.351490 0.030713 0.045061
0 0.831663 0.433669 0.083325 0.051968
0 0.775806 0.543196 0.044112 0.025473
0 0.600706 0.545619 0.013913 0.007826
0 0.510487 0.470262 0.020975 0.014564
0 0.251713 0.466528 0.010925 0.008969
0 0.377381 0.512638 0.007262 0.005595
0 0.372706 0.515984 0.007912 0.004789
0 0.330637 0.536992 0.061275 0.028060
0 0.427881 0.592184 0.013262 0.014733
0 0.402881 0.615136 0.013262 0.008154
0 0.404206 0.653449 0.010913 0.006054
0 0.260800 0.627301 0.059100 0.047479
0 0.142244 0.630497 0.011987 0.007010
0 0.125456 0.566935 0.010913 0.007348
0 0.030350 0.541954 0.018200 0.007994
0 0.147844 0.543454 0.025688 0.009119
1 0.358800 0.495853 0.090100 0.071368
1 0.329275 0.484761 0.163550 0.109166
1 0.224750 0.496617 0.144500 0.134752
0 0.396550 0.489686 0.015600 0.010300
1 0.995738 0.573444 0.008975 0.016617
