0 0.581875 0.508435 0.058750 0.049672
0 0.471875 0.441893 0.086250 0.051546
0 0.596250 0.676195 0.060000 0.038425
0 0.735000 0.650422 0.040000 0.063730
0 0.521875 0.587629 0.096250 0.080600
0 0.702500 0.473758 0.032500 0.025305
0 0.678750 0.546392 0.030000 0.028116
0 0.481250 0.717901 0.035000 0.037488
0 0.327500 0.777882 0.047500 0.043112
0 0.669375 0.770384 0.078750 0.067479
0 0.698125 0.426898 0.031250 0.025305
0 0.341875 0.629803 0.036250 0.058107
0 0.698750 0.142455 0.052500 0.039363
0 0.461250 0.612933 0.040000 0.050609
0 0.375625 0.544986 0.048750 0.030928
1 0.510625 0.229616 0.156250 0.149953
0 0.363750 0.700094 0.022500 0.022493
0 0.553125 0.704780 0.028750 0.029991
0 0.716875 0.298969 0.016250 0.018744
0 0.731875 0.802718 0.043750 0.036551
0 0.306875 0.721649 0.018750 0.020619
0 0.663125 0.285848 0.013750 0.011246
0 0.576250 0.584349 0.067500 0.029053
0 0.416875 0.727741 0.023750 0.023430
0 0.496875 0.766167 0.033750 0.027179
0 0.409375 0.676195 0.013750 0.014058
0 0.604375 0.825679 0.053750 0.037488
0 0.455625 0.786317 0.053750 0.054358
0 0.346250 0.293346 0.067500 0.046860
0 0.411250 0.231022 0.012500 0.017807
0 0.156250 0.148547 0.035000 0.021556
0 0.785625 0.243205 0.026250 0.079663
0 0.700625 0.166354 0.038750 0.029053
0 0.656875 0.269916 0.011250 0.013121
0 0.648125 0.279288 0.008750 0.011246
0 0.663125 0.273196 0.006250 0.004686
0 0.711250 0.322868 0.010000 0.012184
0 0.783750 0.376757 0.012500 0.014995
0 0.781250 0.338332 0.005000 0.009372
0 0.780000 0.681818 0.015000 0.027179
0 0.786875 0.804592 0.016250 0.045923
0 0.723125 0.855201 0.061250 0.025305
0 0.606250 0.745080 0.072500 0.065604
0 0.458125 0.708529 0.036250 0.033739
0 0.445625 0.578725 0.011250 0.010309
0 0.540625 0.506092 0.021250 0.016870
0 0.532500 0.313027 0.012500 0.009372
0 0.477500 0.409560 0.007500 0.005623
0 0.471875 0.405811 0.006250 0.005623
0 0.441875 0.375351 0.041250 0.047798
0 0.373125 0.451734 0.021250 0.011246
0 0.342500 0.433458 0.012500 0.010309
0 0.290000 0.436270 0.007500 0.008435
0 0.318125 0.328022 0.066250 0.046860
0 0.307500 0.238988 0.010000 0.009372
0 0.392500 0.223524 0.010000 0.008435
0 0.420000 0.151359 0.012500 0.014058
0 0.424375 0.238519 0.013750 0.019681
1 0.498750 0.394564 0.100000 0.071228
1 0.511875 0.371603 0.153750 0.128397
1 0.491250 0.293814 0.187500 0.115276
0 0.508750 0.422212 0.015000 0.012184
1 0.428750 0.875351 0.022500 0.007498
