1 0.323125 0.516870 0.108750 0.077788
0 0.812500 0.710872 0.085000 0.059044
0 0.898750 0.400656 0.030000 0.027179
0 0.858125 0.508903 0.031250 0.022493
0 0.770000 0.537020 0.027500 0.022493
0 0.689375 0.691659 0.031250 0.024367
1 0.505000 0.619025 0.112500 0.087160
1 0.159375 0.435801 0.073750 0.039363
0 0.824375 0.569822 0.028750 0.022493
0 0.795625 0.612465 0.031250 0.021556
0 0.709375 0.614808 0.031250 0.041237
0 0.554375 0.183224 0.128750 0.049672
1 0.540000 0.313027 0.247500 0.131209
1 0.843125 0.340206 0.136250 0.097470
0 0.122500 0.723993 0.040000 0.019681
0 0.753125 0.848641 0.033750 0.023430
1 0.264375 0.262418 0.246250 0.112465
0 0.340000 0.365979 0.055000 0.036551
0 0.033750 0.746485 0.015000 0.025305
0 0.675625 0.551546 0.028750 0.025305
0 0.506250 0.712746 0.035000 0.042174
0 0.058750 0.795689 0.055000 0.031865
0 0.458125 0.771321 0.041250 0.044986
0 0.801875 0.818650 0.038750 0.019681
0 0.491875 0.145267 0.026250 0.018744
0 0.170000 0.744611 0.040000 0.019681
1 0.845000 0.631678 0.112500 0.074977
1 0.552500 0.818182 0.055000 0.031865
1 0.574375 0.856607 0.086250 0.035614
1 0.375625 0.809278 0.123750 0.090909
1 0.291250 0.866917 0.192500 0.058107
1 0.139375 0.878632 0.196250 0.053421
1 0.603750 0.437207 0.320000 0.231490
1 0.842500 0.285848 0.120000 0.044986
1 0.830625 0.220712 0.283750 0.085286
1 0.756250 0.184630 0.157500 0.063730
1 0.837500 0.164011 0.147500 0.056232
1 0.577500 0.245080 0.097500 0.038425
1 0.426250 0.380975 0.067500 0.040300
1 0.316875 0.399719 0.041250 0.032802
1 0.307500 0.382381 0.070000 0.033739
0 0.128750 0.664480 0.032500 0.020619
0 0.231250 0.704311 0.037500 0.029053
0 0.266875 0.702437 0.041250 0.029053
0 0.315000 0.675726 0.025000 0.014995
0 0.277500 0.746017 0.042500 0.031865
0 0.308125 0.750234 0.048750 0.021556
0 0.393750 0.721649 0.050000 0.033739
0 0.512500 0.671978 0.045000 0.028116
0 0.531250 0.625117 0.027500 0.007498
0 0.566875 0.721649 0.028750 0.022493
0 0.585000 0.664011 0.042500 0.051546
0 0.574375 0.624649 0.016250 0.019681
0 0.719375 0.769916 0.016250 0.008435
0 0.628125 0.856607 0.028750 0.024367
0 0.505000 0.854264 0.020000 0.021556
0 0.502500 0.871134 0.022500 0.012184
0 0.412500 0.870197 0.025000 0.015933
0 0.382500 0.805998 0.035000 0.024367
0 0.280625 0.867385 0.023750 0.015933
0 0.373125 0.850047 0.011250 0.009372
0 0.833750 0.661200 0.025000 0.010309
0 0.868750 0.649485 0.012500 0.009372
0 0.921250 0.125586 0.035000 0.016870
0 0.670000 0.134489 0.017500 0.008435
0 0.640000 0.132146 0.020000 0.013121
0 0.576875 0.141987 0.021250 0.012184
0 0.612500 0.119494 0.027500 0.008435
0 0.640000 0.167291 0.032500 0.015933
0 0.494375 0.171509 0.038750 0.026242
0 0.519375 0.171509 0.018750 0.009372
0 0.433125 0.170103 0.016250 0.006560
0 0.425000 0.337863 0.012500 0.006560
0 0.320000 0.231959 0.027500 0.014058
0 0.286875 0.223993 0.033750 0.020619
0 0.180625 0.246017 0.031250 0.017807
0 0.140000 0.264761 0.025000 0.019681
0 0.133125 0.255858 0.016250 0.007498
1 0.671250 0.403468 0.030000 0.029053
1 0.323125 0.516870 0.108750 0.077788
0 0.812500 0.710872 0.085000 0.059044
0 0.898750 0.400656 0.030000 0.027179
0 0.858125 0.508903 0.031250 0.022493
0 0.770000 0.537020 0.027500 0.022493
0 0.689375 0.691659 0.031250 0.024367
1 0.505000 0.619025 0.112500 0.087160
1 0.159375 0.435801 0.073750 0.039363
0 0.824375 0.569822 0.028750 0.022493
0 0.795625 0.612465 0.031250 0.021556
0 0.709375 0.614808 0.031250 0.041237
0 0.554375 0.183224 0.128750 0.049672
1 0.540000 0.313027 0.247500 0.131209
1 0.843125 0.340206 0.136250 0.097470
0 0.122500 0.723993 0.040000 0.019681
0 0.753125 0.848641 0.033750 0.023430
1 0.264375 0.262418 0.246250 0.112465
0 0.340000 0.365979 0.055000 0.036551
0 0.033750 0.746485 0.015000 0.025305
0 0.675625 0.551546 0.028750 0.025305
0 0.506250 0.712746 0.035000 0.042174
0 0.058750 0.795689 0.055000 0.031865
0 0.458125 0.771321 0.041250 0.044986
0 0.801875 0.818650 0.038750 0.019681
0 0.491875 0.145267 0.026250 0.018744
0 0.170000 0.744611 0.040000 0.019681
1 0.845000 0.631678 0.112500 0.074977
1 0.552500 0.818182 0.055000 0.031865
1 0.574375 0.856607 0.086250 0.035614
1 0.375625 0.809278 0.123750 0.090909
1 0.291250 0.866917 0.192500 0.058107
1 0.139375 0.878632 0.196250 0.053421
1 0.603750 0.437207 0.320000 0.231490
1 0.842500 0.285848 0.120000 0.044986
1 0.830625 0.220712 0.283750 0.085286
1 0.756250 0.184630 0.157500 0.063730
1 0.837500 0.164011 0.147500 0.056232
1 0.577500 0.245080 0.097500 0.038425
1 0.426250 0.380975 0.067500 0.040300
1 0.316875 0.399719 0.041250 0.032802
1 0.307500 0.382381 0.070000 0.033739
0 0.128750 0.664480 0.032500 0.020619
0 0.231250 0.704311 0.037500 0.029053
0 0.266875 0.702437 0.041250 0.029053
0 0.315000 0.675726 0.025000 0.014995
0 0.277500 0.746017 0.042500 0.031865
0 0.308125 0.750234 0.048750 0.021556
0 0.393750 0.721649 0.050000 0.033739
0 0.512500 0.671978 0.045000 0.028116
0 0.531250 0.625117 0.027500 0.007498
0 0.566875 0.721649 0.028750 0.022493
0 0.585000 0.664011 0.042500 0.051546
0 0.574375 0.624649 0.016250 0.019681
0 0.719375 0.769916 0.016250 0.008435
0 0.628125 0.856607 0.028750 0.024367
0 0.505000 0.854264 0.020000 0.021556
0 0.502500 0.871134 0.022500 0.012184
0 0.412500 0.870197 0.025000 0.015933
0 0.382500 0.805998 0.035000 0.024367
0 0.280625 0.867385 0.023750 0.015933
0 0.373125 0.850047 0.011250 0.009372
0 0.833750 0.661200 0.025000 0.010309
0 0.868750 0.649485 0.012500 0.009372
0 0.921250 0.125586 0.035000 0.016870
0 0.670000 0.134489 0.017500 0.008435
0 0.640000 0.132146 0.020000 0.013121
0 0.576875 0.141987 0.021250 0.012184
0 0.612500 0.119494 0.027500 0.008435
0 0.640000 0.167291 0.032500 0.015933
0 0.494375 0.171509 0.038750 0.026242
0 0.519375 0.171509 0.018750 0.009372
0 0.433125 0.170103 0.016250 0.006560
0 0.425000 0.337863 0.012500 0.006560
0 0.320000 0.231959 0.027500 0.014058
0 0.286875 0.223993 0.033750 0.020619
0 0.180625 0.246017 0.031250 0.017807
0 0.140000 0.264761 0.025000 0.019681
0 0.133125 0.255858 0.016250 0.007498
1 0.671250 0.403468 0.030000 0.029053
