1 0.493750 0.366917 0.095000 0.075914
0 0.193750 0.715558 0.072500 0.059044
0 0.598125 0.806935 0.033750 0.020619
0 0.457500 0.766167 0.027500 0.021556
0 0.427500 0.698219 0.027500 0.018744
0 0.228750 0.624649 0.030000 0.021556
0 0.050000 0.919400 0.052500 0.037488
1 0.340994 0.493650 0.106987 0.078210
1 0.615625 0.251214 0.046250 0.052568
0 0.378750 0.736176 0.027500 0.019681
0 0.325625 0.710872 0.026250 0.021556
0 0.330000 0.646204 0.052500 0.019681
0 0.026250 0.969541 0.052500 0.051546
0 0.916875 0.568416 0.056250 0.092784
1 0.745000 0.546532 0.155000 0.176476
1 0.791250 0.891753 0.037500 0.042174
1 0.682488 0.769991 0.119975 0.094808
0 0.236250 0.199157 0.022500 0.029053
0 0.015625 0.659325 0.028750 0.023430
1 0.837500 0.345361 0.130000 0.177132
0 0.692500 0.392221 0.045000 0.038425
0 0.212500 0.120431 0.032500 0.029053
0 0.416875 0.626523 0.031250 0.019681
0 0.218125 0.485473 0.053750 0.022493
0 0.146875 0.143861 0.038750 0.040300
0 0.143750 0.445642 0.057500 0.027179
0 0.051875 0.697751 0.023750 0.027179
0 0.972500 0.524836 0.022500 0.018744
0 0.203750 0.232896 0.022500 0.029053
1 0.295725 0.745843 0.091450 0.078379
1 0.072931 0.511298 0.038363 0.038529
1 0.020225 0.523960 0.040450 0.061978
1 0.100850 0.379794 0.111700 0.086673
1 0.030725 0.311190 0.061450 0.140656
1 0.027344 0.185112 0.054688 0.169663
1 0.575381 0.582441 0.283263 0.222052
1 0.756137 0.774452 0.049775 0.086860
1 0.755250 0.921129 0.058000 0.091556
1 0.842206 0.771790 0.089413 0.208997
1 0.896244 0.719105 0.072487 0.112999
1 0.916412 0.781429 0.062825 0.106439
1 0.831744 0.579817 0.043487 0.070600
1 0.664163 0.455933 0.048325 0.047760
1 0.649525 0.372118 0.041550 0.028210
1 0.673319 0.365942 0.039137 0.049597
1 0.501112 0.028294 0.067225 0.056589
0 0.053731 0.102690 0.029962 0.021687
0 0.279363 0.087732 0.036225 0.019888
0 0.313800 0.208191 0.025100 0.022755
0 0.252875 0.281992 0.035750 0.026026
0 0.251381 0.307798 0.035263 0.028903
0 0.282681 0.345295 0.017862 0.017676
0 0.193319 0.312676 0.039137 0.029288
0 0.185300 0.334316 0.025600 0.035080
0 0.215775 0.400670 0.041550 0.034705
0 0.270900 0.493697 0.034300 0.031443
0 0.332600 0.511687 0.007700 0.020562
0 0.201262 0.530829 0.027525 0.019485
0 0.275600 0.548505 0.066200 0.026720
0 0.328800 0.544100 0.025100 0.010412
0 0.122806 0.640211 0.010613 0.011443
0 0.014750 0.564485 0.029500 0.019316
0 0.028544 0.472338 0.027088 0.013093
0 0.007763 0.468871 0.015525 0.015530
0 0.015444 0.401720 0.018388 0.018060
0 0.104731 0.386064 0.029462 0.024236
0 0.030425 0.304470 0.018350 0.016626
0 0.045788 0.375080 0.011575 0.007891
0 0.256819 0.734227 0.011137 0.017657
0 0.270325 0.761373 0.010650 0.008219
0 0.961144 0.847671 0.019787 0.025239
0 0.970300 0.658594 0.010600 0.012596
0 0.976950 0.636654 0.016400 0.013702
0 0.968481 0.588477 0.014462 0.014817
0 0.995675 0.616945 0.008850 0.019269
0 0.929412 0.633294 0.018825 0.023852
0 0.937187 0.524161 0.031875 0.026767
0 0.934569 0.542821 0.011638 0.013477
0 0.944856 0.479246 0.007212 0.011912
0 0.722606 0.458112 0.007712 0.009007
0 0.872962 0.389508 0.015925 0.019878
0 0.885294 0.365122 0.025587 0.023590
0 0.865619 0.283182 0.021237 0.022784
0 0.844813 0.251996 0.024625 0.016645
0 0.856838 0.247587 0.008675 0.011575
0 0.584575 0.117512 0.024150 0.021340
1 0.612938 0.635600 0.035875 0.020965
