0 0.048125 0.356139 0.096250 0.095595
0 0.601875 0.350984 0.026250 0.017807
0 0.662500 0.408622 0.025000 0.022493
0 0.141250 0.573102 0.055000 0.040300
0 0.090000 0.441893 0.122500 0.096532
0 0.105000 0.558575 0.025000 0.026242
0 0.643750 0.299906 0.025000 0.020619
0 0.080281 0.512868 0.038062 0.041668
0 0.229719 0.608477 0.011938 0.007957
0 0.167963 0.696584 0.020925 0.021097
0 0.030288 0.706068 0.023075 0.017573
0 0.007106 0.659086 0.014212 0.015455
0 0.448150 0.640380 0.018800 0.009906
0 0.809881 0.527268 0.024762 0.021734
0 0.569250 0.095211 0.023500 0.019850
0 0.795956 0.215553 0.011912 0.026232
0 0.482675 0.141392 0.030350 0.027863
1 0.217481 0.147826 0.047462 0.018238
1 0.165712 0.255750 0.133925 0.114124
1 0.442956 0.284808 0.048412 0.054152
1 0.246019 0.503575 0.139537 0.120553
1 0.406750 0.461846 0.071000 0.046467
1 0.528881 0.518351 0.042763 0.032015
1 0.548850 0.527601 0.277700 0.213590
1 0.662569 0.583407 0.165138 0.120890
1 0.720181 0.658482 0.157863 0.128585
1 0.525531 0.734714 0.136063 0.093608
0 0.797288 0.777071 0.017075 0.011500
0 0.796850 0.813519 0.031200 0.028163
1 0.843044 0.468543 0.091088 0.101097
