0 0.931250 0.513590 0.090000 0.067479
0 0.665000 0.387535 0.105000 0.081537
0 0.216250 0.832240 0.127500 0.058107
0 0.685000 0.677132 0.052500 0.049672
0 0.729375 0.849578 0.088750 0.066542
0 0.658750 0.526242 0.035000 0.027179
0 0.897500 0.706186 0.065000 0.044049
0 0.533125 0.537957 0.033750 0.022493
0 0.330625 0.769447 0.108750 0.037488
0 0.990625 0.262887 0.018750 0.092784
0 0.033750 0.562793 0.067500 0.075914
0 0.624375 0.610122 0.071250 0.054358
0 0.820000 0.560450 0.050000 0.024367
0 0.917500 0.440019 0.047500 0.029053
0 0.065000 0.604967 0.130000 0.139644
0 0.595000 0.857076 0.062500 0.045923
0 0.379375 0.439082 0.043750 0.032802
0 0.212500 0.677601 0.052500 0.043112
0 0.473125 0.335989 0.036250 0.029053
0 0.151875 0.511715 0.031250 0.020619
0 0.880625 0.312559 0.018750 0.015933
0 0.865625 0.308341 0.016250 0.013121
0 0.845625 0.273664 0.011250 0.013121
0 0.557500 0.497657 0.012500 0.013121
0 0.392500 0.237582 0.012500 0.010309
0 0.395625 0.303655 0.043750 0.026242
0 0.311250 0.153233 0.022500 0.014058
0 0.290625 0.150422 0.036250 0.029053
0 0.211250 0.220244 0.012500 0.011246
0 0.147500 0.305061 0.020000 0.012184
0 0.044375 0.381912 0.031250 0.023430
0 0.238125 0.690253 0.018750 0.017807
0 0.320625 0.548266 0.023750 0.026242
0 0.098125 0.838332 0.068750 0.029053
0 0.438125 0.717901 0.018750 0.014995
0 0.654375 0.874414 0.053750 0.028116
0 0.590625 0.876289 0.071250 0.016870
0 0.715625 0.680881 0.023750 0.023430
0 0.931250 0.513590 0.090000 0.067479
0 0.665000 0.387535 0.105000 0.081537
0 0.216250 0.832240 0.127500 0.058107
0 0.685000 0.677132 0.052500 0.049672
0 0.729375 0.849578 0.088750 0.066542
0 0.658750 0.526242 0.035000 0.027179
0 0.897500 0.706186 0.065000 0.044049
0 0.533125 0.537957 0.033750 0.022493
0 0.330625 0.769447 0.108750 0.037488
0 0.990625 0.262887 0.018750 0.092784
0 0.033750 0.562793 0.067500 0.075914
0 0.624375 0.610122 0.071250 0.054358
0 0.820000 0.560450 0.050000 0.024367
0 0.917500 0.440019 0.047500 0.029053
0 0.065000 0.604967 0.130000 0.139644
0 0.595000 0.857076 0.062500 0.045923
0 0.379375 0.439082 0.043750 0.032802
0 0.212500 0.677601 0.052500 0.043112
0 0.473125 0.335989 0.036250 0.029053
0 0.151875 0.511715 0.031250 0.020619
0 0.880625 0.312559 0.018750 0.015933
0 0.865625 0.308341 0.016250 0.013121
0 0.845625 0.273664 0.011250 0.013121
0 0.557500 0.497657 0.012500 0.013121
0 0.392500 0.237582 0.012500 0.010309
0 0.395625 0.303655 0.043750 0.026242
0 0.311250 0.153233 0.022500 0.014058
0 0.290625 0.150422 0.036250 0.029053
0 0.211250 0.220244 0.012500 0.011246
0 0.147500 0.305061 0.020000 0.012184
0 0.044375 0.381912 0.031250 0.023430
0 0.238125 0.690253 0.018750 0.017807
0 0.320625 0.548266 0.023750 0.026242
0 0.098125 0.838332 0.068750 0.029053
0 0.438125 0.717901 0.018750 0.014995
0 0.654375 0.874414 0.053750 0.028116
0 0.590625 0.876289 0.071250 0.016870
0 0.715625 0.680881 0.023750 0.023430
