0 0.480625 0.177132 0.083750 0.061856
0 0.539375 0.085286 0.061250 0.059981
0 0.335625 0.387535 0.101250 0.072165
0 0.966250 0.683224 0.067500 0.091846
0 0.718750 0.346692 0.062500 0.035464
0 0.945000 0.298500 0.082500 0.060918
0 0.520625 0.379569 0.033750 0.024367
0 0.739375 0.185567 0.053750 0.044986
0 0.547500 0.472821 0.027500 0.023430
0 0.873125 0.603561 0.041250 0.078725
0 0.141250 0.119963 0.120000 0.073102
0 0.625000 0.863636 0.095000 0.087160
0 0.635000 0.397376 0.067500 0.048735
0 0.551875 0.255858 0.028750 0.035614
0 0.383750 0.194002 0.035000 0.033739
0 0.678750 0.832709 0.175000 0.120900
0 0.755000 0.039831 0.045000 0.030928
0 0.966875 0.398313 0.056250 0.043112
0 0.430000 0.596064 0.040000 0.029991
0 0.760356 0.699283 0.053213 0.035867
0 0.284375 0.534677 0.036250 0.025305
0 0.546250 0.759606 0.025000 0.021556
0 0.261937 0.104709 0.028875 0.023852
0 0.217288 0.232287 0.019575 0.012840
0 0.213319 0.244494 0.016637 0.011012
0 0.169325 0.262338 0.016150 0.007338
0 0.490725 0.456963 0.016450 0.008585
0 0.160188 0.603299 0.012875 0.008847
0 0.246806 0.595684 0.031113 0.031106
0 0.054831 0.671317 0.017163 0.015548
0 0.053238 0.687390 0.036475 0.025201
0 0.154475 0.740000 0.013950 0.008585
0 0.271262 0.780169 0.015025 0.013946
0 0.381625 0.850328 0.028250 0.021181
0 0.150538 0.924770 0.006075 0.018238
0 0.776269 0.679752 0.022538 0.011799
0 0.579487 0.630351 0.033975 0.016092
0 0.983969 0.771893 0.032938 0.049878
0 0.794300 0.527657 0.018600 0.013140
0 0.982900 0.351879 0.033300 0.038341
0 0.991994 0.399419 0.016487 0.052821
0 0.721094 0.323885 0.029687 0.016092
0 0.480625 0.177132 0.083750 0.061856
0 0.539375 0.085286 0.061250 0.059981
0 0.335625 0.387535 0.101250 0.072165
0 0.966250 0.683224 0.067500 0.091846
0 0.718750 0.346692 0.062500 0.035464
0 0.945000 0.298500 0.082500 0.060918
0 0.520625 0.379569 0.033750 0.024367
0 0.739375 0.185567 0.053750 0.044986
0 0.547500 0.472821 0.027500 0.023430
0 0.873125 0.603561 0.041250 0.078725
0 0.141250 0.119963 0.120000 0.073102
0 0.625000 0.863636 0.095000 0.087160
0 0.635000 0.397376 0.067500 0.048735
0 0.551875 0.255858 0.028750 0.035614
0 0.383750 0.194002 0.035000 0.033739
0 0.678750 0.832709 0.175000 0.120900
0 0.755000 0.039831 0.045000 0.030928
0 0.966875 0.398313 0.056250 0.043112
0 0.430000 0.596064 0.040000 0.029991
0 0.760356 0.699283 0.053213 0.035867
0 0.284375 0.534677 0.036250 0.025305
0 0.546250 0.759606 0.025000 0.021556
0 0.261937 0.104709 0.028875 0.023852
0 0.217288 0.232287 0.019575 0.012840
0 0.213319 0.244494 0.016637 0.011012
0 0.169325 0.262338 0.016150 0.007338
0 0.490725 0.456963 0.016450 0.008585
0 0.160188 0.603299 0.012875 0.008847
0 0.246806 0.595684 0.031113 0.031106
0 0.054831 0.671317 0.017163 0.015548
0 0.053238 0.687390 0.036475 0.025201
0 0.154475 0.740000 0.013950 0.008585
0 0.271262 0.780169 0.015025 0.013946
0 0.381625 0.850328 0.028250 0.021181
0 0.150538 0.924770 0.006075 0.018238
0 0.776269 0.679752 0.022538 0.011799
0 0.579487 0.630351 0.033975 0.016092
0 0.983969 0.771893 0.032938 0.049878
0 0.794300 0.527657 0.018600 0.013140
0 0.982900 0.351879 0.033300 0.038341
0 0.991994 0.399419 0.016487 0.052821
0 0.721094 0.323885 0.029687 0.016092
