0 0.331600 0.680820 0.108200 0.066420
0 0.348125 0.517338 0.056250 0.048735
0 0.698125 0.578725 0.078750 0.075914
0 0.522500 0.679363 0.072500 0.046635
0 0.738125 0.542643 0.048750 0.054358
0 0.474375 0.395501 0.088750 0.029991
0 0.226875 0.690253 0.041250 0.030928
0 0.602500 0.750665 0.040000 0.031790
0 0.260625 0.601218 0.041250 0.030928
0 0.628125 0.475164 0.046250 0.026242
0 0.322500 0.410028 0.032500 0.025305
0 0.710625 0.656045 0.053750 0.043112
0 0.317500 0.557638 0.060000 0.026242
0 0.095000 0.903936 0.040000 0.029053
0 0.346875 0.324742 0.033750 0.023430
0 0.655625 0.413374 0.026250 0.017001
0 0.462500 0.500937 0.030000 0.051546
0 0.489375 0.641987 0.013750 0.011246
0 0.708994 0.354016 0.025487 0.018247
0 0.145000 0.338800 0.040000 0.027179
0 0.894375 0.532802 0.036250 0.059044
0 0.373125 0.820993 0.013750 0.011246
0 0.230000 0.622774 0.032500 0.025305
0 0.292556 0.428721 0.035112 0.027076
0 0.546250 0.497657 0.022500 0.020619
0 0.572694 0.433379 0.025387 0.019522
0 0.759375 0.337395 0.038750 0.031865
0 0.938750 0.337395 0.025000 0.014995
0 0.575000 0.580600 0.037500 0.029053
0 0.680625 0.684161 0.026250 0.018744
0 0.731875 0.433927 0.016250 0.011246
0 0.836875 0.354264 0.013750 0.011246
0 0.860625 0.337863 0.026250 0.017807
1 0.896156 0.440689 0.039813 0.028519
1 0.899294 0.431917 0.123588 0.084077
1 0.962206 0.538187 0.074413 0.097929
1 0.947262 0.577732 0.104525 0.087048
1 0.864844 0.606888 0.124688 0.091003
1 0.809156 0.629761 0.138313 0.093636
0 0.865606 0.681776 0.128713 0.013974
0 0.719994 0.664096 0.012488 0.010478
0 0.869031 0.769161 0.013062 0.008800
0 0.654531 0.702802 0.011562 0.011040
0 0.517875 0.664058 0.030750 0.021649
0 0.486900 0.814611 0.013800 0.011603
0 0.374025 0.775108 0.013050 0.011321
0 0.342012 0.664747 0.036525 0.041771
0 0.240931 0.780801 0.019363 0.011462
0 0.155144 0.944381 0.015288 0.006851
0 0.060969 0.715961 0.016938 0.012990
0 0.037956 0.744264 0.043412 0.028360
0 0.021094 0.765970 0.039688 0.032409
0 0.027956 0.596729 0.013413 0.012577
0 0.023194 0.611204 0.016387 0.013411
0 0.269669 0.508922 0.009338 0.016907
0 0.053187 0.479939 0.028875 0.017048
0 0.049688 0.470253 0.019375 0.005173
0 0.183000 0.449255 0.011000 0.006289
0 0.192700 0.452315 0.022900 0.008660
0 0.772438 0.411542 0.017375 0.011462
0 0.993419 0.338336 0.014338 0.016879
0 0.760037 0.844063 0.015075 0.008650
0 0.588525 0.871996 0.012050 0.010159
