0 0.253750 0.380975 0.092500 0.083411
0 0.472500 0.386598 0.067500 0.044049
0 0.403125 0.651359 0.103750 0.061856
0 0.262500 0.522962 0.065000 0.056232
0 0.451875 0.679944 0.073750 0.038425
0 0.638750 0.477038 0.042500 0.067479
0 0.237500 0.301781 0.042500 0.031865
0 0.169375 0.586223 0.043750 0.030928
0 0.357500 0.324274 0.042500 0.031865
0 0.538125 0.595127 0.036250 0.035614
0 0.613750 0.363168 0.035000 0.025305
0 0.299375 0.663074 0.058750 0.042174
0 0.417500 0.365042 0.037500 0.045923
0 0.728750 0.379569 0.032500 0.026242
0 0.620625 0.613871 0.023750 0.020619
0 0.498750 0.471415 0.070000 0.024367
0 0.311250 0.497188 0.015000 0.010309
0 0.702500 0.651828 0.025000 0.019681
0 0.702500 0.228210 0.037500 0.030928
0 0.470000 0.796157 0.080000 0.029053
0 0.068750 0.416589 0.015000 0.010309
0 0.327500 0.302249 0.035000 0.025305
0 0.587500 0.342549 0.037500 0.027179
0 0.505625 0.534677 0.028750 0.017807
0 0.591250 0.552484 0.027500 0.019681
0 0.726875 0.688847 0.043750 0.029991
0 0.731875 0.822399 0.021250 0.019681
0 0.396250 0.559044 0.040000 0.029053
0 0.261875 0.641987 0.026250 0.020619
0 0.597500 0.671509 0.015000 0.012184
0 0.706250 0.747423 0.015000 0.010309
0 0.730000 0.764761 0.025000 0.020619
1 0.593125 0.795220 0.038750 0.030928
1 0.604375 0.796626 0.116250 0.095595
1 0.465000 0.848172 0.132500 0.059981
1 0.412500 0.838332 0.120000 0.081537
1 0.370000 0.777413 0.125000 0.096532
1 0.337500 0.736645 0.130000 0.106842
0 0.270625 0.781162 0.023750 0.096532
0 0.288125 0.671040 0.013750 0.009372
0 0.154375 0.786317 0.011250 0.009372
0 0.236250 0.623711 0.015000 0.008435
0 0.282500 0.519213 0.030000 0.024367
0 0.080000 0.501874 0.015000 0.010309
0 0.128750 0.415183 0.015000 0.009372
0 0.275000 0.387535 0.057500 0.029053
0 0.116875 0.315370 0.016250 0.014058
0 0.197500 0.179007 0.017500 0.013121
0 0.159375 0.163074 0.038750 0.033739
0 0.128750 0.150422 0.045000 0.030928
0 0.354375 0.150422 0.016250 0.010309
0 0.335000 0.146673 0.017500 0.012184
0 0.480000 0.328022 0.022500 0.007498
0 0.511875 0.164011 0.023750 0.022493
0 0.524375 0.161200 0.008750 0.014995
0 0.556875 0.261012 0.008750 0.008435
0 0.552500 0.268041 0.012500 0.016870
0 0.627500 0.701031 0.015000 0.013121
0 0.733750 0.864105 0.022500 0.011246
0 0.050625 0.707591 0.011250 0.011246
0 0.009375 0.579194 0.011250 0.009372
