0 0.938125 0.411737 0.036250 0.021596
0 0.803125 0.519249 0.051250 0.035681
0 0.426875 0.591080 0.111250 0.042254
0 0.932500 0.646009 0.035000 0.022535
0 0.693750 0.591549 0.090000 0.020657
0 0.821875 0.276056 0.011250 0.009390
0 0.810625 0.275587 0.011250 0.019718
0 0.822500 0.239437 0.015000 0.015023
0 0.715000 0.324413 0.012500 0.006573
0 0.859375 0.458216 0.033750 0.022535
0 0.725625 0.469484 0.033750 0.022535
0 0.948125 0.372300 0.026250 0.017840
0 0.953125 0.359155 0.016250 0.012207
0 0.840625 0.641784 0.036250 0.023474
0 0.671250 0.327700 0.022500 0.015023
0 0.624375 0.364319 0.018750 0.016901
0 0.498125 0.199061 0.023750 0.026291
0 0.473750 0.508920 0.037500 0.018779
0 0.526250 0.569953 0.017500 0.031925
0 0.656250 0.563850 0.020000 0.038498
0 0.488125 0.534742 0.051250 0.014085
0 0.600000 0.405164 0.017500 0.017840
0 0.610000 0.379812 0.017500 0.014085
0 0.471250 0.565258 0.010000 0.007512
0 0.240625 0.294836 0.011250 0.009390
0 0.425000 0.744601 0.017500 0.011268
0 0.584375 0.866667 0.008750 0.011268
0 0.670000 0.744131 0.012500 0.004695
0 0.700625 0.761033 0.013750 0.004695
0 0.804375 0.753521 0.021250 0.008451
0 0.890625 0.753052 0.018750 0.005634
0 0.715000 0.418779 0.012500 0.007512
0 0.616875 0.246948 0.011250 0.007512
0 0.297500 0.582160 0.067500 0.031925
0 0.269375 0.532394 0.021250 0.011268
0 0.275625 0.519249 0.018750 0.015023
0 0.318125 0.458216 0.018750 0.016901
0 0.329375 0.372300 0.011250 0.010329
0 0.432500 0.330047 0.015000 0.017840
0 0.435000 0.300939 0.010000 0.008451
0 0.462500 0.243662 0.010000 0.008451
0 0.472500 0.239437 0.010000 0.011268
0 0.505000 0.168545 0.010000 0.010329
0 0.492500 0.176056 0.010000 0.017840
0 0.381875 0.607512 0.098750 0.028169
1 0.460625 0.290141 0.201250 0.262911
1 0.332500 0.424413 0.202500 0.229108
1 0.735000 0.142723 0.072500 0.065728
0 0.869375 0.110798 0.031250 0.013146
0 0.835000 0.198122 0.017500 0.009390
0 0.855000 0.235681 0.015000 0.011268
0 0.863125 0.256338 0.013750 0.009390
0 0.849375 0.294836 0.011250 0.009390
0 0.901250 0.307042 0.015000 0.007512
0 0.939375 0.324883 0.016250 0.013146
