0 0.458125 0.601218 0.088750 0.066542
0 0.625994 0.506443 0.076988 0.055061
0 0.033125 0.822399 0.066250 0.051546
0 0.302500 0.709466 0.080000 0.046860
0 0.486250 0.717901 0.092500 0.063730
0 0.690625 0.540300 0.048750 0.049672
0 0.696875 0.592915 0.053750 0.051809
0 0.746250 0.772259 0.052500 0.046860
0 0.961875 0.621368 0.061250 0.046860
0 0.371250 0.627460 0.062500 0.042174
0 0.715000 0.633552 0.047500 0.033739
0 0.685625 0.688847 0.048750 0.037488
0 0.973925 0.491565 0.040350 0.034677
0 0.686250 0.742737 0.050000 0.038425
0 0.434375 0.512184 0.056250 0.038425
0 0.084375 0.683693 0.048750 0.038425
0 0.175625 0.402062 0.043750 0.043112
0 0.596875 0.222118 0.041250 0.026242
0 0.645000 0.183693 0.047500 0.029991
0 0.133125 0.397376 0.053750 0.028116
0 0.044375 0.128449 0.041250 0.020722
0 0.516250 0.837395 0.050000 0.040300
0 0.984375 0.577788 0.031250 0.049672
0 0.141244 0.327924 0.022487 0.020422
0 0.643750 0.320525 0.030000 0.024367
0 0.463750 0.278819 0.020000 0.014058
0 0.418650 0.274386 0.019800 0.027685
0 0.822500 0.320525 0.020000 0.013121
0 0.834375 0.325211 0.016250 0.011246
0 0.118125 0.344892 0.026250 0.018744
0 0.111875 0.546392 0.026250 0.014995
0 0.412500 0.351453 0.017500 0.014995
0 0.564375 0.497188 0.021250 0.015933
0 0.826250 0.381912 0.020000 0.017807
0 0.801250 0.418463 0.020000 0.015933
0 0.959650 0.545455 0.021800 0.016870
0 0.745625 0.690722 0.021250 0.014995
0 0.749375 0.826617 0.018750 0.011246
0 0.115913 0.223622 0.039325 0.023627
0 0.330381 0.420586 0.053262 0.031425
0 0.617281 0.311940 0.037062 0.035314
0 0.701500 0.598247 0.018000 0.013739
0 0.690856 0.532882 0.021713 0.016092
