0 0.530625 0.396907 0.096250 0.072165
0 0.374375 0.502343 0.083750 0.059981
0 0.927500 0.148547 0.072500 0.055295
0 0.673750 0.278819 0.085000 0.051546
0 0.488750 0.282099 0.100000 0.069353
0 0.305625 0.472352 0.053750 0.052484
0 0.292500 0.421275 0.060000 0.055295
0 0.223750 0.245080 0.057500 0.049672
0 0.029375 0.408622 0.058750 0.050609
0 0.613750 0.365042 0.067500 0.045923
0 0.269375 0.380975 0.051250 0.036551
0 0.293750 0.323805 0.052500 0.040300
0 0.029375 0.539831 0.043750 0.037488
0 0.286875 0.270853 0.053750 0.041237
0 0.563750 0.484067 0.060000 0.042174
0 0.892500 0.290534 0.052500 0.041237
0 0.834375 0.576851 0.048750 0.045923
0 0.435625 0.783037 0.043750 0.029053
0 0.393125 0.825211 0.051250 0.032802
0 0.878125 0.578257 0.056250 0.031865
0 0.987500 0.840206 0.025000 0.023430
0 0.445000 0.164948 0.055000 0.043112
0 0.013125 0.454077 0.026250 0.051546
0 0.877500 0.648079 0.025000 0.021556
0 0.377500 0.688847 0.032500 0.026242
0 0.561875 0.717901 0.021250 0.014995
0 0.606875 0.719306 0.023750 0.029053
0 0.199375 0.700562 0.021250 0.014058
0 0.187500 0.695876 0.017500 0.012184
0 0.899375 0.629803 0.028750 0.020619
0 0.881250 0.428304 0.027500 0.016870
0 0.604375 0.642455 0.018750 0.015933
0 0.436250 0.507029 0.022500 0.016870
0 0.188750 0.639175 0.022500 0.018744
0 0.209375 0.600750 0.021250 0.016870
0 0.036875 0.485005 0.023750 0.017807
0 0.233750 0.326617 0.022500 0.015933
0 0.213750 0.190722 0.020000 0.012184
0 0.915625 0.750703 0.041250 0.026242
0 0.678750 0.568885 0.057500 0.035614
0 0.405625 0.695408 0.041250 0.037488
0 0.288125 0.416120 0.018750 0.014995
0 0.306250 0.480787 0.022500 0.016870
