1 0.493125 0.677601 0.208750 0.181818
1 0.273750 0.658857 0.230000 0.189316
1 0.402500 0.829897 0.237500 0.119025
0 0.160625 0.236645 0.038750 0.044049
1 0.626875 0.812559 0.228750 0.125586
0 0.679375 0.355670 0.081250 0.042174
0 0.526875 0.392690 0.058750 0.067479
0 0.469375 0.378163 0.068750 0.047798
0 0.263125 0.365511 0.041250 0.041237
0 0.694375 0.301312 0.078750 0.081537
0 0.396875 0.294752 0.073750 0.030928
0 0.331875 0.402530 0.081250 0.040300
0 0.332500 0.550141 0.037500 0.043112
0 0.195625 0.333646 0.048750 0.041237
0 0.370625 0.430178 0.061250 0.052484
0 0.888750 0.815839 0.042500 0.038425
0 0.353750 0.187441 0.112500 0.046860
0 0.138125 0.823805 0.043750 0.033739
0 0.473750 0.161200 0.052500 0.028116
0 0.211875 0.452671 0.036250 0.026242
0 0.860000 0.344892 0.017500 0.011246
0 0.176250 0.558575 0.037500 0.028116
0 0.419375 0.449859 0.041250 0.039363
0 0.307500 0.260544 0.035000 0.028116
0 0.218125 0.875351 0.036250 0.039363
1 0.830000 0.139644 0.092500 0.080600
1 0.573125 0.222587 0.228750 0.177132
0 0.125625 0.238988 0.036250 0.043112
0 0.311250 0.545455 0.015000 0.029991
0 0.298750 0.545455 0.017500 0.016870
0 0.385625 0.515464 0.018750 0.018744
0 0.398125 0.505155 0.016250 0.029991
0 0.523750 0.546860 0.027500 0.066542
0 0.535625 0.529053 0.026250 0.068416
0 0.551250 0.563261 0.027500 0.065604
0 0.577500 0.597001 0.042500 0.035614
0 0.581250 0.509372 0.032500 0.038425
0 0.564375 0.466729 0.016250 0.011246
0 0.653125 0.612933 0.013750 0.009372
0 0.790000 0.537957 0.017500 0.011246
0 0.781875 0.426898 0.016250 0.008435
0 0.918125 0.431584 0.008750 0.006560
0 0.703125 0.574039 0.016250 0.010309
0 0.583750 0.795220 0.015000 0.012184
0 0.096875 0.734770 0.038750 0.082474
0 0.710625 0.121837 0.033750 0.024367
