1 0.502500 0.322399 0.212500 0.183693
1 0.723125 0.338800 0.233750 0.192127
1 0.590000 0.169634 0.240000 0.121837
0 0.846250 0.759138 0.040000 0.044986
1 0.366250 0.190253 0.230000 0.127460
0 0.325000 0.646673 0.082500 0.043112
0 0.476250 0.607779 0.060000 0.068416
0 0.533750 0.621368 0.070000 0.048735
0 0.740625 0.632146 0.041250 0.042174
0 0.310000 0.701500 0.080000 0.081537
0 0.607500 0.703843 0.075000 0.031865
0 0.671250 0.596064 0.082500 0.041237
0 0.667500 0.447985 0.037500 0.043112
0 0.808750 0.663074 0.050000 0.042174
0 0.631250 0.568885 0.062500 0.052484
0 0.104375 0.189784 0.043750 0.038425
0 0.654375 0.810684 0.113750 0.048735
0 0.855625 0.171509 0.043750 0.033739
0 0.535625 0.839269 0.053750 0.029053
0 0.790000 0.544049 0.037500 0.027179
0 0.143750 0.660731 0.017500 0.011246
0 0.823125 0.438144 0.038750 0.029053
0 0.582500 0.549672 0.042500 0.040300
0 0.699375 0.737113 0.036250 0.029053
0 0.773750 0.120900 0.037500 0.039363
1 0.179375 0.864574 0.093750 0.081537
1 0.434375 0.778819 0.231250 0.179944
0 0.880625 0.756326 0.036250 0.043112
0 0.687500 0.452671 0.015000 0.029991
0 0.700625 0.452671 0.018750 0.016870
0 0.614375 0.483599 0.018750 0.018744
0 0.603125 0.493908 0.016250 0.029991
0 0.475625 0.453140 0.028750 0.066542
0 0.465000 0.471884 0.027500 0.068416
0 0.448125 0.437676 0.028750 0.065604
0 0.421250 0.403936 0.042500 0.035614
0 0.419375 0.492502 0.033750 0.038425
0 0.436875 0.535145 0.016250 0.011246
0 0.345625 0.389878 0.013750 0.009372
0 0.210000 0.465792 0.017500 0.011246
0 0.220625 0.577788 0.016250 0.008435
0 0.085000 0.574039 0.010000 0.006560
0 0.295625 0.428772 0.016250 0.010309
0 0.410000 0.206654 0.015000 0.012184
0 0.898125 0.260544 0.041250 0.082474
0 0.299375 0.881912 0.033750 0.024367
