0 0.153125 0.475035 0.096250 0.073840
1 0.313125 0.360408 0.301250 0.204641
1 0.411250 0.374473 0.357500 0.155415
0 0.977500 0.416667 0.045000 0.037271
0 0.958750 0.502110 0.070000 0.032349
1 0.496875 0.469058 0.141250 0.126582
0 0.931875 0.334388 0.051250 0.024613
0 0.791875 0.439873 0.096250 0.101969
0 0.079375 0.705345 0.058750 0.070323
0 0.568750 0.781997 0.127500 0.087201
0 0.717500 0.546414 0.135000 0.091421
0 0.230625 0.645921 0.051250 0.035865
0 0.856250 0.600211 0.145000 0.128692
0 0.781875 0.773207 0.043750 0.020394
0 0.887500 0.716596 0.045000 0.022504
0 0.698125 0.765823 0.028750 0.015471
0 0.558125 0.815049 0.041250 0.018284
0 0.416875 0.670183 0.026250 0.016878
0 0.411250 0.815752 0.052500 0.014065
0 0.343125 0.709564 0.023750 0.015471
0 0.388125 0.378692 0.026250 0.014768
0 0.313750 0.328059 0.022500 0.017581
0 0.183750 0.449015 0.032500 0.017581
0 0.910000 0.277426 0.030000 0.016174
0 0.495625 0.184599 0.021250 0.013361
0 0.253125 0.199719 0.028750 0.012658
0 0.183750 0.286217 0.027500 0.014065
0 0.585625 0.176160 0.023750 0.010549
1 0.554375 0.473980 0.171250 0.127989
1 0.678750 0.432138 0.230000 0.092124
1 0.687500 0.391350 0.230000 0.079466
1 0.128750 0.425457 0.227500 0.202532
1 0.033750 0.502813 0.067500 0.091421
1 0.053750 0.518284 0.107500 0.122363
0 0.235625 0.594233 0.031250 0.011252
1 0.273125 0.648734 0.331250 0.158228
1 0.159375 0.616737 0.256250 0.189873
1 0.067500 0.654008 0.135000 0.182841
0 0.482500 0.796062 0.067500 0.042194
0 0.501250 0.771449 0.080000 0.039381
0 0.740625 0.441983 0.201250 0.131505
0 0.550625 0.528129 0.026250 0.012658
