0 0.150000 0.499297 0.082500 0.068917
1 0.285000 0.374473 0.265000 0.189170
1 0.385625 0.381505 0.333750 0.134318
0 0.968125 0.383966 0.063750 0.033755
0 0.040000 0.836850 0.080000 0.043601
0 0.955000 0.470464 0.065000 0.028129
1 0.490000 0.469409 0.117500 0.120253
0 0.893750 0.306259 0.047500 0.021800
0 0.776875 0.420534 0.076250 0.098453
0 0.126875 0.732419 0.043750 0.068214
0 0.630000 0.775316 0.112500 0.080872
0 0.725625 0.530942 0.118750 0.084388
0 0.263750 0.662799 0.045000 0.033052
0 0.875000 0.575246 0.120000 0.122363
0 0.838125 0.751406 0.041250 0.017581
0 0.931875 0.688467 0.041250 0.019691
0 0.753125 0.750352 0.026250 0.014065
0 0.625625 0.809072 0.038750 0.016174
0 0.454375 0.675105 0.023750 0.015471
0 0.480000 0.818917 0.050000 0.010549
0 0.389375 0.719058 0.021250 0.014768
0 0.361875 0.387131 0.023750 0.013361
0 0.277500 0.341772 0.020000 0.016878
0 0.175000 0.471519 0.030000 0.016174
0 0.858750 0.251406 0.027500 0.014768
0 0.427500 0.187060 0.020000 0.012658
0 0.190000 0.219409 0.027500 0.011252
0 0.139375 0.310127 0.026250 0.012658
0 0.514375 0.172644 0.021250 0.009142
1 0.548750 0.470113 0.147500 0.120253
1 0.662500 0.420534 0.217500 0.078762
1 0.662500 0.379395 0.220000 0.065401
1 0.114375 0.451477 0.188750 0.192686
1 0.031250 0.535865 0.062500 0.088608
1 0.051875 0.549930 0.103750 0.116737
0 0.006250 0.761603 0.012500 0.005626
0 0.258125 0.611814 0.028750 0.009845
1 0.307500 0.663854 0.305000 0.139241
1 0.188125 0.639592 0.221250 0.177918
1 0.076875 0.685302 0.153750 0.173699
0 0.546250 0.795007 0.060000 0.038678
0 0.560625 0.769339 0.073750 0.035162
0 0.726250 0.425809 0.177500 0.121660
0 0.556250 0.524613 0.025000 0.011252
