0 0.711250 0.821462 0.095000 0.060918
0 0.736875 0.779288 0.078750 0.049672
0 0.655625 0.764761 0.076250 0.082474
0 0.688125 0.726804 0.071250 0.053421
0 0.660000 0.676195 0.085000 0.047798
1 0.406875 0.768041 0.128750 0.165886
1 0.299375 0.229616 0.153750 0.224930
0 0.706250 0.648547 0.070000 0.044986
0 0.730000 0.629803 0.037500 0.043112
1 0.291875 0.436739 0.161250 0.198688
0 0.606875 0.293346 0.033750 0.024367
0 0.574375 0.292877 0.031250 0.025305
1 0.322500 0.612465 0.115000 0.179007
0 0.754375 0.632146 0.021250 0.023430
0 0.687500 0.604030 0.075000 0.030928
0 0.693750 0.669166 0.030000 0.016870
