1 0.850625 0.392690 0.166250 0.123711
0 0.197500 0.679944 0.025000 0.019681
0 0.244375 0.692127 0.023750 0.017807
0 0.088750 0.575445 0.037500 0.024367
0 0.452500 0.417057 0.062500 0.097470
0 0.966250 0.493440 0.040000 0.034677
0 0.979375 0.589035 0.018750 0.017807
0 0.834375 0.828022 0.013750 0.008435
0 0.851250 0.667291 0.057500 0.031865
0 0.810625 0.657919 0.026250 0.018744
0 0.764375 0.643393 0.023750 0.019681
0 0.693750 0.723993 0.017500 0.017807
0 0.645000 0.761949 0.012500 0.013121
0 0.580000 0.593252 0.032500 0.020619
0 0.421250 0.492502 0.050000 0.045923
0 0.370625 0.643393 0.021250 0.015933
0 0.354375 0.585286 0.183750 0.092784
1 0.155625 0.872540 0.181250 0.112465
1 0.578125 0.261012 0.068750 0.055295
1 0.635000 0.252109 0.075000 0.058107
1 0.615625 0.254920 0.113750 0.065604
1 0.713750 0.209466 0.125000 0.057170
1 0.881875 0.102156 0.071250 0.050609
1 0.913750 0.098875 0.025000 0.045923
1 0.307500 0.212746 0.082500 0.067479
0 0.454375 0.196813 0.021250 0.016870
0 0.121875 0.312090 0.026250 0.022493
0 0.002500 0.245080 0.005000 0.021556
0 0.937500 0.803655 0.017500 0.017807
