0 0.873958 0.622396 0.173958 0.179167
0 0.119792 0.635417 0.127083 0.142708
0 0.209375 0.198437 0.165625 0.163542
0 0.261198 0.789062 0.143229 0.111458
0 0.280990 0.323437 0.141146 0.132292
0 0.261458 0.600260 0.136458 0.127604
0 0.590625 0.252344 0.144792 0.101562
0 0.706250 0.160938 0.148958 0.141667
0 0.746094 0.501042 0.098437 0.128125
0 0.228906 0.462500 0.106771 0.121875
0 0.710677 0.354167 0.111979 0.136458
0 0.477344 0.857812 0.144271 0.140625
0 0.530208 0.364063 0.123958 0.100000
0 0.407292 0.689583 0.132292 0.110417
0 0.517969 0.583594 0.114062 0.103646
0 0.386979 0.384896 0.094792 0.113542
0 0.690625 0.630729 0.118750 0.115625
0 0.371875 0.531510 0.100000 0.119271
0 0.685677 0.782813 0.139063 0.121875
0 0.616927 0.477083 0.090104 0.128125
0 0.559375 0.694010 0.122917 0.094271
0 0.430469 0.241927 0.120313 0.094271
0 0.466667 0.112240 0.147917 0.088021
0 0.088802 0.422656 0.084896 0.147396
0 0.877344 0.363281 0.107813 0.190104
