0 0.274000 0.185333 0.174667 0.136000
0 0.300667 0.836000 0.158667 0.130667
0 0.677333 0.864667 0.170667 0.150667
0 0.608667 0.683333 0.140000 0.124000
0 0.469333 0.128667 0.178667 0.161333
0 0.460000 0.688667 0.109333 0.126667
0 0.391333 0.342667 0.129333 0.130667
0 0.682000 0.419333 0.124000 0.137333
0 0.310000 0.488667 0.129333 0.158667
0 0.121333 0.507333 0.168000 0.174667
0 0.655333 0.151333 0.153333 0.161333
0 0.488667 0.882667 0.134667 0.120000
0 0.540000 0.316000 0.146667 0.112000
0 0.154000 0.317333 0.156000 0.146667
0 0.162000 0.707333 0.166667 0.132000
0 0.886667 0.576667 0.128000 0.158667
0 0.834667 0.752000 0.170667 0.130667
0 0.872000 0.380000 0.157333 0.184000
0 0.793333 0.232667 0.165333 0.142667
0 0.331333 0.638667 0.126667 0.088000
0 0.697333 0.560667 0.085333 0.102667
