0 0.192667 0.737333 0.142667 0.178667
0 0.842667 0.688000 0.136000 0.162667
0 0.858000 0.310667 0.156000 0.176000
0 0.679333 0.385333 0.129333 0.144000
0 0.129333 0.544000 0.168000 0.184000
0 0.689333 0.534000 0.130667 0.113333
0 0.346000 0.614667 0.134667 0.133333
0 0.413333 0.322000 0.141333 0.129333
0 0.494667 0.691333 0.162667 0.134667
0 0.520667 0.878667 0.180000 0.173333
0 0.146000 0.358000 0.166667 0.158667
0 0.882000 0.498667 0.124000 0.138667
0 0.314667 0.467333 0.117333 0.150667
0 0.329333 0.852667 0.152000 0.161333
0 0.719333 0.832000 0.137333 0.170667
0 0.564000 0.110667 0.162667 0.133333
0 0.740000 0.158000 0.136000 0.174667
0 0.368000 0.132667 0.189333 0.164000
0 0.223333 0.217333 0.148000 0.170667
0 0.644667 0.664667 0.092000 0.129333
0 0.554000 0.302000 0.105333 0.089333
