0 0.112667 0.446667 0.137333 0.122667
0 0.783333 0.694000 0.158667 0.150667
0 0.616000 0.349333 0.136000 0.114667
0 0.153333 0.318667 0.128000 0.117333
0 0.878000 0.560000 0.137333 0.157333
0 0.790000 0.296667 0.116000 0.129333
0 0.138000 0.604000 0.172000 0.152000
0 0.286667 0.433333 0.106667 0.104000
0 0.690667 0.486667 0.144000 0.136000
0 0.666000 0.223333 0.108000 0.118667
0 0.436000 0.798000 0.178667 0.148000
0 0.270000 0.242000 0.145333 0.110667
0 0.360667 0.573333 0.164000 0.138667
0 0.533333 0.191333 0.128000 0.113333
0 0.864000 0.402667 0.136000 0.122667
0 0.539333 0.603333 0.142667 0.142667
0 0.643333 0.776000 0.164000 0.144000
0 0.347333 0.338667 0.124000 0.125333
0 0.266667 0.739333 0.154667 0.180000
0 0.467333 0.296000 0.118667 0.109333
0 0.391333 0.188667 0.118667 0.100000
