0 0.320667 0.811715 0.126667 0.263598
0 0.334667 0.284519 0.122667 0.246862
0 0.619333 0.913180 0.102667 0.173640
0 0.394667 0.081590 0.114667 0.163180
0 0.308667 0.534519 0.126667 0.265690
0 0.432000 0.360879 0.109333 0.207113
0 0.712667 0.117155 0.086667 0.188285
0 0.488667 0.199791 0.113333 0.219665
0 0.572667 0.151674 0.094667 0.232218
0 0.726667 0.302301 0.088000 0.173640
0 0.441333 0.744770 0.125333 0.217573
0 0.523333 0.839958 0.102667 0.215481
0 0.656000 0.381799 0.085333 0.173640
0 0.597333 0.738494 0.098667 0.196653
0 0.403333 0.933054 0.102667 0.125523
0 0.641333 0.574268 0.093333 0.169456
0 0.650667 0.049163 0.098667 0.073222
0 0.417333 0.584728 0.106667 0.202929
0 0.480000 0.021967 0.104000 0.043933
0 0.726667 0.533473 0.082667 0.196653
0 0.637333 0.229079 0.090667 0.232218
0 0.684000 0.770921 0.088000 0.257322
