0 0.841333 0.708000 0.128000 0.144000
0 0.243333 0.186000 0.137333 0.145333
0 0.660000 0.136667 0.152000 0.150667
0 0.122000 0.598667 0.132000 0.122667
0 0.156000 0.320000 0.136000 0.141333
0 0.642667 0.885333 0.125333 0.133333
0 0.168667 0.728000 0.140000 0.144000
0 0.377333 0.881333 0.122667 0.144000
0 0.285333 0.626000 0.133333 0.132000
0 0.619333 0.302000 0.121333 0.129333
0 0.772667 0.220667 0.132000 0.126667
0 0.876667 0.602667 0.108000 0.106667
0 0.305333 0.388000 0.117333 0.122667
0 0.252000 0.823333 0.120000 0.121333
0 0.839333 0.327333 0.124000 0.110667
0 0.632667 0.692000 0.126667 0.117333
0 0.386000 0.303333 0.121333 0.126667
0 0.770667 0.815333 0.122667 0.116000
0 0.265333 0.494667 0.112000 0.112000
0 0.693333 0.614667 0.128000 0.122667
0 0.702667 0.392000 0.106667 0.104000
0 0.724667 0.503333 0.110667 0.094667
0 0.508667 0.114667 0.121333 0.125333
0 0.511333 0.736667 0.121333 0.132000
0 0.504000 0.908000 0.144000 0.130667
0 0.386000 0.718667 0.116000 0.120000
0 0.112000 0.465333 0.128000 0.125333
0 0.380667 0.120000 0.102667 0.128000
0 0.494667 0.268000 0.112000 0.114667
0 0.876000 0.461333 0.109333 0.128000
