0 0.264667 0.821333 0.134667 0.117333
0 0.835333 0.271333 0.134667 0.126667
0 0.849333 0.691333 0.138667 0.140000
0 0.436000 0.114667 0.112000 0.122667
0 0.710667 0.173333 0.130667 0.125333
0 0.104667 0.609333 0.124000 0.114667
0 0.302667 0.150000 0.133333 0.129333
0 0.131333 0.344000 0.134667 0.112000
0 0.394000 0.276000 0.121333 0.122667
0 0.688000 0.635333 0.120000 0.110667
0 0.755333 0.796000 0.116000 0.122667
0 0.365333 0.866000 0.098667 0.100000
0 0.628667 0.315333 0.113333 0.108000
0 0.200000 0.224667 0.112000 0.110667
0 0.642667 0.852667 0.101333 0.116000
0 0.298000 0.614667 0.108000 0.117333
0 0.706667 0.404000 0.117333 0.112000
0 0.162667 0.742000 0.106667 0.113333
0 0.527333 0.266667 0.102667 0.104000
0 0.368667 0.683333 0.113333 0.118667
0 0.590667 0.712000 0.096000 0.098667
0 0.477333 0.724000 0.085333 0.104000
0 0.883333 0.541333 0.116000 0.112000
0 0.264000 0.491333 0.122667 0.110667
0 0.094667 0.468667 0.120000 0.134667
0 0.292667 0.366667 0.110667 0.106667
0 0.570000 0.116667 0.116000 0.118667
0 0.890667 0.414000 0.120000 0.092000
0 0.732000 0.515333 0.106667 0.102667
0 0.506667 0.877333 0.120000 0.098667
