0 0.500000 0.118347 0.125333 0.130252
0 0.145333 0.620448 0.114667 0.114846
0 0.194000 0.271709 0.121333 0.126050
0 0.733333 0.504902 0.122667 0.121849
0 0.366667 0.130952 0.106667 0.107843
0 0.181333 0.714286 0.112000 0.126050
0 0.270667 0.192577 0.106667 0.110644
0 0.830667 0.728291 0.112000 0.112045
0 0.889333 0.471289 0.109333 0.093838
0 0.278000 0.796218 0.102667 0.116246
0 0.322667 0.612045 0.109333 0.120448
0 0.338000 0.349440 0.113333 0.113445
0 0.450667 0.692577 0.098667 0.119048
0 0.751333 0.828431 0.102667 0.121849
0 0.396667 0.857843 0.124000 0.135854
0 0.598667 0.323529 0.125333 0.117647
0 0.468667 0.283613 0.116000 0.116246
0 0.866667 0.364846 0.104000 0.102241
0 0.878000 0.598039 0.113333 0.131653
0 0.627333 0.140756 0.118667 0.110644
0 0.688000 0.391457 0.101333 0.107843
0 0.636667 0.885854 0.105333 0.119048
0 0.134000 0.383754 0.121333 0.131653
0 0.735333 0.198880 0.100000 0.106443
0 0.131333 0.502801 0.126667 0.100840
0 0.812667 0.265406 0.097333 0.096639
0 0.286000 0.472689 0.108000 0.110644
0 0.672000 0.635854 0.114667 0.117647
0 0.513333 0.877451 0.096000 0.116246
0 0.570000 0.712185 0.094667 0.099440
