0 0.276302 0.467708 0.098437 0.113542
0 0.870573 0.697656 0.115104 0.132812
0 0.582031 0.810156 0.097396 0.076563
0 0.469792 0.914583 0.151042 0.114583
0 0.330729 0.111979 0.151042 0.139583
0 0.618229 0.299740 0.143750 0.121354
0 0.615885 0.404427 0.068229 0.075521
0 0.820312 0.200260 0.117708 0.128646
0 0.609375 0.184375 0.131250 0.108333
0 0.788281 0.369010 0.083854 0.097396
0 0.773177 0.818750 0.101562 0.095833
0 0.591146 0.068750 0.106250 0.083333
0 0.904427 0.418229 0.117188 0.094792
0 0.640885 0.890104 0.100521 0.085417
0 0.788281 0.648438 0.081771 0.088542
0 0.292187 0.850260 0.120833 0.101562
0 0.232031 0.680208 0.090104 0.095833
0 0.330729 0.244531 0.086458 0.079687
0 0.455208 0.182292 0.118750 0.090625
0 0.878125 0.312760 0.083333 0.096354
0 0.703385 0.745833 0.094271 0.093750
0 0.163542 0.753125 0.092708 0.121875
0 0.249740 0.321615 0.079687 0.077604
0 0.467708 0.070052 0.093750 0.074479
0 0.377083 0.679948 0.118750 0.092188
0 0.715104 0.106771 0.104167 0.083333
0 0.714844 0.395573 0.072396 0.083854
0 0.486979 0.633854 0.069792 0.063542
0 0.186198 0.446615 0.092188 0.125521
0 0.647656 0.680469 0.086979 0.079687
0 0.121354 0.341667 0.088542 0.102083
0 0.444010 0.534115 0.064062 0.059896
0 0.726562 0.257031 0.085417 0.082812
0 0.211979 0.229427 0.117708 0.115104
0 0.317708 0.764844 0.077083 0.077604
0 0.583594 0.517708 0.059896 0.064583
0 0.407813 0.597396 0.077083 0.077083
0 0.187760 0.571875 0.079687 0.085417
0 0.328906 0.362760 0.073438 0.072396
0 0.919531 0.541406 0.101562 0.140104
0 0.298438 0.586979 0.064583 0.071875
0 0.409115 0.295052 0.072396 0.059896
0 0.445312 0.807031 0.115625 0.098437
0 0.079167 0.614062 0.088542 0.135417
0 0.389844 0.414844 0.068229 0.077604
0 0.362760 0.513802 0.070312 0.082812
0 0.544792 0.355729 0.067708 0.053125
0 0.521094 0.720313 0.159896 0.092708
0 0.713542 0.609115 0.058333 0.066146
0 0.641406 0.567448 0.059896 0.065104
0 0.515885 0.566927 0.067187 0.053646
0 0.465625 0.441406 0.068750 0.065104
0 0.456510 0.360938 0.069271 0.054167
0 0.659375 0.485156 0.059375 0.073438
0 0.077083 0.465365 0.084375 0.108854
0 0.497135 0.271875 0.059896 0.055208
0 0.745052 0.497656 0.075521 0.107813
0 0.828906 0.510677 0.071354 0.140104
0 0.550000 0.431771 0.062500 0.058333
0 0.574479 0.622135 0.075000 0.055729
