0 0.718229 0.559635 0.086458 0.103646
0 0.156771 0.258594 0.101042 0.121354
0 0.456510 0.182552 0.090104 0.066146
0 0.580990 0.092448 0.140104 0.098437
0 0.621094 0.905729 0.136979 0.123958
0 0.358594 0.684896 0.131771 0.106250
0 0.373437 0.580729 0.060417 0.068750
0 0.145833 0.758854 0.104167 0.116667
0 0.353125 0.800260 0.120833 0.094271
0 0.198177 0.595052 0.073438 0.089063
0 0.268229 0.150521 0.091667 0.085417
0 0.357552 0.917188 0.098437 0.071875
0 0.088802 0.532292 0.107813 0.082292
0 0.407552 0.096094 0.092188 0.074479
0 0.232552 0.317708 0.072396 0.080208
0 0.749219 0.177604 0.110937 0.088542
0 0.788021 0.354167 0.080208 0.086458
0 0.636719 0.774479 0.078646 0.070833
0 0.505990 0.821094 0.109896 0.077604
0 0.102083 0.639844 0.072917 0.088021
0 0.328385 0.231510 0.084896 0.083854
0 0.864844 0.290365 0.079687 0.113021
0 0.727083 0.707552 0.071875 0.069271
0 0.480208 0.931250 0.086458 0.064583
0 0.644010 0.336979 0.109896 0.079167
0 0.238542 0.864323 0.095833 0.072396
0 0.274479 0.577865 0.063542 0.076563
0 0.529687 0.368750 0.063542 0.056250
0 0.804948 0.591146 0.078646 0.116667
0 0.376042 0.302865 0.079167 0.070312
0 0.857031 0.703906 0.077604 0.093229
0 0.559635 0.473438 0.057813 0.053125
0 0.245833 0.713542 0.077083 0.073958
0 0.752865 0.804167 0.105729 0.103125
0 0.713802 0.259375 0.069271 0.069792
0 0.419271 0.472396 0.053125 0.058333
0 0.603906 0.414844 0.069271 0.069271
0 0.819271 0.466927 0.070833 0.077604
0 0.653385 0.657292 0.066146 0.064583
0 0.089063 0.408073 0.086458 0.130729
0 0.711198 0.438542 0.056771 0.065625
0 0.565104 0.714583 0.066667 0.052083
0 0.591927 0.202344 0.105729 0.085938
0 0.931510 0.438281 0.073438 0.127604
0 0.599219 0.598437 0.059896 0.070833
0 0.638021 0.503125 0.061458 0.076042
0 0.438021 0.638021 0.062500 0.045833
0 0.506250 0.278906 0.152083 0.074479
0 0.301302 0.366146 0.051562 0.060417
0 0.367708 0.416406 0.053125 0.058854
0 0.492448 0.432031 0.061979 0.046354
0 0.527344 0.562760 0.061979 0.057813
0 0.526302 0.643750 0.064062 0.046875
0 0.340365 0.495833 0.051562 0.067708
0 0.916146 0.586198 0.072917 0.100521
0 0.475521 0.727083 0.054167 0.048958
0 0.256771 0.472917 0.063542 0.101042
0 0.175000 0.449479 0.055208 0.134375
0 0.441927 0.561719 0.056771 0.051562
0 0.441146 0.370052 0.069792 0.047396
