0 0.720052 0.552344 0.090104 0.106771
0 0.148438 0.270833 0.105208 0.125000
0 0.445573 0.184635 0.092188 0.069271
0 0.566406 0.090104 0.143229 0.103125
0 0.635156 0.901302 0.141146 0.128646
0 0.365104 0.689844 0.135417 0.110937
0 0.376302 0.585417 0.063021 0.070833
0 0.155208 0.771094 0.108333 0.120313
0 0.364063 0.805469 0.123958 0.098437
0 0.201823 0.605729 0.076563 0.091667
0 0.256250 0.158854 0.094792 0.088542
0 0.371875 0.922135 0.101042 0.075521
0 0.090104 0.546615 0.110417 0.085938
0 0.393750 0.099219 0.094792 0.077604
0 0.226042 0.326823 0.075000 0.082812
0 0.737760 0.169010 0.114062 0.092188
0 0.782813 0.344531 0.083333 0.089063
0 0.646354 0.769531 0.081250 0.073438
0 0.517188 0.820312 0.112500 0.081250
0 0.107292 0.653646 0.076042 0.090625
0 0.319010 0.237760 0.088021 0.086979
0 0.857292 0.277604 0.083333 0.115625
0 0.734115 0.699479 0.074479 0.071875
0 0.495312 0.931771 0.088542 0.067708
0 0.638542 0.332031 0.112500 0.082812
0 0.251302 0.873177 0.098437 0.075521
0 0.277344 0.585677 0.066146 0.078646
0 0.525000 0.367708 0.065625 0.058333
0 0.808073 0.580469 0.082812 0.119271
0 0.369010 0.307292 0.081771 0.072917
0 0.863802 0.691146 0.080729 0.095833
0 0.558854 0.471354 0.059375 0.055208
0 0.253385 0.722656 0.079687 0.076563
0 0.763542 0.795052 0.109375 0.106771
0 0.705208 0.252344 0.071875 0.072396
0 0.418229 0.475260 0.055208 0.059896
0 0.600521 0.411458 0.071875 0.071875
0 0.817969 0.455729 0.073438 0.080208
0 0.659115 0.652083 0.068229 0.066667
0 0.086198 0.422135 0.091146 0.133854
0 0.708594 0.431250 0.058854 0.067708
0 0.572656 0.712500 0.068229 0.054167
0 0.581510 0.198958 0.108854 0.089583
0 0.929427 0.423438 0.077604 0.130208
0 0.602604 0.594792 0.062500 0.072917
0 0.637760 0.498437 0.064062 0.078125
0 0.442969 0.640104 0.064062 0.047917
0 0.498698 0.278906 0.154688 0.079687
0 0.296615 0.373177 0.053646 0.061979
0 0.365104 0.420833 0.055208 0.060417
0 0.490104 0.432552 0.063542 0.048438
0 0.529427 0.561719 0.064062 0.059896
0 0.531250 0.642708 0.065625 0.048958
0 0.340365 0.501302 0.053646 0.069271
0 0.919010 0.571354 0.076563 0.103125
0 0.483073 0.727604 0.055729 0.051042
0 0.255990 0.481250 0.067187 0.103125
0 0.173698 0.460938 0.059896 0.136458
0 0.444271 0.563802 0.058333 0.053646
0 0.436719 0.372396 0.071354 0.050000
