0 0.408073 0.718229 0.090104 0.070833
0 0.389323 0.269010 0.082812 0.061979
0 0.903125 0.632552 0.087500 0.113021
0 0.127604 0.308594 0.090625 0.104688
0 0.754167 0.421354 0.064583 0.069792
0 0.248698 0.535937 0.068229 0.071875
0 0.603385 0.250521 0.074479 0.067708
0 0.473177 0.907552 0.086979 0.075521
0 0.638802 0.363281 0.060937 0.068229
0 0.255729 0.830208 0.082292 0.076042
0 0.678906 0.786198 0.076563 0.068229
0 0.573958 0.316927 0.071875 0.065104
0 0.291927 0.142969 0.083854 0.071354
0 0.495573 0.822396 0.078646 0.069792
0 0.666146 0.206771 0.069792 0.063542
0 0.602604 0.100521 0.075000 0.068750
0 0.737240 0.576823 0.069271 0.055729
0 0.754167 0.501563 0.079167 0.083333
0 0.196354 0.628385 0.066667 0.073438
0 0.492708 0.660677 0.066667 0.060937
0 0.651042 0.696875 0.073958 0.072917
0 0.576042 0.911979 0.084375 0.062500
0 0.703385 0.126562 0.088021 0.067708
0 0.836458 0.563021 0.059375 0.091667
0 0.851823 0.740365 0.075521 0.085938
0 0.366927 0.880469 0.101562 0.068229
0 0.809896 0.192448 0.088542 0.074479
0 0.511198 0.091406 0.084896 0.063021
0 0.928906 0.519010 0.068229 0.084896
0 0.170052 0.544010 0.070312 0.070312
0 0.488281 0.730469 0.067187 0.068229
0 0.303125 0.748177 0.066667 0.061979
0 0.082031 0.542448 0.078646 0.076563
0 0.311198 0.475000 0.055729 0.063542
0 0.783594 0.815625 0.076563 0.081250
0 0.795052 0.314063 0.059896 0.059375
0 0.247396 0.699740 0.058333 0.056771
0 0.247135 0.279687 0.075521 0.067708
0 0.326562 0.544531 0.058333 0.068229
0 0.628385 0.615104 0.068229 0.065625
0 0.465625 0.241406 0.071875 0.065104
0 0.565365 0.449740 0.056771 0.058854
0 0.078906 0.432031 0.072396 0.095312
0 0.570052 0.723698 0.076563 0.080729
0 0.489583 0.160938 0.068750 0.057292
0 0.827604 0.381250 0.062500 0.063542
0 0.425000 0.651042 0.065625 0.052083
0 0.591146 0.814844 0.068750 0.077604
0 0.843229 0.463021 0.067708 0.081250
0 0.370052 0.349479 0.060937 0.056250
0 0.247917 0.450260 0.061458 0.075521
0 0.317708 0.219531 0.068750 0.064062
0 0.104167 0.643229 0.070833 0.087500
0 0.452083 0.590104 0.059375 0.050000
0 0.744792 0.722917 0.066667 0.070833
0 0.548177 0.367708 0.059896 0.051042
0 0.885156 0.288542 0.083854 0.111458
0 0.320312 0.404948 0.053125 0.057813
0 0.282813 0.608073 0.062500 0.064062
0 0.405990 0.096615 0.090104 0.076563
0 0.734375 0.251823 0.065625 0.061979
0 0.682813 0.426563 0.057292 0.067708
0 0.529948 0.242448 0.059896 0.050521
0 0.721875 0.355469 0.062500 0.053646
0 0.478646 0.363021 0.062500 0.050000
0 0.579167 0.573177 0.052083 0.051562
0 0.192448 0.358594 0.060937 0.070312
0 0.267188 0.371354 0.059375 0.064583
0 0.539323 0.529427 0.064062 0.051562
0 0.608854 0.525000 0.052083 0.056250
0 0.564063 0.644531 0.057292 0.052604
0 0.429948 0.469010 0.057813 0.073438
0 0.375781 0.503125 0.042188 0.045833
0 0.402344 0.555469 0.049479 0.052604
0 0.173177 0.744792 0.089063 0.107292
0 0.686458 0.488281 0.044792 0.051562
0 0.169531 0.446615 0.050521 0.093229
0 0.463802 0.532292 0.050521 0.044792
0 0.630990 0.463542 0.043229 0.056250
0 0.402083 0.176042 0.078125 0.078125
0 0.381250 0.444010 0.042708 0.056771
0 0.507812 0.305469 0.057292 0.042188
0 0.331510 0.671094 0.072396 0.074479
0 0.391927 0.793229 0.100521 0.070833
0 0.690625 0.881771 0.088542 0.081250
0 0.923698 0.403646 0.082812 0.110417
0 0.197656 0.211458 0.080729 0.081250
0 0.308594 0.311458 0.069271 0.069792
0 0.670312 0.547917 0.050000 0.066667
0 0.579427 0.176563 0.073438 0.047917
0 0.670833 0.300000 0.067708 0.060417
0 0.440365 0.310937 0.055729 0.044792
0 0.603385 0.409896 0.048438 0.051042
0 0.497396 0.423958 0.064583 0.054167
0 0.417969 0.394531 0.054688 0.053646
0 0.699479 0.639844 0.064583 0.066146
0 0.799219 0.645833 0.063021 0.072917
0 0.370573 0.605990 0.051562 0.059896
0 0.519271 0.593490 0.059375 0.053646
