0 0.392969 0.711198 0.085938 0.065104
0 0.405729 0.261719 0.079167 0.056771
0 0.893229 0.660156 0.080208 0.107813
0 0.141927 0.283333 0.083854 0.098958
0 0.759115 0.439583 0.059896 0.065625
0 0.246875 0.518229 0.063542 0.067708
0 0.620573 0.258073 0.070312 0.063021
0 0.444792 0.904687 0.082292 0.069792
0 0.648177 0.373437 0.056771 0.064583
0 0.233073 0.812500 0.077604 0.070833
0 0.658594 0.797917 0.072396 0.063542
0 0.586458 0.322396 0.067708 0.060417
0 0.317448 0.129427 0.079687 0.066146
0 0.473177 0.821354 0.074479 0.064583
0 0.685937 0.219010 0.065625 0.058854
0 0.630208 0.108594 0.070833 0.064062
0 0.731250 0.593229 0.065625 0.051042
0 0.753125 0.519271 0.073958 0.078125
0 0.188281 0.606510 0.061979 0.069271
0 0.481510 0.660156 0.063021 0.056771
0 0.637240 0.707031 0.069271 0.068229
0 0.547135 0.916406 0.080729 0.056771
0 0.728906 0.141927 0.083854 0.061979
0 0.831250 0.586198 0.053125 0.088021
0 0.833854 0.764583 0.069792 0.081250
0 0.340885 0.870313 0.097396 0.061458
0 0.830469 0.215104 0.083854 0.068750
0 0.539583 0.093229 0.081250 0.057292
0 0.926562 0.548698 0.062500 0.080729
0 0.167708 0.520573 0.065625 0.066146
0 0.472135 0.729427 0.063021 0.064062
0 0.286198 0.733594 0.063021 0.057813
0 0.080208 0.513281 0.073958 0.071354
0 0.313281 0.462240 0.051562 0.059896
0 0.760677 0.834635 0.071354 0.076563
0 0.807292 0.335156 0.056250 0.055729
0 0.234115 0.681771 0.054688 0.053125
0 0.262760 0.262760 0.071354 0.063021
0 0.323958 0.532292 0.054167 0.064583
0 0.620052 0.623958 0.064062 0.061458
0 0.483854 0.239583 0.067708 0.060417
0 0.568750 0.454167 0.053125 0.055208
0 0.084635 0.402865 0.066146 0.091146
0 0.554427 0.728125 0.071354 0.076042
0 0.513281 0.160938 0.065104 0.053125
0 0.835417 0.404167 0.058333 0.059375
0 0.414583 0.645312 0.062500 0.047917
0 0.569271 0.820573 0.063542 0.073438
0 0.844792 0.486979 0.062500 0.077083
0 0.381250 0.340885 0.057292 0.052604
0 0.252344 0.432812 0.056771 0.071875
0 0.337500 0.207552 0.064583 0.059896
0 0.095052 0.615104 0.065104 0.083333
0 0.445833 0.586198 0.056250 0.046354
0 0.728385 0.739062 0.061979 0.066667
0 0.557031 0.371615 0.056771 0.047396
0 0.899219 0.315625 0.076563 0.106250
0 0.327344 0.392969 0.049479 0.054688
0 0.275521 0.592969 0.058333 0.059896
0 0.434375 0.091146 0.085417 0.070833
0 0.751302 0.269010 0.061979 0.057813
0 0.687500 0.439323 0.053125 0.064062
0 0.547656 0.244792 0.056771 0.046875
0 0.731250 0.371615 0.059375 0.049479
0 0.488542 0.361979 0.059375 0.045833
0 0.573958 0.578906 0.048958 0.048438
0 0.203125 0.337500 0.056250 0.066667
0 0.277083 0.355469 0.055208 0.060937
0 0.537240 0.532031 0.060937 0.047396
0 0.606510 0.532813 0.048438 0.053125
0 0.553646 0.648958 0.054167 0.048958
0 0.432292 0.464062 0.053125 0.069792
0 0.375781 0.494531 0.039062 0.043229
0 0.398698 0.548177 0.046354 0.049479
0 0.156771 0.721615 0.082292 0.101562
0 0.686979 0.501042 0.041667 0.048958
0 0.173698 0.423698 0.044271 0.090104
0 0.461979 0.529687 0.047917 0.041667
0 0.633333 0.472656 0.039583 0.053646
0 0.425260 0.170052 0.073438 0.073438
0 0.385156 0.435937 0.039062 0.054167
0 0.521615 0.306250 0.054688 0.038542
0 0.320312 0.658854 0.067708 0.069792
0 0.371615 0.785156 0.096354 0.064062
0 0.663542 0.894010 0.083333 0.075521
0 0.929427 0.433333 0.075521 0.105208
0 0.218490 0.191146 0.075521 0.076042
0 0.322135 0.298438 0.065104 0.065625
0 0.666667 0.559375 0.045833 0.063542
0 0.601562 0.183073 0.070833 0.043229
0 0.684115 0.312500 0.064062 0.056250
0 0.453646 0.307031 0.053125 0.041146
0 0.609115 0.417187 0.045312 0.047917
0 0.502604 0.423958 0.061458 0.050000
0 0.425260 0.389062 0.051562 0.050000
0 0.689063 0.653385 0.060417 0.061979
0 0.788542 0.666406 0.058333 0.069271
0 0.363542 0.596615 0.047917 0.056771
0 0.513021 0.594271 0.056250 0.050000
