0 0.395052 0.633333 0.101562 0.089583
0 0.677344 0.133854 0.136979 0.109375
0 0.331771 0.538542 0.085417 0.081250
0 0.330729 0.714583 0.104167 0.092708
0 0.232292 0.572656 0.106250 0.125521
0 0.338021 0.868750 0.127083 0.126042
0 0.188021 0.247396 0.117708 0.153125
0 0.542969 0.219792 0.120313 0.080208
0 0.422135 0.453646 0.068229 0.075000
0 0.351823 0.267448 0.121354 0.120313
0 0.151302 0.700260 0.121354 0.161979
0 0.486719 0.776823 0.132812 0.104688
0 0.699479 0.289844 0.113542 0.110937
0 0.607031 0.881510 0.164062 0.119271
0 0.769010 0.590365 0.105729 0.136979
0 0.235937 0.410677 0.071875 0.107813
0 0.508333 0.415104 0.072917 0.062500
0 0.629427 0.372656 0.077604 0.077604
0 0.663802 0.723437 0.100521 0.091667
0 0.618750 0.638802 0.095833 0.083854
0 0.688281 0.453125 0.082812 0.071875
0 0.342187 0.434375 0.075000 0.111458
0 0.823698 0.757292 0.125521 0.138542
0 0.673438 0.540625 0.063542 0.090625
0 0.424219 0.349740 0.083854 0.070312
0 0.553385 0.565365 0.084896 0.076563
0 0.790104 0.422917 0.076042 0.103125
0 0.531510 0.329948 0.091146 0.083854
0 0.589844 0.458854 0.070312 0.077083
0 0.093490 0.445312 0.111979 0.150000
0 0.884896 0.297917 0.120833 0.143750
0 0.413802 0.110417 0.132812 0.133333
0 0.934375 0.523698 0.069792 0.198437
0 0.443490 0.560677 0.081771 0.078646
0 0.507292 0.665885 0.087500 0.079687
