0 0.399740 0.636979 0.098437 0.086458
0 0.664062 0.127865 0.133333 0.104688
0 0.333594 0.544531 0.082812 0.078646
0 0.338021 0.720052 0.101042 0.089063
0 0.234896 0.581771 0.102083 0.121875
0 0.351042 0.874479 0.122917 0.121875
0 0.179688 0.258594 0.112500 0.149479
0 0.532813 0.218750 0.117708 0.076042
0 0.420833 0.456250 0.065625 0.072917
0 0.343490 0.272656 0.117188 0.116146
0 0.158594 0.712240 0.116146 0.157812
0 0.496354 0.777083 0.129167 0.100000
0 0.691927 0.282813 0.109896 0.107292
0 0.620313 0.877604 0.160417 0.113542
0 0.771875 0.581250 0.101042 0.133333
0 0.233073 0.420052 0.068229 0.105729
0 0.505208 0.414844 0.070833 0.059896
0 0.625000 0.368229 0.075000 0.075000
0 0.671615 0.717708 0.097396 0.088542
0 0.623698 0.634635 0.093229 0.080729
0 0.686458 0.446615 0.080208 0.069271
0 0.339844 0.439844 0.071354 0.108854
0 0.832292 0.745833 0.120833 0.134375
0 0.675000 0.534896 0.060417 0.088542
0 0.419010 0.352604 0.081771 0.067708
0 0.555729 0.563542 0.082292 0.073958
0 0.787240 0.412760 0.072396 0.100521
0 0.525521 0.328906 0.088542 0.080729
0 0.588021 0.455729 0.067708 0.075000
0 0.091927 0.459635 0.106771 0.146354
0 0.877865 0.284375 0.116146 0.139583
0 0.400521 0.113542 0.128125 0.129167
0 0.935156 0.508594 0.063021 0.196354
0 0.445312 0.562500 0.079167 0.076042
0 0.512760 0.665365 0.084896 0.076563
