0 0.758750 0.928151 0.050000 0.037691
0 0.863750 0.809187 0.072500 0.091873
0 0.885625 0.474676 0.076250 0.089517
0 0.715000 0.677267 0.090000 0.108363
0 0.721875 0.055948 0.056250 0.050648
0 0.846250 0.176678 0.067500 0.084806
0 0.765000 0.358657 0.072500 0.076561
0 0.551250 0.530624 0.052500 0.064782
0 0.332500 0.380448 0.060000 0.089517
0 0.199375 0.575972 0.061250 0.082450
0 0.493750 0.919317 0.045000 0.060071
0 0.364375 0.918728 0.048750 0.030624
0 0.208125 0.940518 0.046250 0.029446
0 0.083750 0.873969 0.067500 0.096584
0 0.085625 0.674912 0.056250 0.044759
0 0.045000 0.583628 0.067500 0.085984
0 0.069375 0.396349 0.036250 0.055359
0 0.076875 0.335689 0.051250 0.070671
0 0.148125 0.274441 0.078750 0.089517
0 0.105000 0.101885 0.052500 0.055359
0 0.038125 0.085395 0.023750 0.015312
