0 0.373177 0.398958 0.067187 0.078125
0 0.168229 0.771875 0.085417 0.095833
0 0.161198 0.491146 0.086979 0.083333
0 0.524479 0.707812 0.090625 0.095833
0 0.861719 0.714844 0.072396 0.072396
0 0.647135 0.899219 0.109896 0.088021
0 0.321354 0.099740 0.086458 0.068229
0 0.396094 0.808594 0.084896 0.078646
0 0.451042 0.358594 0.064583 0.067187
0 0.425000 0.277083 0.081250 0.089583
0 0.273177 0.482292 0.084896 0.093750
0 0.664583 0.350521 0.106250 0.082292
0 0.920052 0.451823 0.093229 0.113021
0 0.516667 0.260417 0.075000 0.063542
0 0.820573 0.491406 0.078646 0.075521
0 0.398438 0.164583 0.085417 0.100000
0 0.614844 0.494271 0.065104 0.070833
0 0.292708 0.576042 0.106250 0.070833
0 0.767969 0.702865 0.081771 0.108854
0 0.342187 0.313021 0.058333 0.108333
0 0.382031 0.574740 0.066146 0.073438
0 0.359635 0.648177 0.086979 0.057813
0 0.295833 0.216406 0.071875 0.132812
0 0.811458 0.592187 0.087500 0.102083
0 0.765104 0.291927 0.094792 0.059896
0 0.704948 0.434896 0.079687 0.068750
0 0.177344 0.601562 0.127604 0.087500
0 0.118490 0.285417 0.082812 0.095833
0 0.501563 0.813802 0.122917 0.113021
0 0.601302 0.288542 0.122396 0.059375
0 0.532552 0.613281 0.055729 0.063021
0 0.619531 0.082292 0.111979 0.076042
0 0.673177 0.598437 0.081771 0.096875
0 0.441406 0.690885 0.101562 0.080729
0 0.839583 0.228125 0.078125 0.078125
0 0.065365 0.508333 0.051562 0.078125
0 0.435417 0.536198 0.061458 0.059896
0 0.613281 0.662760 0.060937 0.080729
0 0.588281 0.812240 0.066146 0.069271
0 0.707292 0.520573 0.083333 0.080729
0 0.505729 0.153125 0.105208 0.092708
0 0.809896 0.389844 0.100000 0.104688
0 0.523177 0.546615 0.059896 0.055729
0 0.210677 0.282813 0.054688 0.068750
0 0.460156 0.608594 0.071354 0.049479
0 0.392969 0.901042 0.085938 0.062500
0 0.609375 0.178646 0.079167 0.056250
0 0.183854 0.383073 0.095833 0.095312
0 0.592969 0.565104 0.057813 0.060417
0 0.225521 0.698698 0.070833 0.053646
0 0.595573 0.415365 0.052604 0.064062
0 0.514583 0.421094 0.060417 0.048438
0 0.548698 0.480469 0.049479 0.055729
0 0.283073 0.379688 0.053646 0.090625
0 0.706250 0.218490 0.130208 0.060937
0 0.308594 0.758073 0.108854 0.092188
0 0.679427 0.759896 0.099479 0.110417
0 0.531510 0.354427 0.084896 0.058854
0 0.364063 0.489323 0.057292 0.064062
0 0.431250 0.444271 0.056250 0.059375
