0 0.605208 0.376823 0.078125 0.067187
0 0.240104 0.158854 0.095833 0.085417
0 0.521354 0.161719 0.083333 0.086979
0 0.291667 0.517188 0.095833 0.090625
0 0.272656 0.853906 0.072396 0.072396
0 0.096094 0.633073 0.088021 0.109896
0 0.906510 0.335417 0.068229 0.086458
0 0.195573 0.385677 0.078646 0.084896
0 0.642969 0.456250 0.067187 0.064583
0 0.725521 0.432812 0.089583 0.081250
0 0.526042 0.273698 0.093750 0.084896
0 0.643750 0.669792 0.082292 0.106250
0 0.534115 0.921615 0.113021 0.093229
0 0.739062 0.525000 0.063542 0.075000
0 0.497656 0.820573 0.075521 0.078646
0 0.839063 0.410417 0.100000 0.085417
0 0.502083 0.614844 0.070833 0.065104
0 0.431250 0.290104 0.070833 0.106250
0 0.288281 0.760677 0.108854 0.081771
0 0.692708 0.348958 0.108333 0.058333
0 0.429948 0.379427 0.073438 0.066146
0 0.357552 0.354427 0.057813 0.086979
0 0.790885 0.305729 0.132812 0.071875
0 0.397396 0.807813 0.102083 0.087500
0 0.698698 0.772396 0.059896 0.094792
0 0.557813 0.707031 0.068750 0.079687
0 0.410417 0.174219 0.087500 0.127604
0 0.727604 0.126302 0.095833 0.082812
0 0.186719 0.490625 0.113021 0.122917
0 0.707812 0.608594 0.059375 0.122396
0 0.385677 0.528385 0.063021 0.055729
0 0.913542 0.634115 0.076042 0.111979
0 0.395833 0.669531 0.096875 0.081771
0 0.311719 0.434635 0.080729 0.101562
0 0.759896 0.848958 0.078125 0.078125
0 0.507292 0.065365 0.078125 0.051562
0 0.465885 0.434375 0.059896 0.061458
0 0.333594 0.607552 0.080729 0.060937
0 0.185156 0.577344 0.069271 0.066146
0 0.472656 0.706771 0.080729 0.083333
0 0.846354 0.517708 0.092708 0.105208
0 0.599740 0.813542 0.104688 0.100000
0 0.452865 0.521615 0.055729 0.059896
0 0.727083 0.218490 0.068750 0.054688
0 0.392969 0.456510 0.049479 0.071354
0 0.103125 0.378906 0.062500 0.085938
0 0.817708 0.620313 0.056250 0.079167
0 0.627865 0.188021 0.095312 0.095833
0 0.432292 0.590885 0.060417 0.057813
0 0.311198 0.218750 0.053646 0.070833
0 0.581510 0.598698 0.064062 0.052604
0 0.578385 0.517188 0.048438 0.060417
0 0.517969 0.549219 0.055729 0.049479
0 0.627604 0.287240 0.090625 0.053646
0 0.774740 0.716146 0.060937 0.130208
0 0.249219 0.299740 0.092188 0.108854
0 0.234375 0.670052 0.110417 0.099479
0 0.644531 0.536719 0.058854 0.084896
0 0.515365 0.364583 0.064062 0.057292
0 0.558333 0.433333 0.059375 0.056250
