0 0.396875 0.625000 0.077083 0.065625
0 0.765885 0.836719 0.094271 0.083854
0 0.485156 0.839063 0.081771 0.085417
0 0.708073 0.479427 0.094271 0.089063
0 0.721094 0.142448 0.071354 0.071354
0 0.901823 0.359896 0.085938 0.108333
0 0.096354 0.671875 0.066667 0.085417
0 0.806771 0.609375 0.077083 0.083333
0 0.358073 0.546875 0.066146 0.063542
0 0.275781 0.571615 0.088021 0.079687
0 0.478385 0.727083 0.092188 0.083333
0 0.353385 0.333073 0.080729 0.104688
0 0.458854 0.079427 0.111458 0.091146
0 0.260937 0.479687 0.062500 0.073958
0 0.496875 0.179948 0.073958 0.077604
0 0.162760 0.595573 0.098437 0.083854
0 0.496354 0.385677 0.069792 0.064062
0 0.572396 0.708854 0.068750 0.105208
0 0.707292 0.235677 0.107292 0.079687
0 0.310417 0.654687 0.107292 0.056250
0 0.572656 0.619531 0.072396 0.065104
0 0.645312 0.643490 0.056250 0.085938
0 0.212760 0.699479 0.131771 0.069792
0 0.597656 0.190365 0.100521 0.085938
0 0.296875 0.231250 0.058333 0.093750
0 0.438802 0.294010 0.067187 0.078646
0 0.595833 0.824479 0.085417 0.126042
0 0.278906 0.877604 0.094271 0.081250
0 0.813802 0.504167 0.110937 0.120833
0 0.290625 0.395052 0.057292 0.121354
0 0.613802 0.469531 0.061979 0.054688
0 0.084375 0.373177 0.073958 0.110937
0 0.601823 0.328646 0.095312 0.080208
0 0.689583 0.561979 0.079167 0.100000
0 0.234115 0.155990 0.076563 0.076563
0 0.500521 0.934896 0.077083 0.050000
0 0.535156 0.565625 0.058854 0.060417
0 0.664844 0.390104 0.079687 0.059375
0 0.813802 0.417448 0.068229 0.065104
0 0.523958 0.292969 0.079167 0.081771
0 0.153385 0.488281 0.091146 0.103646
0 0.395313 0.188281 0.103125 0.098437
0 0.547135 0.477865 0.054688 0.058854
0 0.278125 0.785677 0.067708 0.053646
0 0.608073 0.541927 0.048438 0.070312
0 0.899219 0.614323 0.060937 0.084896
0 0.180469 0.385417 0.054688 0.078125
0 0.377604 0.814323 0.093750 0.094271
0 0.566667 0.408073 0.059375 0.056771
0 0.694010 0.778125 0.052604 0.069792
0 0.416927 0.402865 0.063021 0.051562
0 0.421615 0.484375 0.047396 0.059375
0 0.481510 0.451302 0.054688 0.048438
0 0.376042 0.715104 0.089583 0.052083
0 0.222135 0.289062 0.058854 0.129167
0 0.754427 0.696354 0.090104 0.107292
0 0.762760 0.325781 0.108854 0.097396
0 0.355208 0.466406 0.057292 0.083854
0 0.487240 0.635938 0.063021 0.056250
0 0.443229 0.567708 0.058333 0.055208
