0 0.452865 0.313281 0.096354 0.098437
0 0.229687 0.350781 0.087500 0.108854
0 0.817969 0.464844 0.093229 0.089063
0 0.210938 0.551562 0.080208 0.079167
0 0.204427 0.458854 0.093229 0.104167
0 0.329167 0.434375 0.085417 0.097917
0 0.601042 0.696354 0.087500 0.092708
0 0.632552 0.577344 0.072396 0.081771
0 0.309635 0.510938 0.085938 0.085417
0 0.719010 0.583854 0.061979 0.089583
0 0.640365 0.796615 0.091146 0.101562
0 0.090625 0.588021 0.096875 0.114583
0 0.788542 0.365365 0.129167 0.096354
0 0.729427 0.735156 0.081771 0.129688
0 0.370052 0.660677 0.106771 0.089063
0 0.557813 0.202604 0.088542 0.084375
0 0.601823 0.417448 0.071354 0.076563
0 0.715885 0.487500 0.091146 0.097917
0 0.810417 0.567708 0.101042 0.101042
0 0.458854 0.212240 0.127083 0.120313
0 0.518490 0.724740 0.077604 0.068229
0 0.116146 0.326823 0.075000 0.076563
0 0.397917 0.522656 0.068750 0.073438
0 0.896875 0.676823 0.090625 0.100521
0 0.684115 0.403125 0.107813 0.079167
0 0.470052 0.929427 0.109896 0.083854
0 0.930729 0.411979 0.060417 0.080208
0 0.550521 0.454427 0.065625 0.065104
0 0.531250 0.317969 0.104167 0.088021
0 0.474219 0.462500 0.061979 0.058333
0 0.673438 0.652865 0.067708 0.106771
0 0.787500 0.186979 0.092708 0.098958
0 0.492188 0.640104 0.084375 0.066667
0 0.221094 0.826562 0.078646 0.080208
0 0.565104 0.625260 0.067708 0.069271
0 0.425000 0.592187 0.057292 0.065625
0 0.377604 0.366927 0.065625 0.081771
0 0.351562 0.786979 0.123958 0.072917
0 0.407813 0.453385 0.061458 0.061979
0 0.613802 0.345573 0.088021 0.065104
0 0.445833 0.813542 0.087500 0.066667
0 0.798438 0.663021 0.059375 0.070833
0 0.458073 0.401302 0.063021 0.065104
0 0.542708 0.821094 0.108333 0.097396
0 0.380469 0.225781 0.069271 0.072396
0 0.295573 0.130208 0.114062 0.088542
0 0.323177 0.588542 0.081771 0.071875
0 0.524740 0.396615 0.070312 0.053646
0 0.436719 0.708854 0.117188 0.068750
0 0.730990 0.280469 0.072396 0.058854
0 0.498958 0.575781 0.062500 0.053646
0 0.286198 0.726562 0.093229 0.067708
0 0.553125 0.077344 0.088542 0.069271
0 0.718750 0.879948 0.091667 0.073438
0 0.459635 0.526302 0.050521 0.056771
0 0.232552 0.644010 0.103646 0.108854
0 0.303385 0.286458 0.102604 0.113542
0 0.645052 0.237240 0.113021 0.098437
0 0.131250 0.731510 0.043750 0.050521
0 0.164844 0.774479 0.047396 0.045833
0 0.145313 0.261198 0.045833 0.042188
0 0.625000 0.089583 0.044792 0.040625
0 0.425260 0.095573 0.040104 0.039062
0 0.173698 0.213802 0.042188 0.046354
0 0.375260 0.104688 0.043229 0.046875
0 0.084115 0.498698 0.042188 0.042188
0 0.336198 0.895312 0.044271 0.045833
0 0.648958 0.908594 0.042708 0.041146
0 0.287760 0.874219 0.043229 0.045312
0 0.086198 0.447135 0.039062 0.045312
0 0.093750 0.394792 0.041667 0.045833
0 0.722656 0.135417 0.040104 0.040625
0 0.475781 0.083333 0.044271 0.039583
0 0.910417 0.344271 0.040625 0.044792
0 0.933854 0.493229 0.041667 0.044792
0 0.852344 0.250000 0.042188 0.039583
0 0.859635 0.753646 0.045312 0.044792
0 0.817187 0.790625 0.037500 0.037500
0 0.785677 0.828906 0.043229 0.042188
0 0.672656 0.113021 0.043229 0.042708
0 0.926302 0.595833 0.043229 0.043750
0 0.629427 0.493229 0.060937 0.066667
0 0.573438 0.543750 0.059375 0.061458
0 0.785156 0.829688 0.042188 0.040625
0 0.935677 0.544531 0.036979 0.045312
0 0.882292 0.296875 0.036458 0.038542
0 0.553646 0.933594 0.040625 0.036979
0 0.379427 0.914583 0.046354 0.042708
0 0.105469 0.677865 0.043229 0.042188
0 0.217188 0.173698 0.042708 0.042188
0 0.602083 0.924479 0.038542 0.037500
