0 0.271875 0.646354 0.097917 0.060417
0 0.180990 0.819531 0.077604 0.074479
0 0.495833 0.746094 0.068750 0.064062
0 0.385156 0.370833 0.060937 0.079167
0 0.583854 0.738281 0.078125 0.095312
0 0.649479 0.547396 0.063542 0.075000
0 0.583333 0.361979 0.067708 0.063542
0 0.451823 0.069531 0.088021 0.071354
0 0.489323 0.159115 0.081771 0.064062
0 0.401823 0.654687 0.066146 0.047917
0 0.422396 0.592969 0.062500 0.049479
0 0.680990 0.917188 0.091146 0.059375
0 0.239583 0.564063 0.072917 0.065625
0 0.290104 0.791927 0.076042 0.067187
0 0.560937 0.660417 0.060417 0.079167
0 0.493229 0.669271 0.067708 0.073958
0 0.665885 0.306771 0.078646 0.061458
0 0.341406 0.615365 0.082812 0.048438
0 0.280990 0.885156 0.072396 0.065104
0 0.741146 0.572917 0.065625 0.058333
0 0.758854 0.499479 0.092708 0.090625
0 0.663802 0.478906 0.078646 0.060937
0 0.121615 0.301302 0.067187 0.086979
0 0.729167 0.784375 0.073958 0.069792
0 0.556250 0.591927 0.053125 0.053646
0 0.699219 0.116927 0.058854 0.048438
0 0.586719 0.083073 0.097396 0.048438
0 0.495312 0.408073 0.054167 0.048438
0 0.634115 0.408854 0.061979 0.043750
0 0.577083 0.266406 0.062500 0.075521
0 0.316406 0.542188 0.065104 0.065625
0 0.794792 0.857812 0.077083 0.070833
0 0.390365 0.532031 0.049479 0.050521
0 0.449740 0.338802 0.049479 0.060937
0 0.502083 0.248958 0.055208 0.055208
0 0.698177 0.215625 0.054688 0.051042
0 0.529687 0.545573 0.047917 0.046354
0 0.397135 0.735677 0.075521 0.075521
0 0.516146 0.338542 0.055208 0.064583
0 0.511979 0.859635 0.063542 0.044271
0 0.318229 0.711198 0.056250 0.049479
0 0.389323 0.469010 0.042188 0.065104
0 0.163802 0.395052 0.056771 0.082812
0 0.939844 0.459375 0.048438 0.088542
0 0.116667 0.734375 0.045833 0.054167
0 0.333073 0.413281 0.043229 0.090104
0 0.538542 0.486979 0.046875 0.042708
0 0.622656 0.616146 0.045312 0.066667
0 0.164583 0.611458 0.052083 0.068750
0 0.350000 0.285156 0.043750 0.069271
0 0.870313 0.768490 0.051042 0.051562
0 0.434115 0.427344 0.040104 0.048438
0 0.311458 0.471354 0.048958 0.054167
0 0.709896 0.640625 0.077083 0.078125
0 0.291406 0.327865 0.048438 0.093229
0 0.063021 0.554167 0.043750 0.051042
0 0.554427 0.422917 0.045312 0.043750
0 0.832031 0.382031 0.061979 0.083854
0 0.287240 0.225000 0.055729 0.055208
0 0.585156 0.526823 0.038021 0.051562
0 0.191146 0.199740 0.048958 0.054688
0 0.229687 0.476042 0.070833 0.077083
0 0.843750 0.599740 0.047917 0.067187
0 0.762760 0.427865 0.053646 0.044271
0 0.438021 0.492708 0.036458 0.047917
0 0.661979 0.707552 0.035417 0.055729
0 0.070312 0.444792 0.068750 0.083333
0 0.343490 0.089323 0.048438 0.047396
0 0.851823 0.240104 0.048438 0.041667
0 0.255729 0.402865 0.039583 0.057813
0 0.559896 0.938542 0.063542 0.036458
0 0.775260 0.286198 0.032813 0.029687
0 0.485417 0.462500 0.041667 0.035417
0 0.367448 0.923958 0.042188 0.050000
0 0.589063 0.472396 0.048958 0.040625
0 0.560937 0.172135 0.030208 0.028646
0 0.935417 0.576562 0.033333 0.070833
0 0.338021 0.188281 0.032292 0.032813
0 0.907031 0.328906 0.071354 0.083854
0 0.420312 0.255469 0.078125 0.072396
0 0.084635 0.641927 0.040104 0.053646
0 0.717969 0.361979 0.082812 0.069792
0 0.240365 0.265885 0.030729 0.028646
0 0.854948 0.455208 0.027604 0.034375
0 0.450000 0.850521 0.035417 0.027083
0 0.745313 0.251823 0.030208 0.032813
0 0.647396 0.187240 0.033333 0.028646
0 0.820312 0.660417 0.027083 0.032292
0 0.604688 0.179948 0.030208 0.029687
0 0.775000 0.736458 0.029167 0.030208
0 0.150260 0.550781 0.027604 0.031771
0 0.856250 0.496875 0.025000 0.028125
0 0.209635 0.709115 0.028646 0.027604
0 0.907031 0.674740 0.035937 0.052604
0 0.668229 0.823698 0.029167 0.031771
0 0.149740 0.472656 0.025521 0.031771
0 0.578125 0.852865 0.034375 0.028646
0 0.265365 0.138802 0.049479 0.041146
0 0.854688 0.538021 0.026042 0.033333
0 0.780208 0.169531 0.051042 0.041146
0 0.187500 0.668490 0.033333 0.032813
0 0.796615 0.700521 0.030729 0.030208
0 0.621615 0.840104 0.028646 0.028125
0 0.218229 0.299740 0.029167 0.027604
0 0.237240 0.744010 0.033854 0.032813
0 0.375260 0.167187 0.036979 0.030208
0 0.194792 0.333073 0.032292 0.033854
0 0.457292 0.936719 0.058333 0.033854
0 0.355990 0.830990 0.032813 0.030729
0 0.460156 0.548438 0.046354 0.039583
0 0.489323 0.599219 0.048438 0.043229
0 0.403125 0.842969 0.033333 0.028646
0 0.146094 0.511979 0.027604 0.028125
0 0.418490 0.155990 0.028646 0.029687
0 0.801042 0.322917 0.030208 0.029167
