0 0.609375 0.884635 0.083333 0.092188
0 0.822135 0.222135 0.082812 0.083854
0 0.876302 0.621615 0.088021 0.054688
0 0.904427 0.449740 0.085938 0.064062
0 0.653385 0.122656 0.081771 0.090104
0 0.219792 0.802604 0.083333 0.087500
0 0.374219 0.109635 0.081771 0.089063
0 0.221094 0.557813 0.068229 0.051042
0 0.509375 0.100000 0.084375 0.089583
0 0.088281 0.434635 0.091146 0.082812
0 0.341406 0.875000 0.082812 0.091667
0 0.123698 0.302604 0.088021 0.080208
0 0.896354 0.379688 0.081250 0.056250
0 0.606771 0.419792 0.050000 0.047917
0 0.098958 0.508594 0.085417 0.066146
0 0.155990 0.695312 0.077604 0.071875
0 0.800260 0.741927 0.068229 0.075521
0 0.100000 0.588542 0.088542 0.082292
0 0.260677 0.332552 0.075521 0.056771
0 0.878646 0.320052 0.078125 0.059896
0 0.780729 0.410938 0.072917 0.056250
0 0.676042 0.843490 0.063542 0.067187
0 0.852083 0.694271 0.088542 0.082292
0 0.712240 0.158594 0.058854 0.071354
0 0.760677 0.183594 0.061979 0.080729
0 0.888281 0.565625 0.086979 0.048958
0 0.450521 0.224479 0.052083 0.061458
0 0.531250 0.887240 0.058333 0.078646
0 0.279948 0.843490 0.056771 0.074479
0 0.304688 0.146354 0.067708 0.081250
0 0.182292 0.750260 0.068750 0.064062
0 0.307031 0.528385 0.054688 0.047396
0 0.698438 0.453906 0.056250 0.047396
0 0.175521 0.251823 0.078125 0.071354
0 0.211458 0.194010 0.086458 0.083854
0 0.305729 0.467448 0.055208 0.050521
0 0.645052 0.625000 0.052604 0.053125
0 0.445052 0.108073 0.045312 0.095312
0 0.362500 0.363542 0.054167 0.052083
0 0.359635 0.632812 0.052604 0.054167
0 0.582812 0.319010 0.050000 0.052604
0 0.635938 0.348177 0.054167 0.053646
0 0.466146 0.308594 0.046875 0.053646
0 0.322917 0.587240 0.054167 0.047396
0 0.470052 0.888542 0.061979 0.089583
0 0.112240 0.372135 0.095312 0.046354
0 0.700260 0.519010 0.051562 0.047396
0 0.901302 0.508333 0.097396 0.045833
0 0.736198 0.642448 0.059896 0.048438
0 0.581510 0.109635 0.057813 0.077604
0 0.219271 0.457813 0.068750 0.041667
0 0.734896 0.319792 0.082292 0.064583
0 0.412760 0.668490 0.051562 0.054688
0 0.408854 0.326302 0.048958 0.051562
0 0.600000 0.666927 0.048958 0.052604
0 0.563542 0.221094 0.053125 0.077604
0 0.336979 0.257031 0.057292 0.064062
0 0.677344 0.394271 0.053646 0.047917
0 0.679688 0.576042 0.054167 0.052083
0 0.464062 0.616927 0.044792 0.046354
0 0.615885 0.232813 0.052604 0.067708
0 0.769531 0.596094 0.064062 0.054688
0 0.322135 0.410677 0.048438 0.047396
0 0.397656 0.240365 0.056771 0.067187
0 0.462240 0.377344 0.043229 0.045312
0 0.635938 0.742708 0.067708 0.078125
0 0.784635 0.464323 0.064062 0.041146
0 0.380990 0.443750 0.048438 0.045833
0 0.409635 0.879167 0.047396 0.085417
0 0.435156 0.522917 0.045312 0.041667
0 0.535937 0.685937 0.050000 0.054167
0 0.125521 0.644531 0.077083 0.056771
0 0.373698 0.498698 0.044271 0.042188
0 0.565365 0.388021 0.047396 0.051042
0 0.703125 0.283333 0.050000 0.054167
0 0.727344 0.813281 0.061979 0.064062
0 0.488021 0.428125 0.040625 0.040625
0 0.763542 0.368750 0.061458 0.051042
0 0.507292 0.223177 0.043750 0.060937
0 0.384375 0.551562 0.041667 0.041667
0 0.558073 0.461458 0.045312 0.040625
0 0.214062 0.505469 0.068750 0.042188
0 0.370573 0.755469 0.048438 0.071354
0 0.851562 0.277083 0.073958 0.058333
0 0.472917 0.685156 0.039583 0.046354
0 0.420833 0.768750 0.045833 0.064583
0 0.570573 0.602083 0.039062 0.040625
0 0.254948 0.645312 0.050521 0.054167
0 0.323958 0.725260 0.055208 0.069271
0 0.416406 0.402604 0.045312 0.043750
0 0.520312 0.620313 0.043750 0.045833
0 0.625260 0.470833 0.043229 0.042708
0 0.702604 0.679427 0.062500 0.051562
0 0.547917 0.536979 0.038542 0.035417
0 0.468229 0.776823 0.043750 0.068229
0 0.219792 0.414583 0.051042 0.037500
0 0.608333 0.567448 0.041667 0.040104
0 0.591406 0.771615 0.044271 0.056771
0 0.470313 0.552083 0.041667 0.042708
0 0.285677 0.690365 0.069271 0.070312
0 0.621354 0.521615 0.035417 0.032813
0 0.263021 0.161458 0.061458 0.078125
0 0.788542 0.513281 0.047917 0.033854
0 0.297396 0.290365 0.052083 0.038021
0 0.417969 0.592448 0.041146 0.044271
0 0.517448 0.374219 0.046354 0.044271
0 0.235156 0.604167 0.055729 0.039583
0 0.513021 0.559635 0.039583 0.039062
0 0.230469 0.376823 0.060937 0.047396
0 0.448177 0.444010 0.035937 0.036979
0 0.525000 0.308854 0.043750 0.039583
0 0.661458 0.256771 0.041667 0.048958
0 0.755990 0.774740 0.075521 0.075521
0 0.545052 0.779167 0.031771 0.056250
0 0.528906 0.435417 0.033854 0.033333
0 0.509635 0.777865 0.035937 0.056771
0 0.785156 0.552083 0.058854 0.036458
0 0.427865 0.480208 0.040104 0.036458
0 0.563021 0.500000 0.035417 0.036458
0 0.671354 0.711458 0.059375 0.056250
