0 0.655208 0.868490 0.093750 0.101562
0 0.786198 0.185156 0.092188 0.093229
0 0.888281 0.574740 0.094271 0.065104
0 0.895052 0.401042 0.093229 0.073958
0 0.606510 0.106510 0.092188 0.099479
0 0.258594 0.834896 0.093229 0.096875
0 0.327865 0.127865 0.092188 0.098437
0 0.230208 0.591406 0.073958 0.058854
0 0.460417 0.101562 0.094792 0.098958
0 0.083594 0.485156 0.100521 0.093229
0 0.388281 0.891146 0.093229 0.101042
0 0.102344 0.350260 0.097396 0.090104
0 0.878646 0.332292 0.087500 0.065625
0 0.595833 0.407552 0.055208 0.053646
0 0.102604 0.557292 0.092708 0.076042
0 0.182031 0.736198 0.085938 0.080729
0 0.827604 0.703646 0.077083 0.083333
0 0.113542 0.636979 0.097917 0.092708
0 0.241927 0.363021 0.081771 0.065625
0 0.853906 0.275521 0.084896 0.068750
0 0.767708 0.377083 0.079167 0.064583
0 0.716927 0.819531 0.071354 0.074479
0 0.872917 0.650000 0.097917 0.092708
0 0.669010 0.135417 0.067187 0.078125
0 0.720052 0.154167 0.071354 0.087500
0 0.893490 0.517708 0.092188 0.059375
0 0.417187 0.232552 0.059375 0.067187
0 0.578125 0.880208 0.067708 0.085417
0 0.323437 0.867969 0.065625 0.080729
0 0.263021 0.173177 0.077083 0.089063
0 0.215104 0.787500 0.076042 0.071875
0 0.311719 0.551823 0.059896 0.053646
0 0.691146 0.430469 0.061458 0.053646
0 0.147396 0.293229 0.086458 0.080208
0 0.176042 0.231250 0.095833 0.093750
0 0.303385 0.491406 0.060937 0.056771
0 0.659115 0.606771 0.058854 0.059375
0 0.397656 0.117708 0.056771 0.100000
0 0.347135 0.381250 0.059896 0.058333
0 0.376823 0.648958 0.058854 0.060417
0 0.560417 0.310417 0.056250 0.058333
0 0.616667 0.333073 0.060417 0.059896
0 0.442708 0.313802 0.053125 0.058854
0 0.334896 0.608073 0.059375 0.053646
0 0.517969 0.889323 0.072396 0.096354
0 0.099479 0.420052 0.100000 0.057813
0 0.701302 0.494271 0.056771 0.053125
0 0.898958 0.459375 0.102083 0.057292
0 0.751823 0.613021 0.065104 0.055208
0 0.533333 0.102344 0.066667 0.083854
0 0.216406 0.492448 0.073438 0.049479
0 0.711458 0.292187 0.089583 0.073958
0 0.434115 0.678125 0.057813 0.060417
0 0.388281 0.338542 0.054688 0.057292
0 0.619792 0.653646 0.055208 0.058333
0 0.528906 0.215104 0.061979 0.083333
0 0.308854 0.278385 0.064583 0.070312
0 0.662760 0.373437 0.058854 0.054167
0 0.687240 0.553646 0.059896 0.058333
0 0.478646 0.620573 0.050000 0.051562
0 0.582292 0.221094 0.060417 0.073438
0 0.778906 0.562240 0.070312 0.061979
0 0.312240 0.432812 0.053646 0.053125
0 0.366667 0.254948 0.064583 0.073438
0 0.447656 0.382812 0.048438 0.050000
0 0.664844 0.724219 0.076563 0.085938
0 0.778125 0.429948 0.068750 0.048438
0 0.375260 0.458594 0.053646 0.051562
0 0.456250 0.887500 0.057292 0.090625
0 0.438542 0.530729 0.050000 0.046875
0 0.558333 0.680469 0.056250 0.059896
0 0.145833 0.689063 0.083333 0.065625
0 0.374479 0.513802 0.048958 0.047396
0 0.551042 0.381250 0.053125 0.056250
0 0.675000 0.260156 0.056250 0.059896
0 0.763802 0.783073 0.069271 0.071354
0 0.479427 0.430469 0.045312 0.045312
0 0.745573 0.337500 0.067187 0.058333
0 0.473438 0.224479 0.051042 0.065625
0 0.391406 0.565365 0.046354 0.046354
0 0.553125 0.454688 0.050000 0.045833
0 0.216927 0.540104 0.073438 0.050000
0 0.402344 0.769010 0.056771 0.076563
0 0.821615 0.235937 0.080729 0.066667
0 0.495833 0.686979 0.044792 0.051042
0 0.454167 0.776563 0.053125 0.069792
0 0.582812 0.592448 0.043750 0.045312
0 0.274740 0.674219 0.056771 0.059896
0 0.352865 0.745052 0.063021 0.075521
0 0.404948 0.413542 0.050521 0.048958
0 0.534896 0.616667 0.048958 0.051042
0 0.620833 0.455729 0.047917 0.047917
0 0.722656 0.653385 0.068229 0.058854
0 0.552083 0.530990 0.042708 0.040104
0 0.501823 0.778646 0.051562 0.072917
0 0.211458 0.449219 0.055208 0.043229
0 0.615365 0.553646 0.046354 0.044792
0 0.623958 0.758073 0.051042 0.061979
0 0.476823 0.554948 0.046354 0.047396
0 0.310417 0.715104 0.077083 0.078125
0 0.623177 0.506510 0.039062 0.036979
0 0.223698 0.192969 0.070312 0.084896
0 0.788281 0.478125 0.051562 0.039583
0 0.273438 0.316406 0.056250 0.044271
0 0.429948 0.602083 0.046354 0.048958
0 0.502344 0.372656 0.051562 0.049479
0 0.249740 0.635938 0.059896 0.045833
0 0.520052 0.557292 0.044271 0.043750
0 0.217448 0.410677 0.066146 0.054688
0 0.441927 0.450781 0.040104 0.041146
0 0.501823 0.307292 0.048438 0.044792
0 0.630469 0.238802 0.047396 0.053646
0 0.787500 0.741667 0.084375 0.084375
0 0.578646 0.771615 0.038542 0.059896
0 0.520833 0.432031 0.037500 0.036979
0 0.543750 0.774740 0.042708 0.060937
0 0.789323 0.516927 0.063021 0.043229
0 0.426302 0.489323 0.044271 0.041146
0 0.562500 0.492708 0.039583 0.040625
0 0.695833 0.689323 0.065625 0.063021
