0 0.145000 0.920000 0.130000 0.126667
0 0.534167 0.655000 0.138333 0.136667
0 0.211667 0.800833 0.133333 0.131667
0 0.808333 0.081667 0.133333 0.150000
0 0.537500 0.885833 0.128333 0.125000
0 0.280833 0.914167 0.128333 0.125000
0 0.455833 0.775000 0.131667 0.130000
0 0.881667 0.224167 0.140000 0.148333
0 0.410833 0.900000 0.128333 0.126667
0 0.174167 0.348333 0.161667 0.110000
0 0.602500 0.245833 0.125000 0.141667
0 0.100833 0.685000 0.138333 0.136667
0 0.387500 0.658333 0.135000 0.136667
0 0.756667 0.310000 0.136667 0.173333
0 0.655833 0.091667 0.131667 0.160000
0 0.243333 0.671667 0.136667 0.136667
0 0.582500 0.411667 0.115000 0.123333
0 0.475000 0.375000 0.126667 0.130000
0 0.280000 0.128333 0.096667 0.140000
0 0.461667 0.246667 0.136667 0.120000
0 0.339167 0.525833 0.168333 0.118333
0 0.382500 0.190833 0.105000 0.115000
0 0.075833 0.549167 0.125000 0.135000
0 0.127500 0.465000 0.111667 0.113333
0 0.170000 0.170833 0.110000 0.098333
0 0.230833 0.256667 0.111667 0.110000
0 0.310833 0.310000 0.131667 0.143333
0 0.085833 0.249167 0.125000 0.091667
0 0.047500 0.375833 0.095000 0.155000
0 0.404167 0.085833 0.095000 0.065000
0 0.069167 0.130833 0.128333 0.098333
0 0.237500 0.431667 0.101667 0.103333
0 0.507500 0.111667 0.095000 0.123333
0 0.358333 0.412500 0.103333 0.105000
0 0.208333 0.541667 0.113333 0.096667
0 0.587500 0.542500 0.091667 0.098333
0 0.477500 0.521667 0.101667 0.143333
