0 0.395333 0.689041 0.105333 0.101370
0 0.406000 0.868493 0.094667 0.109589
0 0.584000 0.139726 0.093333 0.112329
0 0.790000 0.250685 0.108000 0.104110
0 0.807333 0.722603 0.097333 0.102740
0 0.708667 0.522603 0.097333 0.113699
0 0.172667 0.278082 0.102667 0.104110
0 0.562000 0.314384 0.100000 0.102740
0 0.730000 0.810959 0.097333 0.093151
0 0.197333 0.743151 0.101333 0.105479
0 0.256667 0.473288 0.102667 0.102740
0 0.256667 0.178767 0.105333 0.097260
0 0.316667 0.364384 0.097333 0.109589
0 0.525333 0.895205 0.104000 0.097260
0 0.118000 0.636986 0.089333 0.109589
0 0.526667 0.689726 0.101333 0.097260
0 0.654000 0.645205 0.105333 0.104110
0 0.428000 0.304110 0.098667 0.098630
0 0.687333 0.182192 0.092000 0.093151
0 0.636000 0.872603 0.090667 0.090411
0 0.302667 0.826712 0.101333 0.100000
0 0.472000 0.115068 0.106667 0.098630
0 0.092667 0.509589 0.084000 0.115068
0 0.857333 0.618493 0.106667 0.097260
0 0.887333 0.495890 0.092000 0.098630
0 0.663333 0.389726 0.100000 0.102740
0 0.120667 0.388356 0.105333 0.102740
0 0.362000 0.136986 0.092000 0.095890
0 0.860667 0.372603 0.100000 0.106849
0 0.288667 0.606849 0.097333 0.093151
