0 0.602667 0.310274 0.106667 0.102740
0 0.589333 0.130822 0.096000 0.110959
0 0.422000 0.862329 0.094667 0.113699
0 0.214667 0.755479 0.109333 0.105479
0 0.189333 0.283562 0.098667 0.104110
0 0.292000 0.480822 0.098667 0.115068
0 0.832000 0.715753 0.104000 0.105479
0 0.441333 0.687671 0.101333 0.104110
0 0.265333 0.193836 0.098667 0.094521
0 0.799333 0.252055 0.102667 0.106849
0 0.745333 0.523288 0.104000 0.104110
0 0.749333 0.817808 0.106667 0.098630
0 0.685333 0.633562 0.098667 0.110959
0 0.468667 0.105479 0.105333 0.098630
0 0.880000 0.356849 0.090667 0.110959
0 0.470000 0.310959 0.102667 0.098630
0 0.344000 0.358219 0.106667 0.105479
0 0.576667 0.695205 0.100000 0.100000
0 0.318667 0.822603 0.093333 0.094521
0 0.359333 0.130822 0.092000 0.091781
0 0.692667 0.169863 0.102667 0.101370
0 0.535333 0.884247 0.108000 0.100000
0 0.908000 0.484247 0.085333 0.116438
0 0.142000 0.387671 0.108000 0.098630
0 0.113333 0.511644 0.093333 0.100000
0 0.340000 0.613699 0.101333 0.104110
0 0.882667 0.605479 0.106667 0.104110
0 0.645333 0.860959 0.093333 0.097260
0 0.141333 0.633562 0.101333 0.108219
0 0.709333 0.389726 0.098667 0.094521
