0 0.618667 0.319863 0.112000 0.108219
0 0.620000 0.140411 0.101333 0.116438
0 0.392000 0.854110 0.101333 0.119178
0 0.194667 0.729452 0.114667 0.110959
0 0.209333 0.257534 0.104000 0.109589
0 0.294000 0.463014 0.105333 0.120548
0 0.812000 0.745890 0.109333 0.110959
0 0.425333 0.682192 0.106667 0.109589
0 0.292000 0.174658 0.104000 0.100000
0 0.819333 0.280822 0.108000 0.112329
0 0.741333 0.545205 0.109333 0.109589
0 0.721333 0.838356 0.112000 0.104110
0 0.673333 0.650000 0.104000 0.116438
0 0.502000 0.104110 0.110667 0.104110
0 0.890667 0.391781 0.096000 0.115068
0 0.486000 0.309589 0.108000 0.104110
0 0.357333 0.344521 0.112000 0.110959
0 0.559333 0.700685 0.105333 0.105479
0 0.292000 0.804795 0.098667 0.100000
0 0.390667 0.119863 0.096000 0.097260
0 0.720667 0.189041 0.108000 0.106849
0 0.503333 0.886986 0.113333 0.105479
0 0.907333 0.520548 0.092000 0.120548
0 0.152667 0.356164 0.113333 0.104110
0 0.114667 0.477397 0.098667 0.105479
0 0.330667 0.600000 0.106667 0.109589
0 0.872000 0.639726 0.112000 0.109589
0 0.614667 0.871918 0.098667 0.102740
0 0.132000 0.602055 0.106667 0.113699
0 0.718667 0.408904 0.104000 0.100000
