0 0.695333 0.446453 0.105333 0.111266
0 0.880667 0.497914 0.116000 0.122392
0 0.603333 0.683588 0.116000 0.109875
0 0.283333 0.170376 0.108000 0.115438
0 0.733333 0.170376 0.114667 0.115438
0 0.193333 0.262865 0.104000 0.116829
0 0.386667 0.095967 0.114667 0.102921
0 0.874667 0.381780 0.109333 0.104312
0 0.158667 0.383866 0.106667 0.105702
0 0.852000 0.621001 0.117333 0.109875
0 0.728000 0.833797 0.114667 0.123783
0 0.368000 0.661335 0.106667 0.121001
0 0.634667 0.114047 0.109333 0.122392
0 0.192667 0.730876 0.097333 0.107093
0 0.603333 0.883866 0.113333 0.115438
0 0.147333 0.622392 0.094667 0.098748
0 0.829333 0.269124 0.106667 0.121001
0 0.371333 0.871349 0.102667 0.118220
0 0.273333 0.816412 0.104000 0.108484
0 0.649333 0.321280 0.120000 0.111266
0 0.533333 0.257302 0.109333 0.114047
0 0.810000 0.734353 0.102667 0.105702
0 0.315333 0.532684 0.100000 0.114047
0 0.135333 0.502782 0.102667 0.115438
0 0.415333 0.283032 0.097333 0.112656
0 0.338667 0.389430 0.106667 0.114047
0 0.678000 0.576495 0.118667 0.121001
0 0.474000 0.723227 0.121333 0.111266
0 0.514667 0.082058 0.120000 0.102921
0 0.478667 0.910292 0.106667 0.104312
