1 0.279375 0.469072 0.138750 0.175258
1 0.088750 0.374414 0.100000 0.115276
1 0.178125 0.410965 0.133750 0.182755
0 0.675000 0.701031 0.130000 0.080600
1 0.418750 0.685567 0.102500 0.115276
1 0.701875 0.568885 0.423750 0.224930
0 0.721875 0.405342 0.126250 0.096532
0 0.792500 0.404405 0.145000 0.064667
1 0.628750 0.773664 0.187500 0.195876
0 0.453750 0.251640 0.122500 0.053421
0 0.859375 0.279288 0.053750 0.041237
1 0.118125 0.244611 0.146250 0.166823
0 0.725000 0.338332 0.135000 0.059981
0 0.428750 0.190722 0.057500 0.045923
0 0.952500 0.347704 0.050000 0.035614
0 0.316250 0.200562 0.047500 0.044986
0 0.644375 0.373008 0.061250 0.054358
0 0.938125 0.290066 0.053750 0.042174
0 0.646250 0.412840 0.050000 0.051546
0 0.988125 0.535145 0.023750 0.035614
1 0.455000 0.786317 0.092500 0.110590
0 0.465625 0.181818 0.043750 0.037488
0 0.860000 0.604499 0.120000 0.121837
0 0.748125 0.655108 0.208750 0.091846
0 0.526250 0.190722 0.047500 0.038425
0 0.918125 0.602156 0.086250 0.092784
0 0.925000 0.557170 0.087500 0.092784
0 0.756875 0.238519 0.033750 0.030928
0 0.986250 0.451734 0.022500 0.022493
0 0.868750 0.519213 0.025000 0.020619
0 0.543750 0.183224 0.030000 0.025305
0 0.304375 0.268978 0.018750 0.018744
0 0.293750 0.153233 0.035000 0.019681
0 0.330000 0.152765 0.047500 0.028116
0 0.569375 0.120900 0.046250 0.020619
0 0.323750 0.278351 0.022500 0.018744
0 0.602500 0.113402 0.027500 0.013121
0 0.658125 0.264292 0.031250 0.029991
0 0.611875 0.533271 0.041250 0.033739
0 0.571250 0.419400 0.037500 0.044049
0 0.364375 0.430178 0.028750 0.020619
0 0.386250 0.433927 0.015000 0.011246
0 0.550625 0.802249 0.031250 0.035614
0 0.473125 0.868791 0.043750 0.029991
0 0.177500 0.187910 0.045000 0.034677
0 0.165000 0.258201 0.020000 0.015933
0 0.078750 0.176664 0.020000 0.014058
0 0.382500 0.498594 0.040000 0.039363
0 0.247500 0.448922 0.015000 0.011246
0 0.193125 0.462043 0.013750 0.011246
0 0.651875 0.417057 0.013750 0.014995
0 0.640000 0.386129 0.012500 0.013121
0 0.895625 0.520619 0.041250 0.045923
0 0.796250 0.464386 0.047500 0.015933
0 0.815625 0.593252 0.026250 0.018744
0 0.684375 0.655576 0.018750 0.010309
0 0.826875 0.636832 0.018750 0.015933
0 0.551250 0.853327 0.062500 0.040300
0 0.515625 0.849110 0.046250 0.037488
0 0.448125 0.881912 0.038750 0.013121
0 0.441875 0.863168 0.036250 0.031865
0 0.586875 0.514058 0.023750 0.021556
0 0.596875 0.493908 0.011250 0.007498
