0 0.294271 0.376823 0.147917 0.152604
0 0.615365 0.390104 0.170313 0.146875
0 0.461719 0.371354 0.124479 0.123958
0 0.206510 0.265625 0.156771 0.120833
0 0.633333 0.686198 0.188542 0.166146
0 0.360938 0.296094 0.103125 0.121354
0 0.466406 0.735938 0.182812 0.164583
0 0.558594 0.583073 0.157812 0.149479
0 0.381510 0.466406 0.128646 0.135937
0 0.279687 0.504948 0.114583 0.113021
0 0.299479 0.797396 0.132292 0.137500
0 0.410156 0.882812 0.123438 0.123958
0 0.566406 0.295573 0.138021 0.139063
0 0.215365 0.702083 0.108854 0.117708
0 0.557552 0.853646 0.202604 0.168750
0 0.666667 0.540885 0.170833 0.175521
0 0.339062 0.154427 0.182292 0.197396
0 0.149740 0.463542 0.114062 0.121875
0 0.175781 0.581510 0.104688 0.126562
0 0.822135 0.350260 0.091146 0.103646
0 0.219010 0.161979 0.097396 0.132292
0 0.669271 0.244271 0.094792 0.091667
0 0.763281 0.233073 0.094271 0.095312
0 0.493229 0.243490 0.105208 0.133854
0 0.280729 0.610417 0.102083 0.090625
0 0.343229 0.682552 0.091667 0.092188
0 0.766667 0.431510 0.090625 0.098437
0 0.364583 0.586719 0.096875 0.099479
0 0.736198 0.334635 0.092188 0.099479
0 0.447396 0.558333 0.088542 0.089583
0 0.423438 0.652865 0.088542 0.101562
0 0.602344 0.168229 0.136979 0.100000
0 0.142708 0.348177 0.190625 0.109896
0 0.861458 0.513542 0.054167 0.046875
0 0.794792 0.705729 0.052083 0.052083
0 0.410938 0.239583 0.087500 0.132292
0 0.776563 0.816927 0.046875 0.052604
0 0.837500 0.727865 0.054167 0.052604
0 0.841927 0.670833 0.054688 0.053125
0 0.842708 0.459375 0.055208 0.047917
0 0.729948 0.796875 0.046354 0.057292
0 0.815625 0.550521 0.052083 0.054167
0 0.766146 0.755729 0.051042 0.048958
0 0.809896 0.599479 0.047917 0.048958
0 0.862240 0.577604 0.050521 0.048958
0 0.858073 0.415885 0.051562 0.048438
0 0.681771 0.821875 0.052083 0.052083
0 0.747917 0.629167 0.053125 0.053125
0 0.792708 0.650521 0.050000 0.052083
0 0.817969 0.776302 0.046354 0.047396
0 0.787240 0.866927 0.050521 0.046354
0 0.747135 0.687760 0.047396 0.056771
0 0.888281 0.712760 0.052604 0.049479
0 0.665625 0.864844 0.048958 0.049479
0 0.736979 0.856250 0.048958 0.048958
0 0.772135 0.523438 0.049479 0.054167
0 0.722135 0.734375 0.052604 0.048958
0 0.546354 0.088281 0.307292 0.172396
0 0.646354 0.907292 0.047917 0.048958
0 0.764062 0.582292 0.051042 0.051042
0 0.810417 0.496875 0.051042 0.054167
0 0.691146 0.769531 0.045833 0.044271
0 0.857031 0.622917 0.047396 0.047917
0 0.709896 0.907292 0.043750 0.046875
0 0.906250 0.544271 0.052083 0.051042
