0 0.729427 0.669010 0.126562 0.100521
0 0.343750 0.779687 0.129167 0.110417
0 0.237760 0.261198 0.094271 0.118229
0 0.115104 0.648438 0.098958 0.141667
0 0.264583 0.399740 0.082292 0.075521
0 0.532031 0.195052 0.104688 0.095312
0 0.332552 0.227344 0.088021 0.104688
0 0.211198 0.742708 0.124479 0.105208
0 0.175521 0.319271 0.114583 0.109375
0 0.425521 0.205208 0.093750 0.112500
0 0.568490 0.799219 0.110937 0.106771
0 0.681510 0.595833 0.069271 0.061458
0 0.384375 0.311198 0.069792 0.092188
0 0.533854 0.717969 0.059375 0.053646
0 0.515365 0.397135 0.072396 0.083854
0 0.452865 0.297396 0.074479 0.085417
0 0.608594 0.709375 0.058854 0.061458
0 0.832031 0.365885 0.096354 0.086979
0 0.584896 0.409896 0.079167 0.073958
0 0.316146 0.353906 0.092708 0.080729
0 0.700000 0.339583 0.105208 0.071875
0 0.382552 0.411719 0.069271 0.077604
0 0.122917 0.541667 0.071875 0.060417
0 0.748958 0.269531 0.090625 0.077604
0 0.632812 0.216406 0.082292 0.099479
0 0.440625 0.391146 0.066667 0.082292
0 0.689323 0.238542 0.086979 0.081250
0 0.621615 0.317448 0.078646 0.092188
0 0.204167 0.533854 0.069792 0.062500
0 0.200521 0.601302 0.064583 0.055729
0 0.838802 0.447396 0.111979 0.084375
0 0.160156 0.396354 0.086979 0.081250
0 0.786719 0.318229 0.079687 0.079167
0 0.571094 0.596615 0.121354 0.142187
0 0.315104 0.510677 0.068750 0.057813
0 0.573177 0.301042 0.071354 0.100000
0 0.642708 0.545573 0.064583 0.053646
0 0.814583 0.585417 0.059375 0.066667
0 0.518750 0.296615 0.052083 0.104688
0 0.377865 0.676042 0.070312 0.057292
0 0.216927 0.470052 0.341146 0.080729
0 0.405990 0.621615 0.060937 0.070312
0 0.754687 0.561979 0.055208 0.064583
0 0.472656 0.672396 0.089063 0.291667
0 0.315104 0.603125 0.196875 0.162500
0 0.551823 0.648177 0.055729 0.066146
0 0.707292 0.398177 0.137500 0.048438
0 0.745313 0.498437 0.413542 0.157292
0 0.702604 0.521094 0.055208 0.066146
0 0.266667 0.564583 0.058333 0.068750
