0 0.364844 0.750781 0.117188 0.139063
0 0.201563 0.384115 0.127083 0.143229
0 0.700521 0.207031 0.130208 0.109896
0 0.300000 0.139583 0.154167 0.117708
0 0.566667 0.252865 0.086458 0.092188
0 0.806510 0.489323 0.108854 0.117188
0 0.746615 0.296615 0.116146 0.101562
0 0.220052 0.247656 0.121354 0.138021
0 0.634115 0.153906 0.124479 0.128646
0 0.782031 0.385417 0.124479 0.108333
0 0.213802 0.609115 0.121354 0.124479
0 0.430469 0.692708 0.070312 0.077083
0 0.671354 0.359115 0.101042 0.081771
0 0.289062 0.563802 0.061458 0.066146
0 0.604427 0.501042 0.093229 0.083333
0 0.694271 0.425000 0.094792 0.085417
0 0.308073 0.636979 0.069271 0.066667
0 0.678906 0.810417 0.099479 0.107292
0 0.601562 0.571354 0.084375 0.088542
0 0.619271 0.297917 0.092708 0.103125
0 0.686719 0.675781 0.085938 0.114062
0 0.571354 0.371354 0.086458 0.079167
0 0.406250 0.132031 0.069792 0.079687
0 0.763021 0.714323 0.089583 0.100521
0 0.799219 0.591927 0.109896 0.095312
0 0.599479 0.425781 0.090625 0.077604
0 0.785417 0.650781 0.092708 0.097396
0 0.697917 0.594792 0.102083 0.090625
0 0.425781 0.211719 0.071354 0.077604
0 0.358073 0.217188 0.064062 0.071875
0 0.599479 0.827865 0.098958 0.122396
0 0.555729 0.149219 0.092708 0.097396
0 0.720313 0.758594 0.089583 0.090104
0 0.414323 0.584115 0.157812 0.140104
0 0.463542 0.318229 0.066667 0.076042
0 0.707552 0.544792 0.108854 0.084375
0 0.475260 0.647656 0.061979 0.071354
0 0.459115 0.823698 0.074479 0.068229
0 0.703906 0.490365 0.110937 0.066146
0 0.308854 0.403385 0.066667 0.077604
0 0.490365 0.215625 0.127604 0.348958
0 0.366667 0.423698 0.078125 0.070312
0 0.473958 0.760938 0.071875 0.063542
0 0.325521 0.496615 0.301042 0.128646
0 0.372396 0.331250 0.188542 0.217708
0 0.360677 0.571875 0.073438 0.064583
0 0.629948 0.691146 0.067187 0.142708
0 0.535937 0.742708 0.213542 0.431250
0 0.507552 0.703906 0.073438 0.064062
0 0.404167 0.277865 0.076042 0.067187
