0 0.351823 0.743490 0.110937 0.134896
0 0.208073 0.368750 0.121354 0.138542
0 0.715625 0.217708 0.126042 0.104167
0 0.318750 0.129427 0.150000 0.110937
0 0.579688 0.256771 0.082292 0.088542
0 0.806771 0.505208 0.104167 0.112500
0 0.757031 0.309375 0.111979 0.096875
0 0.233333 0.233333 0.115625 0.133333
0 0.652083 0.161198 0.118750 0.123438
0 0.787760 0.400000 0.120313 0.103125
0 0.208073 0.594271 0.116146 0.119792
0 0.420573 0.688802 0.067187 0.074479
0 0.678646 0.368490 0.097917 0.077604
0 0.285677 0.552344 0.058854 0.064062
0 0.604427 0.506510 0.090104 0.079687
0 0.697917 0.435677 0.091667 0.081771
0 0.300781 0.626302 0.066146 0.064062
0 0.662500 0.819010 0.094792 0.103646
0 0.597656 0.576562 0.080729 0.085417
0 0.629687 0.304427 0.088542 0.099479
0 0.677344 0.685156 0.080729 0.110937
0 0.578125 0.375260 0.083333 0.075521
0 0.425521 0.127604 0.066667 0.077083
0 0.751563 0.728125 0.085417 0.096875
0 0.794271 0.607292 0.106250 0.090625
0 0.603385 0.430990 0.088021 0.073438
0 0.777083 0.665625 0.088542 0.093750
0 0.692969 0.605208 0.098437 0.086458
0 0.440885 0.208333 0.068229 0.075000
0 0.373177 0.210156 0.060937 0.069271
0 0.582292 0.832812 0.093750 0.118750
0 0.573958 0.152604 0.088542 0.093750
0 0.706510 0.769792 0.085938 0.086458
0 0.409896 0.579167 0.152083 0.133333
0 0.473438 0.316406 0.063542 0.073438
0 0.704948 0.555469 0.105729 0.079687
0 0.467448 0.646094 0.058854 0.069271
0 0.442448 0.821094 0.071354 0.065104
0 0.704427 0.501302 0.108854 0.060937
0 0.314323 0.393750 0.063021 0.075000
0 0.505469 0.215104 0.109896 0.346875
0 0.370573 0.416667 0.075521 0.066667
0 0.460677 0.759375 0.069271 0.060417
0 0.325781 0.487760 0.298438 0.114062
0 0.381250 0.325000 0.179167 0.210417
0 0.356771 0.564583 0.070833 0.061458
0 0.619792 0.697656 0.060417 0.141146
0 0.523438 0.744531 0.192708 0.425521
0 0.496875 0.703906 0.070833 0.060937
0 0.415885 0.273177 0.073438 0.064062
