0 0.097135 0.646615 0.131771 0.124479
0 0.756771 0.702083 0.127083 0.121875
0 0.551042 0.178125 0.092708 0.114583
0 0.252865 0.245312 0.103646 0.120833
0 0.339583 0.815625 0.141667 0.128125
0 0.172135 0.302865 0.120313 0.114062
0 0.465104 0.180729 0.101042 0.116667
0 0.355729 0.204687 0.098958 0.123958
0 0.579167 0.409896 0.077083 0.087500
0 0.614583 0.823958 0.130208 0.101042
0 0.327865 0.332813 0.080729 0.091667
0 0.192708 0.758073 0.109375 0.095312
0 0.716406 0.338802 0.108854 0.076563
0 0.645573 0.313542 0.081771 0.101042
0 0.471354 0.294792 0.067708 0.086458
0 0.614844 0.723177 0.066146 0.065104
0 0.382292 0.406510 0.069792 0.083854
0 0.691406 0.631250 0.060937 0.071875
0 0.853646 0.444271 0.114583 0.084375
0 0.858073 0.356250 0.103646 0.083333
0 0.820573 0.307292 0.092188 0.086458
0 0.407292 0.303906 0.070833 0.092188
0 0.776563 0.257031 0.092708 0.097396
0 0.108594 0.542969 0.071354 0.055729
0 0.542188 0.734635 0.062500 0.072396
0 0.709115 0.226042 0.084896 0.086458
0 0.173437 0.403125 0.083333 0.087500
0 0.657292 0.557031 0.053125 0.064062
0 0.200000 0.541146 0.073958 0.063542
0 0.514844 0.392448 0.071354 0.085938
0 0.189062 0.615625 0.079167 0.057292
0 0.404687 0.622917 0.068750 0.066667
0 0.639583 0.200260 0.073958 0.088021
0 0.701823 0.401042 0.146354 0.063542
0 0.213281 0.472656 0.351562 0.084896
0 0.559635 0.653906 0.051562 0.063021
0 0.363542 0.695833 0.073958 0.065625
0 0.779687 0.582292 0.062500 0.070833
0 0.577865 0.605729 0.125521 0.151042
0 0.302083 0.620573 0.201042 0.169271
0 0.843750 0.599219 0.061458 0.064062
0 0.265625 0.386458 0.103125 0.084375
0 0.535417 0.290885 0.062500 0.104688
0 0.317969 0.527083 0.059896 0.067708
0 0.480729 0.671354 0.095833 0.303125
0 0.719010 0.537240 0.052604 0.073438
0 0.445052 0.388542 0.066146 0.093750
0 0.586979 0.303125 0.077083 0.098958
0 0.755990 0.504948 0.426563 0.159896
