0 0.885677 0.312500 0.144271 0.137500
0 0.223698 0.326042 0.139063 0.134375
0 0.482812 0.825781 0.104167 0.123438
0 0.772917 0.727604 0.115625 0.131250
0 0.626563 0.169531 0.154167 0.142187
0 0.847135 0.661979 0.131771 0.126042
0 0.568229 0.813802 0.112500 0.126562
0 0.674479 0.778906 0.111458 0.133854
0 0.430990 0.598177 0.085938 0.095312
0 0.352344 0.189844 0.140104 0.114062
0 0.688802 0.648698 0.090104 0.099479
0 0.779167 0.211458 0.118750 0.106250
0 0.301823 0.683333 0.116146 0.087500
0 0.375000 0.701302 0.091667 0.108854
0 0.550260 0.701302 0.076563 0.093229
0 0.362760 0.290104 0.072396 0.071875
0 0.627083 0.581250 0.078125 0.090625
0 0.296094 0.389844 0.068229 0.077604
0 0.154167 0.592708 0.122917 0.095833
0 0.159115 0.680729 0.111979 0.093750
0 0.201823 0.725521 0.100521 0.095833
0 0.613021 0.685417 0.080208 0.098958
0 0.250260 0.771094 0.102604 0.106771
0 0.885156 0.416927 0.076563 0.063021
0 0.433854 0.271615 0.069792 0.078646
0 0.321094 0.794792 0.093229 0.094792
0 0.835156 0.562500 0.092188 0.095833
0 0.338021 0.459635 0.059375 0.069271
0 0.794271 0.428125 0.080208 0.070833
0 0.497135 0.608854 0.079687 0.092708
0 0.797135 0.352865 0.084896 0.065104
0 0.582031 0.367969 0.075521 0.073438
0 0.392969 0.813281 0.082812 0.095312
0 0.309896 0.620052 0.152083 0.078646
0 0.788542 0.497135 0.358333 0.121354
0 0.424740 0.353385 0.057813 0.068229
0 0.615625 0.291146 0.080208 0.072917
0 0.213542 0.447917 0.069792 0.077083
0 0.411979 0.403125 0.140625 0.163542
0 0.684375 0.359375 0.217708 0.189583
0 0.147917 0.437760 0.067708 0.070312
0 0.745313 0.588542 0.111458 0.094792
0 0.486979 0.711979 0.072917 0.110417
0 0.678125 0.454427 0.066667 0.073438
0 0.501563 0.327604 0.127083 0.311458
0 0.278385 0.486198 0.059896 0.078646
0 0.566406 0.605729 0.075521 0.100000
0 0.434115 0.705208 0.086979 0.106250
0 0.245052 0.522135 0.441146 0.203646
