0 0.380000 0.895000 0.220000 0.183333
0 0.765833 0.852500 0.281667 0.235000
0 0.375000 0.165000 0.116667 0.126667
0 0.786667 0.087500 0.103333 0.121667
0 0.914167 0.077500 0.118333 0.131667
0 0.624167 0.182500 0.121667 0.115000
0 0.571667 0.895000 0.153333 0.196667
0 0.499167 0.167500 0.118333 0.111667
0 0.741667 0.216667 0.110000 0.140000
0 0.550000 0.055000 0.100000 0.093333
0 0.660833 0.069167 0.121667 0.098333
0 0.449167 0.070833 0.078333 0.101667
0 0.900833 0.485833 0.178333 0.245000
0 0.350833 0.054167 0.101667 0.085000
0 0.046667 0.055833 0.073333 0.091667
0 0.211667 0.035833 0.083333 0.058333
0 0.250833 0.698333 0.071667 0.070000
0 0.953333 0.819167 0.083333 0.131667
0 0.311667 0.774167 0.090000 0.081667
0 0.056667 0.592500 0.070000 0.071667
0 0.063333 0.130833 0.066667 0.058333
0 0.885833 0.281667 0.058333 0.056667
0 0.064167 0.680833 0.085000 0.088333
0 0.203333 0.100000 0.060000 0.060000
0 0.398333 0.735000 0.056667 0.063333
0 0.145833 0.853333 0.225000 0.220000
0 0.921667 0.941667 0.136667 0.086667
0 0.528333 0.753333 0.063333 0.053333
0 0.261667 0.088333 0.056667 0.076667
0 0.244167 0.485000 0.051667 0.053333
0 0.040000 0.345000 0.063333 0.063333
0 0.343333 0.711667 0.046667 0.060000
0 0.437500 0.525000 0.038333 0.036667
0 0.868333 0.167500 0.070000 0.055000
0 0.613333 0.283333 0.053333 0.050000
0 0.743333 0.595000 0.056667 0.050000
0 0.460000 0.745833 0.050000 0.061667
0 0.354167 0.644167 0.035000 0.038333
0 0.555000 0.265833 0.056667 0.051667
0 0.595000 0.744167 0.060000 0.051667
0 0.038333 0.185000 0.053333 0.060000
0 0.310833 0.444167 0.058333 0.048333
0 0.394167 0.277500 0.065000 0.045000
0 0.755000 0.423333 0.046667 0.056667
0 0.445000 0.260833 0.056667 0.048333
0 0.561667 0.645000 0.036667 0.043333
0 0.717500 0.485000 0.041667 0.036667
0 0.434167 0.685833 0.045000 0.041667
0 0.480000 0.431667 0.033333 0.033333
0 0.103333 0.190000 0.053333 0.060000
0 0.890000 0.335833 0.073333 0.035000
0 0.702500 0.343333 0.031667 0.060000
0 0.180833 0.441667 0.061667 0.060000
0 0.045833 0.265833 0.061667 0.081667
0 0.387500 0.499167 0.038333 0.035000
0 0.178333 0.628333 0.136667 0.203333
0 0.653333 0.720833 0.060000 0.048333
0 0.521667 0.692500 0.043333 0.045000
0 0.548333 0.435000 0.033333 0.033333
0 0.420833 0.575000 0.041667 0.040000
0 0.400000 0.328333 0.063333 0.036667
0 0.695000 0.690833 0.063333 0.041667
0 0.143333 0.064167 0.046667 0.051667
0 0.577500 0.458333 0.035000 0.033333
0 0.420833 0.424167 0.038333 0.035000
0 0.134167 0.129167 0.061667 0.055000
0 0.625833 0.534167 0.041667 0.038333
0 0.300000 0.331667 0.056667 0.043333
0 0.570833 0.593333 0.038333 0.040000
0 0.530000 0.387500 0.036667 0.038333
0 0.239167 0.554167 0.048333 0.058333
0 0.952500 0.294167 0.041667 0.085000
0 0.253333 0.428333 0.060000 0.036667
0 0.430833 0.633333 0.035000 0.036667
0 0.499167 0.259167 0.048333 0.048333
0 0.397500 0.613333 0.041667 0.023333
0 0.300833 0.666667 0.031667 0.073333
0 0.671667 0.628333 0.040000 0.036667
0 0.601667 0.675833 0.033333 0.048333
0 0.490000 0.388333 0.033333 0.040000
0 0.465000 0.307500 0.056667 0.038333
0 0.615833 0.338333 0.051667 0.040000
0 0.403333 0.462500 0.040000 0.038333
0 0.598333 0.420000 0.036667 0.040000
0 0.105833 0.047500 0.061667 0.081667
0 0.335833 0.611667 0.031667 0.033333
0 0.757500 0.537500 0.048333 0.045000
0 0.370000 0.586667 0.043333 0.033333
0 0.518333 0.461667 0.026667 0.030000
0 0.890833 0.222500 0.055000 0.041667
0 0.763333 0.484167 0.050000 0.058333
0 0.297500 0.493333 0.035000 0.036667
0 0.622500 0.455833 0.038333 0.038333
0 0.596667 0.625833 0.033333 0.035000
0 0.859167 0.675833 0.268333 0.125000
0 0.705833 0.538333 0.045000 0.060000
0 0.495000 0.607500 0.033333 0.041667
0 0.631667 0.605833 0.036667 0.041667
0 0.480833 0.685000 0.041667 0.036667
0 0.834167 0.209167 0.038333 0.055000
0 0.735000 0.374167 0.033333 0.061667
0 0.265833 0.378333 0.055000 0.036667
0 0.492500 0.567500 0.028333 0.028333
0 0.455000 0.405000 0.030000 0.030000
0 0.664167 0.312500 0.041667 0.041667
0 0.314167 0.576667 0.031667 0.050000
0 0.563333 0.689167 0.036667 0.041667
0 0.298333 0.534167 0.033333 0.035000
0 0.358333 0.450833 0.043333 0.038333
0 0.774167 0.308333 0.045000 0.046667
0 0.392500 0.543333 0.041667 0.036667
0 0.590833 0.495000 0.031667 0.030000
0 0.605000 0.568333 0.036667 0.036667
0 0.530000 0.570000 0.036667 0.040000
0 0.630000 0.494167 0.033333 0.031667
0 0.338333 0.293333 0.060000 0.040000
0 0.814167 0.539167 0.058333 0.135000
0 0.451667 0.452500 0.030000 0.028333
0 0.340000 0.486667 0.033333 0.040000
0 0.636667 0.405833 0.043333 0.035000
0 0.822500 0.284167 0.048333 0.075000
0 0.575833 0.318333 0.041667 0.033333
0 0.436667 0.487500 0.033333 0.031667
0 0.471667 0.646667 0.043333 0.036667
0 0.352500 0.356667 0.051667 0.033333
0 0.944167 0.165833 0.068333 0.058333
0 0.597500 0.370833 0.048333 0.031667
0 0.519167 0.346667 0.048333 0.036667
0 0.327500 0.397500 0.051667 0.038333
0 0.486667 0.470833 0.033333 0.031667
0 0.522500 0.310000 0.055000 0.040000
0 0.656667 0.571667 0.026667 0.043333
0 0.458333 0.595833 0.040000 0.041667
0 0.555833 0.495833 0.028333 0.028333
0 0.660000 0.365833 0.033333 0.031667
0 0.519167 0.647500 0.038333 0.038333
0 0.640833 0.657500 0.035000 0.048333
0 0.670833 0.480833 0.041667 0.038333
0 0.695000 0.592500 0.033333 0.041667
0 0.536667 0.606667 0.033333 0.030000
0 0.267500 0.610000 0.028333 0.083333
0 0.349167 0.556667 0.041667 0.026667
0 0.390833 0.665000 0.035000 0.046667
0 0.670833 0.525833 0.038333 0.045000
0 0.515000 0.427500 0.026667 0.028333
0 0.462500 0.555000 0.035000 0.033333
0 0.560833 0.354167 0.035000 0.028333
0 0.446667 0.361667 0.026667 0.043333
0 0.348333 0.524167 0.043333 0.031667
0 0.545000 0.529167 0.033333 0.035000
0 0.478333 0.350000 0.030000 0.036667
0 0.707500 0.442500 0.048333 0.041667
0 0.566667 0.399167 0.033333 0.038333
0 0.480833 0.520833 0.028333 0.028333
0 0.510833 0.531667 0.031667 0.036667
0 0.564167 0.555833 0.025000 0.025000
0 0.415000 0.368333 0.030000 0.050000
0 0.960000 0.369167 0.050000 0.041667
0 0.583333 0.528333 0.036667 0.033333
0 0.386667 0.388333 0.026667 0.036667
0 0.689167 0.400000 0.058333 0.046667
0 0.546667 0.466667 0.023333 0.023333
0 0.665000 0.443333 0.043333 0.040000
0 0.468333 0.495000 0.026667 0.023333
0 0.367500 0.415833 0.028333 0.035000
0 0.729167 0.650833 0.068333 0.025000
0 0.953333 0.217500 0.053333 0.038333
0 0.090833 0.468333 0.158333 0.156667
0 0.201667 0.267500 0.243333 0.261667
0 0.810833 0.355000 0.061667 0.063333
0 0.380000 0.895000 0.220000 0.183333
0 0.765833 0.852500 0.281667 0.235000
0 0.375000 0.165000 0.116667 0.126667
0 0.786667 0.087500 0.103333 0.121667
0 0.914167 0.077500 0.118333 0.131667
0 0.624167 0.182500 0.121667 0.115000
0 0.571667 0.895000 0.153333 0.196667
0 0.499167 0.167500 0.118333 0.111667
0 0.741667 0.216667 0.110000 0.140000
0 0.550000 0.055000 0.100000 0.093333
0 0.660833 0.069167 0.121667 0.098333
0 0.449167 0.070833 0.078333 0.101667
0 0.900833 0.485833 0.178333 0.245000
0 0.350833 0.054167 0.101667 0.085000
0 0.046667 0.055833 0.073333 0.091667
0 0.211667 0.035833 0.083333 0.058333
0 0.250833 0.698333 0.071667 0.070000
0 0.953333 0.819167 0.083333 0.131667
0 0.311667 0.774167 0.090000 0.081667
0 0.056667 0.592500 0.070000 0.071667
0 0.063333 0.130833 0.066667 0.058333
0 0.885833 0.281667 0.058333 0.056667
0 0.064167 0.680833 0.085000 0.088333
0 0.203333 0.100000 0.060000 0.060000
0 0.398333 0.735000 0.056667 0.063333
0 0.145833 0.853333 0.225000 0.220000
0 0.921667 0.941667 0.136667 0.086667
0 0.528333 0.753333 0.063333 0.053333
0 0.261667 0.088333 0.056667 0.076667
0 0.244167 0.485000 0.051667 0.053333
0 0.040000 0.345000 0.063333 0.063333
0 0.343333 0.711667 0.046667 0.060000
0 0.437500 0.525000 0.038333 0.036667
0 0.868333 0.167500 0.070000 0.055000
0 0.613333 0.283333 0.053333 0.050000
0 0.743333 0.595000 0.056667 0.050000
0 0.460000 0.745833 0.050000 0.061667
0 0.354167 0.644167 0.035000 0.038333
0 0.555000 0.265833 0.056667 0.051667
0 0.595000 0.744167 0.060000 0.051667
0 0.038333 0.185000 0.053333 0.060000
0 0.310833 0.444167 0.058333 0.048333
0 0.394167 0.277500 0.065000 0.045000
0 0.755000 0.423333 0.046667 0.056667
0 0.445000 0.260833 0.056667 0.048333
0 0.561667 0.645000 0.036667 0.043333
0 0.717500 0.485000 0.041667 0.036667
0 0.434167 0.685833 0.045000 0.041667
0 0.480000 0.431667 0.033333 0.033333
0 0.103333 0.190000 0.053333 0.060000
0 0.890000 0.335833 0.073333 0.035000
0 0.702500 0.343333 0.031667 0.060000
0 0.180833 0.441667 0.061667 0.060000
0 0.045833 0.265833 0.061667 0.081667
0 0.387500 0.499167 0.038333 0.035000
0 0.178333 0.628333 0.136667 0.203333
0 0.653333 0.720833 0.060000 0.048333
0 0.521667 0.692500 0.043333 0.045000
0 0.548333 0.435000 0.033333 0.033333
0 0.420833 0.575000 0.041667 0.040000
0 0.400000 0.328333 0.063333 0.036667
0 0.695000 0.690833 0.063333 0.041667
0 0.143333 0.064167 0.046667 0.051667
0 0.577500 0.458333 0.035000 0.033333
0 0.420833 0.424167 0.038333 0.035000
0 0.134167 0.129167 0.061667 0.055000
0 0.625833 0.534167 0.041667 0.038333
0 0.300000 0.331667 0.056667 0.043333
0 0.570833 0.593333 0.038333 0.040000
0 0.530000 0.387500 0.036667 0.038333
0 0.239167 0.554167 0.048333 0.058333
0 0.952500 0.294167 0.041667 0.085000
0 0.253333 0.428333 0.060000 0.036667
0 0.430833 0.633333 0.035000 0.036667
0 0.499167 0.259167 0.048333 0.048333
0 0.397500 0.613333 0.041667 0.023333
0 0.300833 0.666667 0.031667 0.073333
0 0.671667 0.628333 0.040000 0.036667
0 0.601667 0.675833 0.033333 0.048333
0 0.490000 0.388333 0.033333 0.040000
0 0.465000 0.307500 0.056667 0.038333
0 0.615833 0.338333 0.051667 0.040000
0 0.403333 0.462500 0.040000 0.038333
0 0.598333 0.420000 0.036667 0.040000
0 0.105833 0.047500 0.061667 0.081667
0 0.335833 0.611667 0.031667 0.033333
0 0.757500 0.537500 0.048333 0.045000
0 0.370000 0.586667 0.043333 0.033333
0 0.518333 0.461667 0.026667 0.030000
0 0.890833 0.222500 0.055000 0.041667
0 0.763333 0.484167 0.050000 0.058333
0 0.297500 0.493333 0.035000 0.036667
0 0.622500 0.455833 0.038333 0.038333
0 0.596667 0.625833 0.033333 0.035000
0 0.859167 0.675833 0.268333 0.125000
0 0.705833 0.538333 0.045000 0.060000
0 0.495000 0.607500 0.033333 0.041667
0 0.631667 0.605833 0.036667 0.041667
0 0.480833 0.685000 0.041667 0.036667
0 0.834167 0.209167 0.038333 0.055000
0 0.735000 0.374167 0.033333 0.061667
0 0.265833 0.378333 0.055000 0.036667
0 0.492500 0.567500 0.028333 0.028333
0 0.455000 0.405000 0.030000 0.030000
0 0.664167 0.312500 0.041667 0.041667
0 0.314167 0.576667 0.031667 0.050000
0 0.563333 0.689167 0.036667 0.041667
0 0.298333 0.534167 0.033333 0.035000
0 0.358333 0.450833 0.043333 0.038333
0 0.774167 0.308333 0.045000 0.046667
0 0.392500 0.543333 0.041667 0.036667
0 0.590833 0.495000 0.031667 0.030000
0 0.605000 0.568333 0.036667 0.036667
0 0.530000 0.570000 0.036667 0.040000
0 0.630000 0.494167 0.033333 0.031667
0 0.338333 0.293333 0.060000 0.040000
0 0.814167 0.539167 0.058333 0.135000
0 0.451667 0.452500 0.030000 0.028333
0 0.340000 0.486667 0.033333 0.040000
0 0.636667 0.405833 0.043333 0.035000
0 0.822500 0.284167 0.048333 0.075000
0 0.575833 0.318333 0.041667 0.033333
0 0.436667 0.487500 0.033333 0.031667
0 0.471667 0.646667 0.043333 0.036667
0 0.352500 0.356667 0.051667 0.033333
0 0.944167 0.165833 0.068333 0.058333
0 0.597500 0.370833 0.048333 0.031667
0 0.519167 0.346667 0.048333 0.036667
0 0.327500 0.397500 0.051667 0.038333
0 0.486667 0.470833 0.033333 0.031667
0 0.522500 0.310000 0.055000 0.040000
0 0.656667 0.571667 0.026667 0.043333
0 0.458333 0.595833 0.040000 0.041667
0 0.555833 0.495833 0.028333 0.028333
0 0.660000 0.365833 0.033333 0.031667
0 0.519167 0.647500 0.038333 0.038333
0 0.640833 0.657500 0.035000 0.048333
0 0.670833 0.480833 0.041667 0.038333
0 0.695000 0.592500 0.033333 0.041667
0 0.536667 0.606667 0.033333 0.030000
0 0.267500 0.610000 0.028333 0.083333
0 0.349167 0.556667 0.041667 0.026667
0 0.390833 0.665000 0.035000 0.046667
0 0.670833 0.525833 0.038333 0.045000
0 0.515000 0.427500 0.026667 0.028333
0 0.462500 0.555000 0.035000 0.033333
0 0.560833 0.354167 0.035000 0.028333
0 0.446667 0.361667 0.026667 0.043333
0 0.348333 0.524167 0.043333 0.031667
0 0.545000 0.529167 0.033333 0.035000
0 0.478333 0.350000 0.030000 0.036667
0 0.707500 0.442500 0.048333 0.041667
0 0.566667 0.399167 0.033333 0.038333
0 0.480833 0.520833 0.028333 0.028333
0 0.510833 0.531667 0.031667 0.036667
0 0.564167 0.555833 0.025000 0.025000
0 0.415000 0.368333 0.030000 0.050000
0 0.960000 0.369167 0.050000 0.041667
0 0.583333 0.528333 0.036667 0.033333
0 0.386667 0.388333 0.026667 0.036667
0 0.689167 0.400000 0.058333 0.046667
0 0.546667 0.466667 0.023333 0.023333
0 0.665000 0.443333 0.043333 0.040000
0 0.468333 0.495000 0.026667 0.023333
0 0.367500 0.415833 0.028333 0.035000
0 0.729167 0.650833 0.068333 0.025000
0 0.953333 0.217500 0.053333 0.038333
0 0.090833 0.468333 0.158333 0.156667
0 0.201667 0.267500 0.243333 0.261667
0 0.810833 0.355000 0.061667 0.063333
