0 0.183073 0.453646 0.211979 0.177083
0 0.365104 0.859635 0.136458 0.141146
0 0.818750 0.498698 0.166667 0.110937
0 0.629948 0.172917 0.123438 0.154167
0 0.740885 0.774219 0.138021 0.133854
0 0.246354 0.777344 0.191667 0.171354
0 0.183854 0.636458 0.186458 0.153125
0 0.363021 0.168229 0.154167 0.260417
0 0.634115 0.834635 0.121354 0.146354
0 0.457552 0.334115 0.117188 0.141146
0 0.366406 0.549740 0.116146 0.103646
0 0.415104 0.663542 0.126042 0.143750
0 0.805729 0.649740 0.182292 0.142187
0 0.515625 0.863542 0.116667 0.188542
0 0.227344 0.274219 0.158854 0.173437
0 0.730729 0.233073 0.140625 0.172396
0 0.379688 0.420573 0.157292 0.131771
0 0.662240 0.532292 0.106771 0.130208
0 0.824740 0.337500 0.213021 0.160417
0 0.574740 0.317708 0.116146 0.119792
0 0.520573 0.688281 0.091146 0.123438
0 0.645052 0.406771 0.118229 0.103125
0 0.618750 0.653646 0.104167 0.118750
0 0.497135 0.155729 0.104688 0.179167
