0 0.809115 0.467708 0.171354 0.125000
0 0.218490 0.653125 0.197396 0.166667
0 0.172396 0.473958 0.207292 0.215625
0 0.784115 0.311198 0.220312 0.182812
0 0.200260 0.311198 0.170313 0.184896
0 0.374479 0.543750 0.173958 0.139583
0 0.559115 0.857812 0.128646 0.159375
0 0.398177 0.872396 0.169271 0.220833
0 0.284115 0.785937 0.153646 0.137500
0 0.770573 0.743229 0.141146 0.147917
0 0.326302 0.192969 0.186979 0.268229
0 0.826823 0.615885 0.183854 0.157812
0 0.458073 0.145052 0.132812 0.189062
0 0.450521 0.331250 0.134375 0.150000
0 0.617448 0.384635 0.123438 0.116146
0 0.694271 0.198698 0.161458 0.158854
0 0.639844 0.622135 0.114062 0.124479
0 0.553125 0.304948 0.119792 0.131771
0 0.372917 0.428385 0.122917 0.116146
0 0.667188 0.500260 0.117708 0.135937
0 0.545833 0.673438 0.103125 0.125000
0 0.582292 0.149479 0.142708 0.157292
0 0.665104 0.811719 0.140625 0.190104
0 0.431250 0.671615 0.123958 0.158854
