0 0.489063 0.810677 0.104167 0.158854
0 0.388021 0.199479 0.143750 0.180208
0 0.571615 0.179427 0.193229 0.182812
0 0.647917 0.807552 0.157292 0.201563
0 0.728646 0.229687 0.166667 0.148958
0 0.474479 0.369531 0.118750 0.159896
0 0.137240 0.508594 0.146354 0.109896
0 0.145833 0.347135 0.204167 0.143229
0 0.247135 0.246615 0.120313 0.139063
0 0.221875 0.734115 0.132292 0.124479
0 0.828906 0.370833 0.250521 0.154167
0 0.339583 0.807552 0.136458 0.167187
0 0.857552 0.507552 0.176563 0.109896
0 0.674219 0.474219 0.135937 0.117188
0 0.598177 0.632812 0.102604 0.110417
0 0.771615 0.734115 0.141146 0.144271
0 0.360156 0.621354 0.111979 0.100000
0 0.685937 0.579948 0.118750 0.104688
0 0.588802 0.384115 0.102604 0.109896
0 0.476823 0.665625 0.123438 0.102083
0 0.322396 0.521354 0.114583 0.088542
0 0.836198 0.630208 0.142187 0.125000
0 0.169010 0.620313 0.176563 0.117708
0 0.339844 0.408333 0.146354 0.105208
