0 0.481510 0.644531 0.070312 0.072396
0 0.400781 0.631250 0.089063 0.098958
0 0.689583 0.586719 0.071875 0.077604
0 0.460156 0.087240 0.069271 0.073438
0 0.708333 0.395573 0.058333 0.058854
0 0.424219 0.542448 0.076563 0.055729
0 0.708594 0.325000 0.070312 0.052083
0 0.543490 0.085677 0.085938 0.084896
0 0.580729 0.543750 0.062500 0.084375
0 0.743750 0.538802 0.082292 0.066146
0 0.300781 0.422917 0.061979 0.081250
0 0.479687 0.161979 0.076042 0.054167
0 0.558594 0.639583 0.060937 0.079167
0 0.761198 0.213802 0.081771 0.067187
0 0.636979 0.201563 0.084375 0.060417
0 0.686198 0.265365 0.085938 0.049479
0 0.373958 0.309115 0.063542 0.058854
0 0.386979 0.103906 0.060417 0.095312
0 0.670833 0.126562 0.083333 0.075000
0 0.566146 0.168229 0.068750 0.062500
0 0.794271 0.326302 0.087500 0.066146
0 0.351562 0.509375 0.059375 0.057292
0 0.689583 0.463802 0.066667 0.068229
0 0.406771 0.179427 0.050000 0.066146
0 0.213802 0.313802 0.072396 0.074479
0 0.620313 0.303906 0.054167 0.048438
0 0.279687 0.197656 0.070833 0.073438
0 0.627344 0.634635 0.056771 0.083854
0 0.219010 0.455729 0.106771 0.069792
0 0.542188 0.420573 0.051042 0.054688
0 0.242969 0.245833 0.076563 0.084375
0 0.388802 0.450781 0.052604 0.060937
0 0.482031 0.233073 0.069271 0.073438
0 0.241406 0.527865 0.067187 0.064062
0 0.286198 0.567448 0.068229 0.077604
0 0.536458 0.487760 0.041667 0.058854
0 0.300781 0.317708 0.055729 0.090625
0 0.318229 0.134635 0.060417 0.105729
0 0.218229 0.384375 0.086458 0.068750
0 0.644010 0.386458 0.067187 0.053125
0 0.407813 0.255729 0.058333 0.062500
0 0.502604 0.554948 0.054167 0.064062
0 0.351042 0.390365 0.050000 0.080729
0 0.336198 0.618229 0.075521 0.079167
0 0.605208 0.108333 0.065625 0.062500
0 0.576823 0.386458 0.056771 0.042708
0 0.770833 0.493229 0.073958 0.063542
0 0.647656 0.516406 0.052604 0.057813
0 0.488281 0.426302 0.041146 0.060937
0 0.716406 0.161198 0.063021 0.067187
0 0.795833 0.387760 0.079167 0.060937
0 0.585677 0.260417 0.057813 0.054167
0 0.588281 0.470833 0.050521 0.051042
0 0.486979 0.486458 0.044792 0.048958
0 0.538802 0.238802 0.065104 0.044271
0 0.429948 0.477865 0.058854 0.060937
0 0.487500 0.295833 0.037500 0.062500
0 0.535937 0.298698 0.044792 0.058854
0 0.753646 0.886458 0.043750 0.037500
0 0.615625 0.433333 0.052083 0.046875
0 0.788542 0.445052 0.083333 0.068229
0 0.850781 0.923698 0.043229 0.041146
0 0.798698 0.944271 0.038021 0.023958
0 0.725000 0.704948 0.041667 0.040104
0 0.699219 0.850000 0.040104 0.050000
0 0.790104 0.707552 0.042708 0.034896
0 0.440625 0.304167 0.047917 0.053125
0 0.128646 0.900000 0.040625 0.041667
0 0.244271 0.944271 0.050000 0.031250
0 0.708854 0.779948 0.038542 0.038021
0 0.672135 0.741406 0.038021 0.040104
0 0.302083 0.797917 0.032292 0.028125
0 0.417708 0.382292 0.060417 0.050000
0 0.764844 0.757812 0.038021 0.036458
0 0.648698 0.865365 0.029687 0.039062
0 0.208333 0.746354 0.044792 0.025000
0 0.170833 0.705990 0.033333 0.026562
0 0.109896 0.845313 0.032292 0.042708
0 0.887500 0.768750 0.031250 0.043750
0 0.841927 0.820312 0.032813 0.037500
0 0.228125 0.878646 0.042708 0.034375
0 0.814063 0.773698 0.034375 0.034896
0 0.164323 0.794271 0.026562 0.034375
0 0.292187 0.709635 0.037500 0.030729
0 0.347917 0.755990 0.037500 0.036979
0 0.162240 0.858333 0.032813 0.033333
0 0.230990 0.695573 0.038021 0.028646
0 0.561458 0.335156 0.054167 0.047396
0 0.774740 0.273438 0.054688 0.056250
0 0.737500 0.946094 0.048958 0.029687
0 0.444792 0.417708 0.043750 0.053125
0 0.641927 0.798177 0.030729 0.046354
0 0.415625 0.337500 0.057292 0.037500
0 0.812760 0.874219 0.045312 0.039062
0 0.346615 0.235417 0.071354 0.068750
0 0.847917 0.726042 0.032292 0.036458
0 0.271354 0.755729 0.040625 0.032292
0 0.317708 0.916927 0.035417 0.036979
0 0.681250 0.915885 0.041667 0.035937
0 0.341406 0.877604 0.033854 0.043750
0 0.884115 0.883073 0.027604 0.036979
0 0.118229 0.745313 0.034375 0.034375
0 0.640365 0.339062 0.052604 0.037500
0 0.105729 0.792188 0.025000 0.035417
0 0.182812 0.922917 0.043750 0.033333
0 0.290625 0.854688 0.039583 0.038542
0 0.363281 0.810937 0.019271 0.041667
0 0.894271 0.826562 0.027083 0.035417
