0 0.478125 0.159896 0.077083 0.054167
0 0.635417 0.199740 0.084375 0.059896
0 0.688281 0.461198 0.067187 0.068229
0 0.707812 0.322656 0.069792 0.051562
0 0.458333 0.085156 0.069792 0.073438
0 0.479167 0.642188 0.069792 0.072917
0 0.707031 0.392708 0.058854 0.059375
0 0.422656 0.540885 0.075521 0.054688
0 0.741927 0.535677 0.083854 0.068229
0 0.687500 0.583333 0.075000 0.080208
0 0.557031 0.636719 0.060937 0.078646
0 0.298698 0.420312 0.060937 0.081250
0 0.386979 0.448437 0.054167 0.060417
0 0.383333 0.102083 0.058333 0.096875
0 0.759896 0.210417 0.082292 0.068750
0 0.564323 0.165625 0.069271 0.063542
0 0.584115 0.257292 0.057813 0.054167
0 0.349219 0.506771 0.060937 0.057292
0 0.646094 0.513542 0.053646 0.059375
0 0.212240 0.311458 0.072396 0.075000
0 0.668750 0.123698 0.084375 0.075521
0 0.786719 0.441927 0.081771 0.069271
0 0.500781 0.552604 0.055729 0.064583
0 0.350000 0.387760 0.050000 0.078646
0 0.405208 0.176563 0.051042 0.064583
0 0.317708 0.132552 0.058333 0.108854
0 0.239583 0.525000 0.066667 0.064583
0 0.683854 0.262240 0.087500 0.053646
0 0.626302 0.631771 0.057813 0.084375
0 0.399479 0.628906 0.090625 0.100521
0 0.372135 0.306510 0.064062 0.057813
0 0.540365 0.418490 0.050521 0.054688
0 0.713802 0.158594 0.063021 0.068229
0 0.487240 0.424479 0.041146 0.061458
0 0.578646 0.540885 0.064583 0.086979
0 0.534896 0.485677 0.041667 0.059896
0 0.536979 0.236458 0.064583 0.046875
0 0.406771 0.253646 0.057292 0.062500
0 0.617969 0.301042 0.055729 0.050000
0 0.216927 0.453125 0.107813 0.069792
0 0.575260 0.384115 0.058854 0.043229
0 0.585938 0.469010 0.052083 0.051562
0 0.642708 0.383854 0.067708 0.055208
0 0.284896 0.565365 0.068750 0.077604
0 0.613802 0.430990 0.051562 0.047396
0 0.723437 0.702604 0.041667 0.040625
0 0.126823 0.899219 0.041146 0.041146
0 0.485677 0.292969 0.038021 0.060937
0 0.849479 0.921354 0.041667 0.041667
0 0.768750 0.490885 0.073958 0.066146
0 0.671354 0.738542 0.038542 0.041667
0 0.299740 0.314583 0.054688 0.091667
0 0.347656 0.753385 0.038021 0.038021
0 0.241406 0.242708 0.077604 0.086458
0 0.108073 0.843490 0.034896 0.043229
0 0.484635 0.483594 0.046354 0.049479
0 0.603385 0.105469 0.068229 0.063021
0 0.534115 0.296875 0.045312 0.060417
0 0.697396 0.848437 0.040625 0.048958
0 0.227083 0.877604 0.043750 0.034375
0 0.764062 0.755729 0.038542 0.037500
0 0.640365 0.795312 0.030729 0.046875
0 0.841406 0.818490 0.030729 0.038021
0 0.647396 0.863802 0.031250 0.038021
0 0.788542 0.705990 0.043750 0.034896
0 0.162760 0.793229 0.026562 0.034375
0 0.752083 0.883854 0.043750 0.037500
0 0.812240 0.771354 0.034896 0.035417
0 0.439063 0.300000 0.051042 0.055208
0 0.301823 0.795833 0.031771 0.027083
0 0.169010 0.703125 0.033854 0.027083
0 0.207031 0.743750 0.046354 0.026042
0 0.793750 0.383333 0.079167 0.056250
0 0.159896 0.857552 0.033333 0.034896
0 0.244271 0.943490 0.051042 0.031771
0 0.276562 0.193490 0.073958 0.073438
0 0.885417 0.766927 0.030208 0.044271
0 0.229427 0.693750 0.039062 0.029167
0 0.893750 0.824740 0.027083 0.036979
0 0.798177 0.941927 0.038021 0.024479
0 0.735938 0.943750 0.046875 0.030208
0 0.317448 0.915885 0.035937 0.038021
0 0.541667 0.082552 0.088542 0.084896
0 0.414583 0.333073 0.058333 0.041146
0 0.363021 0.809896 0.019792 0.041667
0 0.442969 0.414583 0.045312 0.056250
0 0.479948 0.228906 0.071354 0.072396
0 0.773438 0.271094 0.054167 0.056771
0 0.215365 0.383073 0.089063 0.070312
0 0.341146 0.877344 0.035417 0.044271
0 0.558333 0.333073 0.058333 0.047396
0 0.883073 0.881250 0.027604 0.037500
0 0.811458 0.871615 0.045833 0.041146
0 0.116927 0.743490 0.032813 0.038021
0 0.104167 0.789844 0.025000 0.038021
0 0.638802 0.337240 0.051562 0.036979
0 0.290625 0.707031 0.037500 0.032813
0 0.289583 0.852604 0.041667 0.040625
0 0.180990 0.921875 0.044271 0.035417
0 0.271354 0.753385 0.041667 0.034896
0 0.791667 0.323958 0.088542 0.064583
0 0.334896 0.615104 0.076042 0.081250
0 0.416146 0.379427 0.064583 0.052604
0 0.847396 0.722135 0.033333 0.039062
