0 0.632667 0.854812 0.129333 0.123980
0 0.446667 0.844209 0.109333 0.168026
0 0.306000 0.796900 0.113333 0.158238
0 0.788667 0.753670 0.124000 0.127243
0 0.188667 0.705546 0.118667 0.168026
0 0.402000 0.647635 0.124000 0.143556
0 0.624000 0.650897 0.122667 0.153344
0 0.865333 0.559543 0.138667 0.127243
0 0.113333 0.523654 0.125333 0.133768
0 0.284667 0.488581 0.116000 0.125612
0 0.708000 0.489396 0.106667 0.146819
0 0.873333 0.387439 0.112000 0.135400
0 0.165333 0.352365 0.122667 0.133768
0 0.703333 0.323002 0.102667 0.133768
0 0.370667 0.310767 0.117333 0.128874
0 0.532000 0.279772 0.120000 0.128874
0 0.818000 0.221044 0.121333 0.119086
0 0.228000 0.207178 0.120000 0.137031
0 0.378000 0.143556 0.105333 0.117455
0 0.677333 0.115824 0.120000 0.117455
0 0.532000 0.114192 0.109333 0.143556
