0 0.213750 0.414714 0.075000 0.066542
0 0.377500 0.689316 0.132500 0.059044
0 0.302500 0.859888 0.075000 0.049672
0 0.500625 0.505155 0.066250 0.029991
0 0.702500 0.521556 0.067500 0.032802
0 0.413750 0.862231 0.045000 0.035614
0 0.410625 0.198219 0.078750 0.034677
0 0.431875 0.492034 0.058750 0.029991
0 0.552500 0.310216 0.045000 0.041237
0 0.520625 0.185098 0.051250 0.032802
0 0.467500 0.364574 0.067500 0.029991
0 0.683750 0.164011 0.045000 0.035614
0 0.743750 0.852858 0.050000 0.028116
0 0.198125 0.472352 0.061250 0.031865
0 0.518125 0.592315 0.083750 0.033739
0 0.572500 0.690253 0.052500 0.055295
0 0.543125 0.574977 0.073750 0.032802
0 0.571875 0.648079 0.111250 0.130272
0 0.266875 0.578257 0.016250 0.013121
0 0.256875 0.568416 0.016250 0.012184
0 0.240000 0.371134 0.030000 0.022493
0 0.498125 0.814433 0.041250 0.029991
0 0.608750 0.745080 0.020000 0.014995
0 0.336250 0.875351 0.050000 0.014995
0 0.546875 0.541237 0.038750 0.032802
0 0.361250 0.429241 0.067500 0.016870
0 0.605625 0.560918 0.013750 0.012184
0 0.536250 0.425023 0.015000 0.012184
0 0.605625 0.382849 0.013750 0.012184
0 0.294375 0.185098 0.036250 0.029053
0 0.683125 0.222587 0.033750 0.027179
0 0.493125 0.199157 0.046250 0.023430
0 0.659375 0.229147 0.031250 0.030928
0 0.692500 0.296626 0.025000 0.014058
0 0.782500 0.784442 0.017500 0.014995
0 0.965000 0.823805 0.020000 0.013121
0 0.906250 0.404873 0.017500 0.011246
0 0.843125 0.227741 0.021250 0.018744
0 0.841250 0.328491 0.020000 0.017807
0 0.722500 0.157451 0.032500 0.028116
0 0.848125 0.240862 0.026250 0.018744
0 0.210000 0.250703 0.037500 0.030928
0 0.723750 0.374414 0.012500 0.008435
0 0.721875 0.370665 0.013750 0.006560
0 0.690625 0.359888 0.071250 0.014995
0 0.641875 0.381443 0.061250 0.009372
0 0.667500 0.368791 0.142500 0.025305
0 0.568125 0.581068 0.018750 0.013121
0 0.544375 0.597001 0.021250 0.013121
0 0.230000 0.491565 0.020000 0.010309
