0 0.543333 0.871533 0.113333 0.105109
0 0.248000 0.856204 0.117333 0.106569
0 0.732000 0.821168 0.114667 0.118248
0 0.420000 0.781022 0.112000 0.099270
0 0.585333 0.738686 0.114667 0.113869
0 0.145333 0.697810 0.114667 0.125547
0 0.303333 0.681752 0.118667 0.099270
0 0.888667 0.654015 0.102667 0.087591
0 0.741333 0.658394 0.104000 0.102190
0 0.469333 0.630657 0.106667 0.110949
0 0.620000 0.601460 0.117333 0.096350
0 0.208667 0.539416 0.100000 0.086131
0 0.341333 0.536496 0.101333 0.121168
0 0.828667 0.520438 0.105333 0.094891
0 0.683333 0.483212 0.081333 0.087591
0 0.098000 0.481022 0.113333 0.094891
0 0.232667 0.397810 0.092000 0.091971
0 0.355333 0.394161 0.078667 0.093431
0 0.749333 0.358394 0.093333 0.091971
0 0.869333 0.364234 0.080000 0.115328
0 0.624667 0.354745 0.110667 0.099270
0 0.494667 0.335036 0.109333 0.094891
0 0.122000 0.332847 0.110667 0.096350
0 0.335333 0.278832 0.100000 0.096350
0 0.469333 0.209489 0.098667 0.080292
0 0.610667 0.215328 0.096000 0.094891
0 0.210667 0.208759 0.104000 0.099270
0 0.765333 0.215328 0.098667 0.115328
0 0.370667 0.121898 0.096000 0.112409
0 0.565333 0.093431 0.101333 0.081752
