0 0.841333 0.472263 0.101333 0.129927
0 0.812000 0.794161 0.104000 0.134307
0 0.806000 0.264234 0.113333 0.131387
0 0.752000 0.602190 0.096000 0.127007
0 0.722667 0.418978 0.109333 0.131387
0 0.662667 0.897810 0.120000 0.131387
0 0.655333 0.725547 0.097333 0.134307
0 0.661333 0.083212 0.085333 0.116788
0 0.657333 0.245255 0.098667 0.119708
0 0.617333 0.540146 0.106667 0.122628
0 0.599333 0.374453 0.094667 0.132847
0 0.520667 0.820438 0.084000 0.113869
0 0.524667 0.675912 0.116000 0.116788
0 0.536667 0.141606 0.092000 0.119708
0 0.494000 0.299270 0.084000 0.093431
0 0.460667 0.936496 0.092000 0.127007
0 0.392667 0.786861 0.089333 0.105109
0 0.396667 0.652555 0.089333 0.090511
0 0.384667 0.219708 0.089333 0.106569
0 0.396000 0.089051 0.109333 0.093431
0 0.374667 0.356204 0.096000 0.125547
0 0.350000 0.497080 0.092000 0.124088
0 0.328000 0.905109 0.093333 0.125547
0 0.289333 0.668613 0.093333 0.113869
0 0.234000 0.518978 0.078667 0.112409
0 0.246000 0.364234 0.092000 0.109489
0 0.220000 0.802190 0.096000 0.118248
0 0.254000 0.195620 0.110667 0.113869
0 0.148667 0.621898 0.108000 0.110949
0 0.133333 0.408029 0.080000 0.115328
0 0.841333 0.472263 0.101333 0.129927
0 0.812000 0.794161 0.104000 0.134307
0 0.806000 0.264234 0.113333 0.131387
0 0.752000 0.602190 0.096000 0.127007
0 0.722667 0.418978 0.109333 0.131387
0 0.662667 0.897810 0.120000 0.131387
0 0.655333 0.725547 0.097333 0.134307
0 0.661333 0.083212 0.085333 0.116788
0 0.657333 0.245255 0.098667 0.119708
0 0.617333 0.540146 0.106667 0.122628
0 0.599333 0.374453 0.094667 0.132847
0 0.520667 0.820438 0.084000 0.113869
0 0.524667 0.675912 0.116000 0.116788
0 0.536667 0.141606 0.092000 0.119708
0 0.494000 0.299270 0.084000 0.093431
0 0.460667 0.936496 0.092000 0.127007
0 0.392667 0.786861 0.089333 0.105109
0 0.396667 0.652555 0.089333 0.090511
0 0.384667 0.219708 0.089333 0.106569
0 0.396000 0.089051 0.109333 0.093431
0 0.374667 0.356204 0.096000 0.125547
0 0.350000 0.497080 0.092000 0.124088
0 0.328000 0.905109 0.093333 0.125547
0 0.289333 0.668613 0.093333 0.113869
0 0.234000 0.518978 0.078667 0.112409
0 0.246000 0.364234 0.092000 0.109489
0 0.220000 0.802190 0.096000 0.118248
0 0.254000 0.195620 0.110667 0.113869
0 0.148667 0.621898 0.108000 0.110949
0 0.133333 0.408029 0.080000 0.115328
