0 0.172000 0.605109 0.112000 0.138686
0 0.140000 0.283212 0.114667 0.143066
0 0.247333 0.801460 0.124000 0.143066
0 0.234667 0.458394 0.106667 0.137226
0 0.298667 0.629927 0.120000 0.141606
0 0.266667 0.147445 0.130667 0.143066
0 0.306000 0.316058 0.108000 0.144526
0 0.422000 0.940876 0.094667 0.118248
0 0.395333 0.785401 0.108000 0.128467
0 0.377333 0.488321 0.117333 0.132847
0 0.427333 0.645985 0.105333 0.141606
0 0.418667 0.191971 0.093333 0.121168
0 0.442667 0.334307 0.125333 0.128467
0 0.532667 0.858394 0.102667 0.128467
0 0.544667 0.696350 0.092000 0.102190
0 0.454000 0.064964 0.102667 0.129927
0 0.551333 0.195620 0.097333 0.113869
0 0.573333 0.327007 0.096000 0.099270
0 0.667333 0.748175 0.097333 0.115328
0 0.680667 0.878832 0.116000 0.105109
0 0.650667 0.612409 0.106667 0.135766
0 0.648667 0.469343 0.102667 0.132847
0 0.590667 0.065693 0.104000 0.131387
0 0.674000 0.287591 0.102667 0.122628
0 0.757333 0.421898 0.088000 0.119708
0 0.774000 0.575912 0.100000 0.118248
0 0.718000 0.141606 0.105333 0.128467
0 0.798667 0.742336 0.120000 0.124088
0 0.820667 0.301460 0.116000 0.121168
0 0.876667 0.508029 0.089333 0.122628
