0 0.643613 0.856250 0.177380 0.146875
0 0.405207 0.844531 0.188771 0.153125
0 0.410496 0.662500 0.163548 0.139063
0 0.639544 0.660156 0.159479 0.157812
0 0.832791 0.641797 0.139138 0.133594
0 0.174532 0.649609 0.170057 0.164844
0 0.358421 0.492188 0.135883 0.148438
0 0.810415 0.471094 0.185517 0.134375
0 0.186737 0.455078 0.158666 0.114844
0 0.612286 0.337500 0.144020 0.134375
0 0.394223 0.323828 0.173312 0.136719
0 0.182669 0.268750 0.170057 0.151562
0 0.830350 0.271094 0.179821 0.176563
0 0.605777 0.146094 0.131001 0.118750
0 0.408869 0.130469 0.139138 0.154688
