0 0.624085 0.862891 0.185517 0.155469
0 0.386493 0.839844 0.196908 0.162500
0 0.401953 0.657813 0.170871 0.146875
0 0.630594 0.667188 0.167616 0.165625
0 0.825061 0.658594 0.146461 0.140625
0 0.166802 0.633594 0.179007 0.173437
0 0.359235 0.485156 0.144020 0.154688
0 0.811635 0.486719 0.192840 0.143750
0 0.189585 0.439453 0.164361 0.122656
0 0.620830 0.343359 0.151343 0.141406
0 0.404394 0.318750 0.180635 0.145313
0 0.195688 0.253516 0.178194 0.160156
0 0.842555 0.287891 0.189585 0.185156
0 0.625305 0.152344 0.137510 0.125000
0 0.429211 0.126953 0.147274 0.161719
