0 0.160000 0.644144 0.114667 0.111111
0 0.152667 0.451201 0.116000 0.118619
0 0.223333 0.265766 0.102667 0.123123
0 0.291333 0.895646 0.105333 0.100601
0 0.267333 0.519520 0.100000 0.105105
0 0.283333 0.714715 0.105333 0.114114
0 0.302667 0.349850 0.101333 0.126126
0 0.328000 0.132883 0.112000 0.133634
0 0.410667 0.797297 0.101333 0.123123
0 0.388000 0.481982 0.101333 0.117117
0 0.414667 0.650150 0.101333 0.120120
0 0.444000 0.927177 0.098667 0.118619
0 0.415333 0.214715 0.097333 0.123123
0 0.450000 0.348348 0.100000 0.111111
0 0.551333 0.844595 0.089333 0.112613
0 0.538667 0.710210 0.101333 0.117117
0 0.507333 0.087087 0.102667 0.129129
0 0.545333 0.214715 0.109333 0.129129
0 0.580000 0.352853 0.112000 0.126126
0 0.645333 0.934685 0.098667 0.106607
0 0.637333 0.604354 0.096000 0.106607
0 0.637333 0.475976 0.082667 0.102102
0 0.688000 0.769520 0.098667 0.121622
0 0.662667 0.268769 0.096000 0.108108
0 0.702667 0.142643 0.109333 0.126126
0 0.741333 0.423423 0.096000 0.096096
0 0.756667 0.608108 0.102667 0.114114
0 0.804000 0.761261 0.104000 0.111111
0 0.804667 0.316817 0.100000 0.117117
0 0.856000 0.569069 0.090667 0.111111
