0 0.851333 0.492098 0.105333 0.127874
0 0.819333 0.314655 0.124000 0.146552
0 0.825333 0.637931 0.120000 0.129310
0 0.743333 0.195402 0.108000 0.103448
0 0.755333 0.764368 0.121333 0.132184
0 0.701333 0.461207 0.133333 0.143678
0 0.638667 0.125718 0.109333 0.136494
0 0.654667 0.316810 0.122667 0.150862
0 0.682000 0.607040 0.124000 0.139368
0 0.587333 0.502874 0.102667 0.140805
0 0.636667 0.875718 0.132000 0.130747
0 0.601333 0.735632 0.133333 0.149425
0 0.524000 0.233477 0.125333 0.122126
0 0.502000 0.097701 0.126667 0.112069
0 0.525333 0.357759 0.136000 0.140805
0 0.530000 0.646552 0.121333 0.114943
0 0.472667 0.766523 0.137333 0.127874
0 0.399333 0.408046 0.113333 0.135057
0 0.365333 0.142241 0.120000 0.135057
0 0.384000 0.281609 0.122667 0.120690
0 0.465333 0.904454 0.160000 0.147989
0 0.393333 0.573994 0.130667 0.147989
0 0.352000 0.716236 0.128000 0.136494
0 0.282000 0.408046 0.113333 0.126437
0 0.250667 0.234195 0.130667 0.149425
0 0.313333 0.836925 0.122667 0.119253
0 0.270667 0.559626 0.120000 0.147989
0 0.206000 0.678161 0.113333 0.140805
0 0.164000 0.372845 0.120000 0.147989
0 0.146667 0.535920 0.112000 0.137931
