0 0.464667 0.876437 0.108000 0.100575
0 0.632667 0.863506 0.124000 0.117816
0 0.334000 0.831178 0.108000 0.116379
0 0.751333 0.797414 0.084000 0.106322
0 0.226000 0.740661 0.110667 0.116379
0 0.512000 0.719828 0.120000 0.129310
0 0.828667 0.693966 0.116000 0.103448
0 0.650667 0.687500 0.128000 0.116379
0 0.380000 0.681753 0.117333 0.119253
0 0.487333 0.593391 0.121333 0.094828
0 0.138000 0.600575 0.108000 0.129310
0 0.270667 0.579741 0.125333 0.127874
0 0.743333 0.558190 0.100000 0.122126
0 0.870667 0.551006 0.090667 0.125000
0 0.628667 0.544540 0.116000 0.132184
0 0.361333 0.513649 0.093333 0.119253
0 0.258667 0.438218 0.104000 0.135057
0 0.598000 0.403017 0.113333 0.107759
0 0.846000 0.399425 0.113333 0.114943
0 0.716000 0.402299 0.098667 0.120690
0 0.132000 0.413793 0.120000 0.158046
0 0.444667 0.377155 0.124000 0.125000
0 0.319333 0.314655 0.113333 0.123563
0 0.611333 0.277299 0.105333 0.109195
0 0.776000 0.265086 0.125333 0.125000
0 0.212667 0.258621 0.097333 0.120690
0 0.473333 0.247845 0.125333 0.113506
0 0.372000 0.163075 0.120000 0.107759
0 0.658667 0.155891 0.125333 0.113506
0 0.510667 0.117816 0.117333 0.106322
