0 0.440000 0.131915 0.117333 0.121986
0 0.250000 0.201418 0.118667 0.107801
0 0.660000 0.138298 0.117333 0.112057
0 0.466667 0.265248 0.117333 0.107801
0 0.131333 0.358156 0.110667 0.117730
0 0.655333 0.275177 0.140000 0.121986
0 0.301333 0.366667 0.112000 0.126241
0 0.546667 0.373050 0.125333 0.113475
0 0.846667 0.312766 0.125333 0.137589
0 0.423333 0.402128 0.108000 0.114894
0 0.740667 0.390780 0.118667 0.112057
0 0.348000 0.509220 0.106667 0.136170
0 0.657333 0.481560 0.106667 0.112057
0 0.258667 0.556738 0.104000 0.117730
0 0.133333 0.605674 0.120000 0.124823
0 0.746667 0.548227 0.120000 0.134752
0 0.584667 0.602128 0.118667 0.120567
0 0.466000 0.627660 0.118667 0.123404
0 0.896667 0.567376 0.100000 0.121986
0 0.348000 0.685816 0.128000 0.120567
0 0.674667 0.687234 0.149333 0.129078
0 0.503333 0.754610 0.110667 0.113475
0 0.791333 0.741135 0.113333 0.117730
0 0.315333 0.830496 0.137333 0.148936
0 0.568000 0.860993 0.101333 0.107801
