0 0.148667 0.526950 0.105333 0.114894
0 0.194667 0.732624 0.090667 0.117730
0 0.178667 0.294326 0.096000 0.114894
0 0.277333 0.512057 0.090667 0.116312
0 0.328000 0.875887 0.101333 0.109220
0 0.306000 0.312766 0.102667 0.140426
0 0.355333 0.697163 0.110667 0.109220
0 0.385333 0.439007 0.096000 0.123404
0 0.360667 0.114894 0.118667 0.121986
0 0.400667 0.572340 0.100000 0.106383
0 0.423333 0.234752 0.094667 0.117730
0 0.492000 0.661702 0.120000 0.100709
0 0.499333 0.333333 0.097333 0.104965
0 0.528000 0.762411 0.101333 0.100709
0 0.560667 0.900000 0.108000 0.117730
0 0.570667 0.245390 0.117333 0.116312
0 0.604000 0.422695 0.104000 0.116312
0 0.616000 0.548936 0.106667 0.116312
0 0.604000 0.087943 0.106667 0.096454
0 0.658667 0.680851 0.101333 0.127660
0 0.692667 0.335461 0.108000 0.148936
0 0.738000 0.522695 0.097333 0.109220
0 0.756000 0.216312 0.101333 0.112057
0 0.790000 0.729787 0.129333 0.134752
0 0.844667 0.467376 0.092000 0.097872
