0 0.464375 0.799906 0.168750 0.119025
0 0.838750 0.588097 0.092500 0.070291
0 0.184375 0.610590 0.088750 0.066542
0 0.752500 0.518276 0.075000 0.058107
0 0.832500 0.504686 0.095000 0.081537
0 0.793750 0.141050 0.055000 0.053421
0 0.207500 0.558107 0.082500 0.045923
0 0.725625 0.735239 0.086250 0.053421
0 0.883125 0.881912 0.093750 0.052484
0 0.960625 0.496251 0.071250 0.053421
0 0.383750 0.347235 0.117500 0.098407
0 0.982500 0.296157 0.035000 0.048735
0 0.263750 0.219775 0.045000 0.025305
0 0.353125 0.283974 0.031250 0.029991
0 0.169375 0.275070 0.046250 0.027179
0 0.355000 0.192127 0.030000 0.022493
0 0.343125 0.159325 0.031250 0.016870
0 0.338750 0.174789 0.030000 0.019681
0 0.325625 0.295689 0.026250 0.019681
0 0.700000 0.115276 0.042500 0.028116
0 0.548750 0.117151 0.042500 0.026242
0 0.597500 0.201968 0.027500 0.017807
0 0.840000 0.106373 0.035000 0.023430
0 0.805625 0.175726 0.031250 0.029053
0 0.830000 0.318650 0.042500 0.026242
0 0.790625 0.282099 0.038750 0.024367
0 0.088750 0.380037 0.022500 0.021556
0 0.066875 0.460637 0.023750 0.021556
0 0.163125 0.490628 0.018750 0.014058
0 0.260625 0.622306 0.023750 0.013121
0 0.030625 0.604967 0.023750 0.023430
0 0.493750 0.496720 0.032500 0.026242
0 0.400000 0.410028 0.030000 0.027179
0 0.473750 0.582943 0.035000 0.016870
0 0.607500 0.373946 0.027500 0.022493
0 0.380000 0.428304 0.025000 0.020619
0 0.323750 0.565604 0.035000 0.032802
0 0.497500 0.462512 0.032500 0.019681
0 0.512500 0.480319 0.035000 0.021556
0 0.358750 0.651828 0.025000 0.008435
0 0.450000 0.590440 0.012500 0.009372
0 0.395625 0.359419 0.023750 0.023430
0 0.406250 0.384255 0.022500 0.022493
0 0.756875 0.483130 0.026250 0.017807
0 0.223125 0.671978 0.033750 0.024367
0 0.016875 0.888472 0.033750 0.022493
0 0.005625 0.786317 0.011250 0.022493
0 0.027500 0.680881 0.032500 0.023430
0 0.333750 0.760075 0.030000 0.016870
0 0.354375 0.868322 0.028750 0.015933
0 0.482500 0.737113 0.025000 0.012184
0 0.591250 0.935333 0.037500 0.020619
0 0.818750 0.476101 0.017500 0.013121
0 0.831875 0.303655 0.026250 0.011246
0 0.801250 0.268978 0.022500 0.011246
0 0.591250 0.189784 0.017500 0.012184
0 0.383125 0.318182 0.021250 0.015933
0 0.420000 0.776476 0.022500 0.012184
0 0.200625 0.558107 0.033750 0.023430
