0 0.512500 0.800843 0.152500 0.105904
0 0.850000 0.556232 0.082500 0.062793
0 0.203750 0.638238 0.080000 0.059981
0 0.753750 0.494845 0.067500 0.052484
0 0.830625 0.473758 0.083750 0.074039
0 0.732500 0.116682 0.047500 0.049672
0 0.218125 0.583880 0.076250 0.039363
0 0.761875 0.712277 0.078750 0.046860
0 0.942500 0.843486 0.087500 0.044986
0 0.955625 0.454077 0.063750 0.047798
0 0.359375 0.358950 0.103750 0.089972
0 0.945000 0.253046 0.027500 0.046860
0 0.219375 0.243205 0.041250 0.021556
0 0.318750 0.298969 0.027500 0.028116
0 0.135000 0.306935 0.042500 0.023430
0 0.305625 0.207123 0.026250 0.020619
0 0.288125 0.175726 0.028750 0.014058
0 0.286250 0.192127 0.027500 0.016870
0 0.293125 0.312559 0.023750 0.017807
0 0.635625 0.099344 0.038750 0.024367
0 0.485625 0.115276 0.038750 0.022493
0 0.547500 0.195408 0.025000 0.015933
0 0.772500 0.077788 0.032500 0.020619
0 0.750000 0.150422 0.027500 0.027179
0 0.798125 0.289597 0.038750 0.022493
0 0.752212 0.257310 0.034425 0.021649
0 0.072500 0.418463 0.020000 0.019681
0 0.063125 0.500000 0.021250 0.019681
0 0.163750 0.521556 0.017500 0.012184
0 0.282500 0.642924 0.022500 0.011246
0 0.051250 0.647142 0.020000 0.021556
0 0.493125 0.497188 0.028750 0.023430
0 0.385625 0.419400 0.026250 0.025305
0 0.487500 0.584349 0.032500 0.014058
0 0.585625 0.364574 0.023750 0.020619
0 0.368750 0.439550 0.022500 0.018744
0 0.335125 0.581017 0.030250 0.029888
0 0.491250 0.462980 0.030000 0.016870
0 0.508750 0.478913 0.032500 0.018744
0 0.383125 0.663074 0.023750 0.006560
0 0.464375 0.593721 0.011250 0.008435
0 0.373750 0.369728 0.020000 0.021556
0 0.388125 0.393627 0.018750 0.020619
0 0.751875 0.459700 0.023750 0.015933
0 0.253750 0.695876 0.030000 0.021556
0 0.083125 0.930178 0.033750 0.019681
0 0.046875 0.830366 0.026250 0.020619
0 0.060625 0.722587 0.028750 0.020619
0 0.376250 0.772727 0.027500 0.014058
0 0.414375 0.878632 0.026250 0.014058
0 0.520625 0.737113 0.023750 0.010309
0 0.660956 0.923618 0.034412 0.017807
0 0.811863 0.446457 0.016225 0.011940
0 0.992244 0.317873 0.014488 0.017188
0 0.797769 0.274724 0.025538 0.009616
0 0.761600 0.242849 0.020700 0.009597
0 0.539181 0.183379 0.015862 0.010619
0 0.353013 0.330450 0.018525 0.014227
0 0.464325 0.781303 0.021150 0.010590
0 0.211394 0.584925 0.030288 0.020834
