0 0.436875 0.768510 0.076250 0.084349
0 0.458125 0.386598 0.061250 0.064667
0 0.738125 0.462980 0.066250 0.043112
0 0.816250 0.462980 0.080000 0.031865
0 0.829375 0.368791 0.043750 0.049672
0 0.738125 0.189784 0.023750 0.023430
0 0.255625 0.497657 0.033750 0.026242
0 0.386875 0.500000 0.081250 0.057170
0 0.119375 0.334583 0.038750 0.033739
0 0.581875 0.435333 0.053750 0.060918
0 0.045000 0.515464 0.067500 0.061856
0 0.968750 0.432521 0.027500 0.027179
0 0.082500 0.398782 0.040000 0.034677
0 0.925625 0.638707 0.021250 0.006560
1 0.558125 0.226336 0.078750 0.089035
1 0.474375 0.185567 0.281250 0.125586
1 0.415000 0.267573 0.057500 0.051546
1 0.623125 0.135426 0.028750 0.017807
1 0.723750 0.229616 0.315000 0.206186
0 0.415625 0.232427 0.018750 0.014995
0 0.523125 0.127929 0.011250 0.004686
0 0.621250 0.430647 0.050000 0.038425
0 0.660625 0.436739 0.041250 0.041237
0 0.535000 0.551078 0.045000 0.046860
0 0.582500 0.526710 0.070000 0.058107
0 0.391250 0.468135 0.087500 0.053421
0 0.382500 0.593721 0.040000 0.032802
0 0.298125 0.468135 0.033750 0.045923
0 0.531875 0.631678 0.068750 0.048735
0 0.541250 0.664948 0.107500 0.066542
0 0.525000 0.731490 0.090000 0.064667
0 0.011875 0.455951 0.021250 0.027179
0 0.952500 0.571696 0.092500 0.050609
0 0.823750 0.745080 0.022500 0.009372
0 0.826250 0.737582 0.017500 0.005623
0 0.821875 0.135426 0.013750 0.012184
