0 0.456250 0.770853 0.077500 0.085286
0 0.451250 0.388004 0.062500 0.065604
0 0.736250 0.454077 0.067500 0.044049
0 0.813750 0.450328 0.080000 0.032802
0 0.820000 0.356607 0.045000 0.049672
0 0.715000 0.180881 0.025000 0.024367
0 0.255000 0.507498 0.035000 0.027179
0 0.386250 0.504217 0.082500 0.058107
0 0.108125 0.349578 0.038750 0.033739
0 0.577500 0.432521 0.055000 0.060918
0 0.046875 0.532802 0.068750 0.062793
0 0.962500 0.414246 0.027500 0.028116
0 0.075000 0.415651 0.040000 0.034677
0 0.934375 0.621368 0.021250 0.007498
1 0.538750 0.223993 0.080000 0.089972
1 0.453125 0.187441 0.283750 0.129335
1 0.399375 0.270853 0.058750 0.052484
1 0.597500 0.131209 0.030000 0.018744
1 0.704375 0.220712 0.318750 0.210872
0 0.396250 0.235708 0.020000 0.015933
0 0.496875 0.127929 0.011250 0.004686
0 0.616250 0.425961 0.050000 0.038425
0 0.655625 0.430178 0.041250 0.041237
0 0.538125 0.550141 0.046250 0.046860
0 0.584375 0.523430 0.071250 0.059044
0 0.389375 0.472352 0.088750 0.054358
0 0.390000 0.598407 0.040000 0.032802
0 0.296250 0.476101 0.035000 0.046860
0 0.541250 0.630272 0.070000 0.049672
0 0.553125 0.663074 0.108750 0.068416
0 0.540625 0.730084 0.091250 0.065604
0 0.009375 0.475164 0.018750 0.028116
0 0.955000 0.553889 0.090000 0.052484
0 0.840000 0.731490 0.022500 0.010309
0 0.842500 0.724461 0.017500 0.005623
0 0.795625 0.123243 0.013750 0.012184
