0 0.495625 0.637769 0.136250 0.087160
0 0.975625 0.746954 0.048750 0.065604
0 0.097500 0.573571 0.092500 0.121837
0 0.385625 0.641987 0.093750 0.069353
0 0.850625 0.235239 0.086250 0.050609
0 0.437500 0.547329 0.065000 0.046860
1 0.246250 0.615745 0.225000 0.163074
0 0.422500 0.261949 0.055000 0.034677
0 0.754375 0.604499 0.056250 0.033739
1 0.566250 0.499531 0.287500 0.106842
0 0.547500 0.292877 0.050000 0.036551
0 0.825625 0.388941 0.061250 0.044986
0 0.137500 0.501874 0.117500 0.045923
1 0.346250 0.444236 0.237500 0.151828
1 0.816875 0.593721 0.236250 0.160262
0 0.732500 0.388004 0.062500 0.037488
0 0.291250 0.699157 0.070000 0.039363
0 0.056250 0.677132 0.067500 0.077788
0 0.181250 0.667760 0.067500 0.049672
0 0.013125 0.486410 0.026250 0.046860
0 0.563125 0.312090 0.048750 0.029991
0 0.188125 0.241799 0.123750 0.059981
0 0.501875 0.345361 0.056250 0.036551
0 0.181250 0.324742 0.025000 0.019681
0 0.699375 0.253515 0.038750 0.021556
0 0.792500 0.208997 0.020000 0.014995
0 0.950000 0.276945 0.030000 0.021556
0 0.096250 0.478913 0.025000 0.020619
0 0.149375 0.701968 0.031250 0.024367
0 0.445000 0.373477 0.020000 0.017807
0 0.436250 0.410028 0.017500 0.017807
0 0.365625 0.466261 0.018750 0.021556
0 0.372500 0.444705 0.020000 0.019681
0 0.765625 0.560918 0.026250 0.017807
0 0.831250 0.577320 0.025000 0.014995
0 0.655000 0.372540 0.025000 0.014058
0 0.641875 0.362699 0.021250 0.018744
0 0.833125 0.588566 0.018750 0.013121
0 0.325625 0.766167 0.033750 0.015933
0 0.312500 0.808810 0.022500 0.018744
0 0.204375 0.911434 0.013750 0.010309
0 0.299375 0.925492 0.026250 0.012184
0 0.350000 0.845361 0.027500 0.014995
0 0.188125 0.806467 0.031250 0.014058
0 0.585000 0.780225 0.015000 0.010309
0 0.620625 0.742268 0.016250 0.013121
0 0.352500 0.441425 0.030000 0.018744
0 0.255625 0.649953 0.016250 0.010309
0 0.016250 0.439082 0.032500 0.045923
0 0.781250 0.203843 0.012500 0.008435
0 0.915000 0.183224 0.040000 0.021556
0 0.976875 0.422680 0.033750 0.041237
0 0.846250 0.610590 0.060000 0.029053
0 0.866250 0.763355 0.022500 0.012184
