0 0.469375 0.635426 0.123750 0.074977
0 0.948400 0.797259 0.084300 0.057498
0 0.086875 0.530928 0.071250 0.115276
0 0.360625 0.628397 0.083750 0.060918
0 0.895625 0.273664 0.078750 0.043112
0 0.428750 0.539831 0.057500 0.041237
1 0.227688 0.587873 0.200375 0.142943
0 0.467500 0.255858 0.050000 0.029991
0 0.731875 0.629335 0.051250 0.029053
1 0.565263 0.506261 0.275525 0.079063
0 0.585000 0.299906 0.045000 0.031865
0 0.842500 0.423618 0.055000 0.039363
0 0.140000 0.463529 0.112500 0.034836
1 0.357500 0.428669 0.215000 0.130066
1 0.795312 0.625769 0.213125 0.140009
0 0.751456 0.413102 0.057912 0.031453
0 0.255256 0.675450 0.065513 0.033187
0 0.027500 0.628805 0.055000 0.072980
0 0.152500 0.632146 0.060000 0.044049
0 0.015000 0.435333 0.030000 0.044049
0 0.596075 0.320201 0.044650 0.025595
0 0.239169 0.211692 0.115837 0.048500
0 0.530625 0.346767 0.051250 0.031865
0 0.216250 0.292877 0.022500 0.017807
0 0.743125 0.276945 0.036250 0.017807
0 0.843637 0.241668 0.017275 0.012858
0 0.986875 0.326340 0.026250 0.019128
0 0.104100 0.436931 0.020700 0.019128
0 0.115294 0.663950 0.028087 0.021434
0 0.468750 0.368791 0.017500 0.015933
0 0.453750 0.404405 0.015000 0.015933
0 0.372500 0.452671 0.015000 0.020619
0 0.384375 0.431584 0.016250 0.017807
0 0.751875 0.588097 0.023750 0.015933
0 0.813750 0.611059 0.022500 0.013121
0 0.676275 0.390375 0.022550 0.012240
0 0.665725 0.378650 0.018950 0.016907
0 0.813125 0.622306 0.016250 0.011246
0 0.278019 0.745155 0.031037 0.013271
0 0.256250 0.786317 0.020000 0.016870
0 0.130000 0.876289 0.012500 0.009372
0 0.222500 0.900656 0.025000 0.009372
0 0.287500 0.826148 0.025000 0.012184
0 0.133750 0.770384 0.030000 0.011246
0 0.531875 0.786317 0.013750 0.009372
0 0.574375 0.752109 0.013750 0.012184
0 0.365250 0.426036 0.028000 0.016082
0 0.229781 0.622034 0.014563 0.008828
0 0.022388 0.388763 0.044775 0.040881
0 0.832937 0.236317 0.010875 0.007779
0 0.969825 0.229110 0.037150 0.017732
0 0.986813 0.472980 0.026125 0.038744
0 0.822963 0.645333 0.055925 0.023561
0 0.813194 0.798927 0.021388 0.010225
