0 0.134375 0.580131 0.098750 0.082474
0 0.391875 0.514527 0.108750 0.097470
0 0.031250 0.582474 0.062500 0.066542
0 0.558125 0.346298 0.088750 0.068416
0 0.463750 0.286317 0.040000 0.060918
0 0.200625 0.189784 0.036250 0.064667
0 0.803750 0.278819 0.037500 0.055295
0 0.668487 0.873008 0.051975 0.030928
0 0.634375 0.393158 0.153750 0.074039
0 0.227525 0.647306 0.055050 0.033130
0 0.983125 0.630740 0.033750 0.020619
0 0.380325 0.377779 0.038150 0.073271
0 0.824375 0.691190 0.018750 0.014058
0 0.701875 0.173852 0.153750 0.090909
0 0.673125 0.544560 0.028750 0.011331
0 0.018750 0.795220 0.015000 0.012184
0 0.783125 0.225398 0.046250 0.042174
0 0.278750 0.163543 0.082500 0.060918
0 0.872306 0.126898 0.047112 0.045736
0 0.963750 0.112465 0.072500 0.046860
0 0.912987 0.504714 0.160975 0.079719
0 0.399838 0.069784 0.092175 0.025230
0 0.158750 0.354733 0.115000 0.079663
0 0.758394 0.524480 0.021788 0.018032
0 0.027881 0.365778 0.048262 0.038022
0 0.389188 0.532751 0.043375 0.030825
0 0.133694 0.597484 0.049887 0.034705
0 0.037175 0.457545 0.046850 0.026617
0 0.349850 0.385370 0.024700 0.065961
0 0.005881 0.279231 0.011763 0.022381
0 0.113300 0.252020 0.061600 0.020440
0 0.112150 0.231818 0.066800 0.017526
0 0.008919 0.175937 0.017837 0.027601
0 0.856606 0.443735 0.113212 0.087095
0 0.922987 0.467863 0.023475 0.007891
0 0.676981 0.532465 0.016463 0.015258
0 0.535863 0.541785 0.009225 0.013280
0 0.535931 0.564396 0.011862 0.013515
0 0.627337 0.563168 0.119675 0.020431
0 0.553856 0.581087 0.117712 0.011284
0 0.654381 0.655023 0.233762 0.020450
0 0.592831 0.669686 0.228162 0.012287
0 0.483225 0.665961 0.033950 0.008585
0 0.451525 0.654822 0.010550 0.012549
0 0.574256 0.749339 0.013513 0.012268
0 0.587163 0.788369 0.016825 0.017226
0 0.859744 0.798880 0.019488 0.015754
0 0.764813 0.831621 0.017125 0.013758
0 0.544300 0.835267 0.021100 0.009803
0 0.503169 0.951781 0.013838 0.012277
0 0.164488 0.884878 0.016475 0.011556
0 0.199750 0.668950 0.014500 0.010815
0 0.300275 0.555731 0.115550 0.011181
0 0.243463 0.529330 0.009425 0.012737
0 0.226244 0.472830 0.014988 0.014077
0 0.249769 0.459517 0.012038 0.013693
1 0.221900 0.471443 0.073800 0.046917
1 0.274044 0.503622 0.140588 0.092530
1 0.466750 0.622826 0.136000 0.081640
1 0.531075 0.554335 0.069650 0.040253
1 0.569775 0.744405 0.204550 0.112990
1 0.267563 0.768027 0.062625 0.034649
