0 0.123750 0.540769 0.112500 0.091846
0 0.390625 0.503749 0.126250 0.107779
0 0.028750 0.532802 0.057500 0.072165
0 0.586250 0.353327 0.100000 0.076851
0 0.504375 0.284442 0.051250 0.064667
0 0.261250 0.161200 0.047500 0.067479
0 0.842500 0.312559 0.047500 0.059044
0 0.597500 0.887067 0.057500 0.036551
0 0.653125 0.408154 0.166250 0.089035
0 0.203750 0.617151 0.060000 0.038425
0 0.955000 0.679475 0.037500 0.024367
0 0.405000 0.366448 0.052500 0.076851
0 0.785625 0.723055 0.021250 0.015933
0 0.760625 0.198219 0.168750 0.105904
0 0.662500 0.561856 0.030000 0.014058
0 0.830625 0.257732 0.053750 0.046860
0 0.343750 0.144330 0.092500 0.069353
0 0.937500 0.169634 0.055000 0.050609
0 0.908750 0.548266 0.175000 0.095595
0 0.480625 0.064199 0.096250 0.034677
0 0.189375 0.320993 0.128750 0.090909
0 0.751875 0.550609 0.023750 0.019681
0 0.057500 0.318650 0.055000 0.043112
0 0.385625 0.522024 0.048750 0.035614
0 0.119375 0.558575 0.056250 0.039363
0 0.050625 0.410028 0.051250 0.030928
0 0.372500 0.371134 0.037500 0.067479
0 0.051250 0.230084 0.015000 0.023430
0 0.163750 0.214152 0.065000 0.027179
0 0.165625 0.194002 0.068750 0.024367
0 0.073750 0.127929 0.022500 0.029053
0 0.864375 0.481256 0.128750 0.098407
0 0.926250 0.512184 0.025000 0.010309
0 0.669375 0.550141 0.018750 0.016870
0 0.528125 0.545923 0.011250 0.014058
0 0.524375 0.568416 0.013750 0.014058
0 0.613750 0.575914 0.122500 0.032802
0 0.538125 0.585286 0.118750 0.023430
0 0.623750 0.669166 0.235000 0.044986
0 0.560625 0.677601 0.228750 0.035614
0 0.452500 0.663074 0.035000 0.012184
0 0.423750 0.648547 0.012500 0.013121
0 0.526875 0.755389 0.016250 0.013121
0 0.533125 0.794752 0.018750 0.018744
0 0.801250 0.834583 0.022500 0.017807
0 0.700000 0.856139 0.020000 0.015933
0 0.482500 0.836926 0.022500 0.011246
0 0.419375 0.947516 0.016250 0.013121
0 0.095625 0.846298 0.018750 0.013121
0 0.171250 0.636364 0.017500 0.013121
0 0.291875 0.534677 0.116250 0.023430
0 0.241250 0.502812 0.012500 0.014058
0 0.233750 0.445642 0.017500 0.015933
0 0.260000 0.433927 0.015000 0.014995
1 0.230625 0.442362 0.081250 0.054358
1 0.275625 0.480787 0.156250 0.106842
1 0.443750 0.619025 0.150000 0.094658
1 0.520625 0.557638 0.076250 0.046860
1 0.524375 0.750234 0.223750 0.134021
1 0.220625 0.741331 0.068750 0.041237
