0 0.520206 0.424518 0.152913 0.064226
0 0.248750 0.235584 0.175000 0.067511
0 0.570000 0.669128 0.052500 0.027426
0 0.403750 0.110759 0.047500 0.031646
0 0.630625 0.314698 0.053750 0.051336
0 0.712500 0.553797 0.092500 0.038678
0 0.526250 0.790436 0.052500 0.029536
0 0.401250 0.205345 0.047500 0.035162
0 0.394169 0.317120 0.045838 0.030865
0 0.940625 0.403650 0.048750 0.037961
0 0.470000 0.342124 0.047500 0.026020
0 0.025000 0.288678 0.050000 0.073840
0 0.975675 0.477936 0.048850 0.036041
0 0.982500 0.577707 0.035000 0.056962
0 0.428750 0.698312 0.047500 0.023910
0 0.031069 0.594673 0.062137 0.083861
0 0.274375 0.066104 0.028750 0.012658
0 0.183750 0.266526 0.027500 0.016878
0 0.275625 0.079817 0.028750 0.014768
0 0.581875 0.199719 0.031250 0.026723
0 0.989375 0.271097 0.018750 0.028833
0 0.428750 0.420886 0.027500 0.017581
0 0.435625 0.405063 0.028750 0.016878
0 0.463750 0.462377 0.030000 0.014768
0 0.530625 0.478903 0.031250 0.018284
0 0.428125 0.437764 0.028750 0.016174
0 0.490625 0.468706 0.026250 0.014768
0 0.527569 0.618629 0.025138 0.019255
0 0.442500 0.451125 0.030000 0.016174
0 0.876250 0.591069 0.020000 0.013361
0 0.969375 0.598805 0.016250 0.009142
0 0.731250 0.586498 0.017500 0.015471
0 0.656663 0.848453 0.035825 0.020394
0 0.745000 0.782349 0.017500 0.011955
0 0.920000 0.747187 0.025000 0.014768
0 0.898069 0.292655 0.043637 0.021315
1 0.960631 0.418442 0.041263 0.028165
1 0.987175 0.472486 0.026850 0.071554
0 0.994800 0.642616 0.009600 0.019409
0 0.253756 0.542588 0.010013 0.005007
0 0.223062 0.437335 0.013625 0.005471
