0 0.534375 0.438981 0.146250 0.066351
0 0.412500 0.489040 0.137500 0.065758
0 0.517563 0.091134 0.120125 0.064970
0 0.914206 0.587094 0.078412 0.072293
0 0.101875 0.214751 0.166250 0.071682
0 0.891462 0.500850 0.087925 0.078714
0 0.941250 0.380332 0.072500 0.033175
0 0.089375 0.497334 0.153750 0.047986
0 0.722794 0.750770 0.033087 0.014573
0 0.848962 0.304837 0.035425 0.019627
0 0.649044 0.656694 0.040587 0.014810
0 0.704450 0.114257 0.056400 0.024722
0 0.977187 0.280806 0.046875 0.030806
0 0.715000 0.443424 0.027500 0.017180
0 0.695375 0.689751 0.035750 0.015758
0 0.786500 0.540957 0.015500 0.009639
0 0.254081 0.223045 0.018162 0.030213
0 0.016250 0.417062 0.032500 0.045024
0 0.723337 0.542112 0.029175 0.014319
0 0.838250 0.387767 0.034000 0.013685
0 0.813525 0.592337 0.032050 0.011688
1 0.979250 0.438004 0.041000 0.030036
0 0.785937 0.604908 0.031875 0.013134
0 0.756625 0.618534 0.033250 0.014319
0 0.175688 0.164713 0.013875 0.029662
0 0.872281 0.617219 0.014563 0.008134
0 0.826362 0.513051 0.010225 0.007145
0 0.843838 0.409961 0.035175 0.013051
0 0.997594 0.400823 0.005188 0.006623
0 0.796050 0.348243 0.047100 0.025871
0 0.771156 0.230092 0.049813 0.027719
0 0.721619 0.305975 0.028237 0.069295
0 0.325369 0.343033 0.023238 0.074692
0 0.279831 0.372654 0.022163 0.074692
0 0.557300 0.543110 0.124600 0.024609
0 0.299387 0.602470 0.113775 0.009443
0 0.362981 0.628380 0.025962 0.005575
0 0.086281 0.631280 0.040062 0.016114
0 0.007100 0.561804 0.014200 0.030006
0 0.354738 0.723720 0.051975 0.010237
0 0.647613 0.709200 0.055225 0.008448
0 0.679375 0.731312 0.036250 0.013572
0 0.714169 0.521946 0.030838 0.016641
