0 0.371250 0.482524 0.142500 0.070498
0 0.475625 0.541469 0.141250 0.066351
0 0.691875 0.305391 0.153750 0.038507
0 0.508750 0.315166 0.167500 0.042654
0 0.254375 0.289396 0.071250 0.034953
0 0.488125 0.694905 0.103750 0.073460
0 0.094375 0.332050 0.041250 0.017180
0 0.833750 0.432464 0.032500 0.018957
0 0.045625 0.270438 0.066250 0.023104
0 0.384375 0.397216 0.036250 0.013626
0 0.903750 0.410841 0.035000 0.017180
0 0.592500 0.364929 0.020000 0.007109
0 0.317500 0.727784 0.095000 0.015995
0 0.592500 0.395438 0.030000 0.013626
0 0.269375 0.337974 0.028750 0.015995
0 0.701250 0.353673 0.025000 0.015403
1 0.377500 0.271919 0.065000 0.020142
0 0.727500 0.366706 0.027500 0.015403
0 0.755000 0.380628 0.030000 0.015995
0 0.753750 0.325829 0.017500 0.007109
0 0.532500 0.345972 0.015000 0.004739
0 0.316250 0.335900 0.027500 0.016588
0 0.300625 0.262441 0.013750 0.002370
0 0.184375 0.357524 0.056250 0.023104
0 0.095625 0.391884 0.146250 0.014810
0 0.165000 0.580273 0.157500 0.012441
0 0.227500 0.601896 0.157500 0.011848
0 0.592500 0.473637 0.055000 0.059834
0 0.712500 0.596860 0.022500 0.053910
0 0.769375 0.567239 0.011250 0.012441
0 0.770000 0.698460 0.035000 0.018957
0 0.621875 0.735190 0.063750 0.007109
0 0.970000 0.572867 0.022500 0.024882
0 0.943125 0.433649 0.018750 0.026066
0 0.987500 0.419135 0.025000 0.017180
0 0.551250 0.398993 0.035000 0.014810
