0 0.566875 0.168697 0.093750 0.073102
0 0.238125 0.312559 0.223750 0.143393
0 0.143750 0.448922 0.070000 0.044986
0 0.147500 0.432521 0.052500 0.021556
1 0.015625 0.449391 0.031250 0.044049
0 0.198125 0.502343 0.113750 0.080600
0 0.186250 0.501406 0.017500 0.016870
0 0.344375 0.401125 0.116250 0.071228
0 0.355000 0.395501 0.020000 0.020619
0 0.330625 0.150890 0.021250 0.018744
0 0.195000 0.008903 0.022500 0.010309
0 0.007500 0.266167 0.015000 0.011246
1 0.018125 0.258669 0.036250 0.044986
1 0.432500 0.289597 0.082500 0.048735
0 0.779375 0.056232 0.031250 0.022493
0 0.950625 0.575914 0.098750 0.083411
0 0.724375 0.481256 0.101250 0.120900
0 0.338125 0.609185 0.166250 0.116214
1 0.498750 0.566542 0.052500 0.019681
1 0.551250 0.574039 0.077500 0.055295
1 0.436250 0.420337 0.060000 0.034677
0 0.071250 0.798969 0.037500 0.023430
