0 0.573462 0.170122 0.091925 0.072202
0 0.242500 0.309278 0.220000 0.140581
0 0.145450 0.443608 0.068400 0.043730
0 0.148588 0.427540 0.052175 0.020965
1 0.016475 0.442868 0.032950 0.044124
0 0.197806 0.498425 0.113112 0.078388
0 0.186119 0.496659 0.017237 0.016748
0 0.347381 0.398191 0.114763 0.069110
0 0.356494 0.392727 0.020488 0.020694
0 0.338344 0.148786 0.021688 0.018285
0 0.206225 0.004981 0.022450 0.009963
0 0.010856 0.260450 0.021713 0.011059
1 0.020488 0.253407 0.040975 0.043833
1 0.436956 0.288946 0.081412 0.047432
0 0.789381 0.059142 0.031262 0.022690
0 0.950875 0.581813 0.099250 0.082090
0 0.724556 0.484522 0.099113 0.119934
0 0.335444 0.606453 0.163388 0.114499
1 0.496325 0.566218 0.052650 0.019035
1 0.549212 0.574695 0.075925 0.054733
1 0.438119 0.418852 0.058738 0.033580
0 0.064875 0.792877 0.037250 0.022493
