0 0.062500 0.433458 0.100000 0.072165
0 0.237500 0.687441 0.195000 0.169634
0 0.413125 0.764292 0.061250 0.053421
0 0.390625 0.760544 0.028750 0.040300
1 0.407500 0.860356 0.060000 0.026242
0 0.488125 0.726804 0.108750 0.087160
0 0.485000 0.735239 0.022500 0.014058
0 0.360625 0.611528 0.096250 0.089035
0 0.353125 0.604030 0.028750 0.015933
0 0.025625 0.609185 0.026250 0.016870
0 0.163125 0.858950 0.016250 0.015933
1 0.155000 0.850515 0.060000 0.032802
1 0.216875 0.540300 0.066250 0.062793
0 0.625625 0.165886 0.113750 0.076851
0 0.486875 0.331303 0.163750 0.077788
0 0.636250 0.627460 0.157500 0.126523
1 0.588125 0.504686 0.026250 0.040300
1 0.601250 0.466261 0.075000 0.059044
1 0.391250 0.543580 0.047500 0.044986
0 0.875625 0.836457 0.031250 0.029053
