0 0.133750 0.485005 0.037500 0.019681
0 0.152500 0.510778 0.025000 0.013121
0 0.270000 0.126523 0.022500 0.014995
0 0.228750 0.334583 0.022500 0.018744
0 0.286250 0.137301 0.025000 0.015933
0 0.281875 0.363636 0.016250 0.022493
0 0.118125 0.350515 0.026250 0.013121
0 0.162500 0.178069 0.010000 0.007498
0 0.582500 0.634021 0.030000 0.021556
0 0.687500 0.607779 0.032500 0.023430
0 0.313125 0.383318 0.033750 0.026242
0 0.612500 0.483599 0.022500 0.014995
0 0.551250 0.554358 0.017500 0.027179
0 0.578125 0.393158 0.033750 0.014058
0 0.576250 0.403468 0.037500 0.015933
0 0.558125 0.567479 0.021250 0.019681
0 0.355000 0.428772 0.020000 0.025305
0 0.613125 0.453140 0.018750 0.015933
0 0.452500 0.479850 0.022500 0.014995
0 0.368125 0.429241 0.018750 0.024367
0 0.621875 0.323805 0.021250 0.015933
0 0.426875 0.340675 0.023750 0.014058
0 0.451875 0.352390 0.013750 0.011246
0 0.297500 0.364105 0.017500 0.027179
0 0.458125 0.197751 0.018750 0.020619
0 0.765000 0.759606 0.032500 0.023430
0 0.855625 0.705248 0.021250 0.014058
0 0.767500 0.866917 0.017500 0.013121
0 0.988125 0.623711 0.006250 0.014058
0 0.868750 0.492034 0.020000 0.014995
1 0.307500 0.229147 0.280000 0.188379
0 0.957500 0.281631 0.085000 0.092784
1 0.466875 0.843018 0.208750 0.072165
0 0.561250 0.744611 0.060000 0.051546
0 0.778750 0.660731 0.060000 0.041237
1 0.780000 0.293346 0.125000 0.226804
0 0.496875 0.583411 0.078750 0.060918
1 0.731875 0.201500 0.103750 0.133083
0 0.600625 0.716963 0.046250 0.039363
0 0.065000 0.704311 0.040000 0.044049
0 0.344375 0.630740 0.051250 0.033739
0 0.383125 0.678069 0.081250 0.030928
0 0.350625 0.650890 0.081250 0.027179
0 0.388125 0.698219 0.078750 0.029991
0 0.102500 0.816307 0.045000 0.033739
0 0.226875 0.814433 0.043750 0.031865
0 0.166250 0.544986 0.045000 0.029053
0 0.210000 0.573102 0.032500 0.040300
0 0.443750 0.869728 0.015000 0.007498
1 0.616250 0.863168 0.075000 0.041237
1 0.878125 0.238519 0.111250 0.192127
1 0.505000 0.142455 0.260000 0.048735
0 0.538750 0.553889 0.015000 0.022493
