0 0.492500 0.776007 0.025000 0.028116
0 0.526250 0.760544 0.017500 0.017807
0 0.011250 0.686036 0.020000 0.016870
0 0.288750 0.709466 0.025000 0.016870
0 0.024375 0.673852 0.021250 0.018744
0 0.325625 0.669166 0.028750 0.011246
0 0.313750 0.791940 0.017500 0.018744
0 0.082500 0.765230 0.010000 0.006560
0 0.675000 0.433927 0.027500 0.022493
0 0.637500 0.355670 0.030000 0.023430
0 0.350625 0.644799 0.033750 0.024367
0 0.475000 0.417057 0.020000 0.016870
0 0.571250 0.460637 0.035000 0.012184
0 0.355000 0.445173 0.017500 0.024367
0 0.368750 0.447048 0.020000 0.028116
0 0.588125 0.454077 0.026250 0.015933
0 0.410000 0.611528 0.032500 0.014058
0 0.433750 0.417526 0.020000 0.014058
0 0.473750 0.537020 0.020000 0.016870
0 0.409375 0.601687 0.031250 0.013121
0 0.260625 0.415651 0.021250 0.015933
0 0.289375 0.560450 0.018750 0.016870
0 0.305625 0.541706 0.013750 0.009372
0 0.325000 0.657451 0.035000 0.012184
0 0.098125 0.543112 0.026250 0.014058
0 0.837500 0.292877 0.030000 0.023430
0 0.760625 0.226804 0.018750 0.014995
0 0.979375 0.287254 0.016250 0.012184
0 0.382500 0.117619 0.022500 0.017807
0 0.648750 0.123711 0.020000 0.018744
0 0.476250 0.224930 0.020000 0.014995
1 0.146250 0.653702 0.242500 0.203374
0 0.194375 0.162605 0.121250 0.064667
0 0.441250 0.892221 0.080000 0.063730
1 0.956250 0.513121 0.087500 0.154639
0 0.823750 0.446111 0.067500 0.043112
0 0.704375 0.285848 0.053750 0.043112
1 0.215000 0.298032 0.300000 0.086223
0 0.610625 0.500000 0.078750 0.057170
1 0.094375 0.336926 0.173750 0.074039
0 0.785625 0.417526 0.051250 0.032802
0 0.787500 0.818650 0.057500 0.029053
0 0.680000 0.612933 0.042500 0.037488
0 0.740625 0.582006 0.038750 0.059981
0 0.705625 0.607310 0.033750 0.059981
0 0.768750 0.577320 0.037500 0.058107
0 0.935625 0.786785 0.043750 0.032802
0 0.929375 0.693533 0.041250 0.031865
0 0.979375 0.902062 0.006250 0.021556
0 0.571250 0.749297 0.037500 0.032802
0 0.607500 0.715089 0.052500 0.022493
0 0.994375 0.530459 0.008750 0.011246
1 0.976875 0.400187 0.046250 0.054358
1 0.137500 0.225867 0.252500 0.076851
1 0.025625 0.508435 0.051250 0.194002
0 0.305625 0.907216 0.053750 0.043112
0 0.569375 0.469072 0.028750 0.010309
