0 0.655888 0.302718 0.039275 0.024367
0 0.553125 0.325679 0.013750 0.008435
0 0.701250 0.291471 0.030000 0.024367
0 0.754375 0.317713 0.016250 0.009372
0 0.797500 0.303655 0.007500 0.007498
0 0.797500 0.314433 0.007500 0.008435
0 0.030625 0.417057 0.036250 0.026242
0 0.044375 0.636364 0.031250 0.018744
0 0.097631 0.368318 0.060263 0.014986
0 0.011250 0.508144 0.022500 0.037844
0 0.065625 0.579194 0.031250 0.022493
0 0.008125 0.598407 0.016250 0.044049
0 0.208750 0.332156 0.015000 0.013889
0 0.633125 0.463918 0.026250 0.022493
0 0.616875 0.478444 0.028750 0.023430
0 0.648750 0.511246 0.017500 0.012184
0 0.624375 0.656514 0.033750 0.015933
0 0.439375 0.356139 0.018750 0.009372
0 0.656250 0.350984 0.015000 0.008435
0 0.475625 0.346767 0.016250 0.007498
0 0.648750 0.361293 0.015000 0.008435
0 0.640625 0.341143 0.013750 0.007498
0 0.526875 0.588566 0.016250 0.011246
0 0.540000 0.597001 0.020000 0.014995
0 0.378937 0.332994 0.012875 0.008069
0 0.358125 0.335520 0.016250 0.005623
0 0.915000 0.426429 0.037500 0.026242
0 0.788125 0.369260 0.016250 0.016870
0 0.705000 0.591378 0.032500 0.022493
0 0.763125 0.467198 0.018750 0.017807
0 0.706875 0.402530 0.016250 0.017807
0 0.763125 0.446111 0.018750 0.016870
0 0.828750 0.659794 0.015000 0.009372
0 0.935000 0.453140 0.030000 0.023430
0 0.691250 0.584817 0.017500 0.013121
0 0.035625 0.676195 0.028750 0.017807
0 0.102500 0.723524 0.025000 0.016870
0 0.806250 0.702905 0.015000 0.009372
0 0.886250 0.732427 0.020000 0.008435
0 0.753750 0.769916 0.020000 0.008435
1 0.238125 0.467666 0.096250 0.067479
1 0.305000 0.413308 0.090000 0.067479
0 0.655000 0.745080 0.065000 0.046860
0 0.148750 0.418463 0.090000 0.049672
0 0.367500 0.447048 0.062500 0.056232
1 0.300625 0.643861 0.136250 0.127460
0 0.465000 0.492034 0.060000 0.037488
0 0.848750 0.517338 0.057500 0.058107
0 0.505000 0.523899 0.055000 0.039363
0 0.799375 0.558107 0.066250 0.072165
1 0.306250 0.559513 0.142500 0.097470
0 0.513125 0.743674 0.041250 0.034677
0 0.159375 0.708529 0.051250 0.033739
0 0.593750 0.430647 0.057500 0.055295
0 0.111875 0.610122 0.071250 0.039363
0 0.765000 0.618088 0.057500 0.038425
1 0.601875 0.318650 0.061250 0.029991
0 0.015625 0.468135 0.031250 0.044049
0 0.093750 0.504217 0.045000 0.031865
0 0.445244 0.332413 0.010488 0.005033
0 0.404062 0.333257 0.013125 0.006720
0 0.336437 0.331111 0.015375 0.011799
0 0.305875 0.327591 0.014250 0.010384
0 0.835056 0.551963 0.017612 0.014892
0 0.965300 0.548065 0.013100 0.052081
0 0.975612 0.637296 0.011225 0.016860
0 0.983988 0.700595 0.010475 0.010375
