0 0.488125 0.489222 0.111250 0.088097
0 0.445000 0.355201 0.097500 0.071228
0 0.750625 0.707591 0.078750 0.054358
0 0.620625 0.469541 0.111250 0.073102
0 0.801519 0.435801 0.085538 0.074977
0 0.824375 0.843018 0.073750 0.049672
0 0.072500 0.584583 0.145000 0.082006
0 0.885625 0.636832 0.078750 0.055295
0 0.047725 0.398416 0.095450 0.093927
0 0.803750 0.737113 0.050000 0.032802
0 0.758750 0.397844 0.070000 0.047798
0 0.734375 0.855201 0.051250 0.034677
0 0.678125 0.521087 0.058750 0.046860
0 0.236700 0.398482 0.123400 0.049072
1 0.016875 0.482905 0.033750 0.047348
0 0.265181 0.506092 0.070362 0.022493
0 0.851250 0.724930 0.040000 0.025305
0 0.325000 0.745548 0.040000 0.029053
0 0.835625 0.580600 0.043750 0.034677
0 0.115219 0.467029 0.095437 0.023093
0 0.670000 0.768510 0.042500 0.035614
0 0.896250 0.388004 0.060000 0.024367
0 0.340494 0.409194 0.075987 0.085492
0 0.302944 0.460637 0.108387 0.019681
0 0.075494 0.245314 0.055987 0.023899
0 0.046875 0.746659 0.093750 0.051893
0 0.087319 0.234906 0.079637 0.019953
0 0.984419 0.548739 0.031337 0.044058
0 0.425894 0.192095 0.079287 0.018679
0 0.300000 0.211340 0.040000 0.019681
0 0.209375 0.255389 0.038750 0.019681
0 0.013081 0.191729 0.026162 0.019822
0 0.366875 0.256795 0.023750 0.014995
0 0.385937 0.286251 0.024375 0.013927
0 0.353125 0.238519 0.021250 0.014058
0 0.579156 0.174794 0.015813 0.014067
0 0.921250 0.281631 0.030000 0.021556
0 0.865981 0.290600 0.029462 0.013252
0 0.864375 0.279424 0.028750 0.011518
0 0.315625 0.596532 0.018750 0.019681
0 0.230000 0.352858 0.022500 0.015933
0 0.407500 0.605904 0.027500 0.014058
0 0.373125 0.522024 0.021250 0.011246
0 0.822500 0.400656 0.025000 0.021556
0 0.423125 0.838332 0.028750 0.021556
0 0.429281 0.202371 0.051063 0.012990
0 0.266844 0.438880 0.018687 0.011781
1 0.048913 0.525726 0.097825 0.117994
0 0.987313 0.857216 0.024625 0.023711
0 0.732237 0.623261 0.041975 0.035651
0 0.989187 0.613037 0.020875 0.015201
0 0.995400 0.490665 0.008300 0.023505
0 0.484237 0.501687 0.018475 0.013683
0 0.954731 0.238055 0.036963 0.016879
