0 0.028750 0.157451 0.027500 0.037488
0 0.560625 0.126523 0.038750 0.026242
0 0.853750 0.122774 0.035000 0.024367
0 0.013125 0.409091 0.018750 0.038425
0 0.565625 0.343018 0.026250 0.018744
0 0.635625 0.431115 0.028750 0.044986
0 0.546250 0.484536 0.037500 0.024367
0 0.902500 0.544049 0.027500 0.017807
0 0.431250 0.748360 0.027500 0.017807
0 0.766875 0.761481 0.041250 0.027179
1 0.517500 0.632146 0.267500 0.190253
1 0.366875 0.484067 0.281250 0.195876
0 0.285625 0.707123 0.081250 0.081537
1 0.888125 0.435801 0.118750 0.091846
1 0.575625 0.288191 0.116250 0.083411
0 0.328750 0.055764 0.070000 0.057170
1 0.298125 0.356607 0.128750 0.092784
0 0.166250 0.263824 0.042500 0.032802
0 0.018750 0.637301 0.037500 0.039363
0 0.706875 0.149953 0.088750 0.044986
0 0.042500 0.475633 0.040000 0.038425
0 0.088125 0.481724 0.051250 0.029991
0 0.090000 0.445173 0.042500 0.037488
0 0.051875 0.443768 0.043750 0.029053
0 0.493750 0.223993 0.067500 0.058107
0 0.865000 0.282099 0.047500 0.041237
0 0.747500 0.718838 0.045000 0.028116
0 0.155000 0.183693 0.045000 0.031865
0 0.322500 0.543112 0.050000 0.066542
1 0.653125 0.264292 0.168750 0.138707
0 0.236250 0.068416 0.045000 0.033739
1 0.455625 0.076851 0.086250 0.056232
1 0.710000 0.280225 0.040000 0.031865
0 0.690000 0.253983 0.025000 0.014995
0 0.573750 0.318182 0.010000 0.014058
0 0.891875 0.486410 0.031250 0.024367
0 0.426250 0.489691 0.022500 0.019681
0 0.435000 0.451734 0.012500 0.007498
0 0.334375 0.460169 0.026250 0.014995
0 0.372500 0.405342 0.040000 0.017807
0 0.207500 0.581068 0.037500 0.031865
0 0.015000 0.733365 0.030000 0.030928
0 0.612500 0.813964 0.032500 0.023430
0 0.960000 0.852858 0.022500 0.013121
0 0.446250 0.928304 0.040000 0.030928
0 0.076250 0.864574 0.040000 0.027179
0 0.987500 0.607310 0.017500 0.028116
0 0.976250 0.616214 0.020000 0.015933
