1 0.794375 0.573848 0.123750 0.071496
0 0.678244 0.555089 0.083987 0.067846
0 0.307500 0.540452 0.060000 0.049859
1 0.390625 0.531044 0.126250 0.100659
0 0.938125 0.258481 0.036250 0.027780
0 0.566250 0.272342 0.065000 0.036689
0 0.552500 0.596896 0.085000 0.057385
0 0.686250 0.457197 0.067500 0.067733
1 0.369494 0.460795 0.111488 0.069285
0 0.216250 0.298213 0.085000 0.067733
0 0.453750 0.471778 0.055000 0.040452
0 0.760600 0.295390 0.058700 0.058325
1 0.277850 0.627799 0.123200 0.077799
1 0.768750 0.638288 0.097500 0.074318
0 0.562500 0.711665 0.060000 0.040452
1 0.610050 0.438443 0.130100 0.156284
0 0.383125 0.602070 0.096250 0.054563
1 0.562187 0.530136 0.209375 0.098843
0 0.112569 0.547253 0.050138 0.054055
0 0.090650 0.646754 0.063800 0.032926
1 0.520625 0.658514 0.113750 0.063970
0 0.503750 0.522578 0.082500 0.042333
0 0.024631 0.299426 0.026763 0.028768
0 0.453125 0.650517 0.048750 0.040452
0 0.249225 0.371595 0.020950 0.026350
1 0.463137 0.768321 0.076275 0.055927
0 0.274913 0.374309 0.029825 0.024252
1 0.472381 0.610602 0.084763 0.056576
0 0.099375 0.283631 0.028750 0.021637
0 0.157500 0.284102 0.015000 0.011289
0 0.650000 0.326435 0.015000 0.009407
0 0.880625 0.299153 0.031250 0.024459
0 0.903750 0.155691 0.027500 0.023518
0 0.674825 0.279398 0.027150 0.022578
0 0.259713 0.393871 0.036925 0.021985
0 0.208750 0.597366 0.020000 0.009407
0 0.177500 0.522578 0.010000 0.008467
0 0.264375 0.624177 0.008750 0.008467
0 0.608750 0.584666 0.032500 0.025400
0 0.503750 0.389934 0.027500 0.017874
0 0.506875 0.470367 0.016250 0.018815
0 0.418125 0.612888 0.031250 0.017874
0 0.531875 0.487770 0.013750 0.023518
0 0.447500 0.517404 0.025000 0.022578
0 0.626875 0.498589 0.033750 0.016933
0 0.782663 0.387112 0.020325 0.017874
0 0.847500 0.343838 0.027500 0.021637
0 0.672619 0.347479 0.015237 0.011985
0 0.948750 0.403575 0.012500 0.024459
0 0.977500 0.401223 0.010000 0.012230
0 0.936875 0.606303 0.011250 0.021637
0 0.957725 0.416284 0.010450 0.025419
0 0.314375 0.740828 0.011250 0.010348
0 0.404056 0.728424 0.035612 0.023170
0 0.458125 0.692850 0.031250 0.021637
0 0.608750 0.794450 0.020000 0.012230
0 0.507500 0.729069 0.010000 0.007526
0 0.657500 0.698024 0.015000 0.011289
0 0.268487 0.353725 0.036975 0.016952
0 0.232825 0.382037 0.023150 0.028420
0 0.043769 0.291322 0.032538 0.025729
0 0.004550 0.420151 0.009100 0.008692
0 0.094388 0.523156 0.016275 0.015268
1 0.197462 0.576571 0.037425 0.028024
0 0.197063 0.738057 0.009125 0.006689
0 0.455438 0.766736 0.015875 0.011364
0 0.498138 0.672361 0.016275 0.006999
0 0.497075 0.590870 0.026650 0.018993
0 0.600069 0.632131 0.037637 0.024374
0 0.697812 0.522211 0.018125 0.011496
0 0.713588 0.535668 0.014675 0.013951
0 0.566388 0.450376 0.015275 0.007056
0 0.543600 0.447822 0.004700 0.009473
0 0.828412 0.757079 0.009325 0.007103
0 0.949731 0.427700 0.009463 0.014384
