1 0.797500 0.565851 0.127500 0.074318
0 0.680625 0.550329 0.086250 0.069614
0 0.310000 0.546096 0.062500 0.051740
1 0.391875 0.534337 0.131250 0.103481
0 0.927500 0.247883 0.037500 0.029163
0 0.555625 0.271402 0.066250 0.038570
0 0.557500 0.595955 0.087500 0.059266
0 0.685000 0.452493 0.070000 0.069614
1 0.368750 0.464252 0.115000 0.072437
0 0.207500 0.305738 0.087500 0.069614
0 0.453125 0.473659 0.056250 0.042333
0 0.750625 0.289746 0.061250 0.060207
1 0.285000 0.633114 0.127500 0.080903
1 0.775625 0.631232 0.101250 0.077140
0 0.573125 0.709784 0.061250 0.042333
1 0.606250 0.436500 0.137500 0.159925
0 0.388125 0.605362 0.098750 0.057385
1 0.563750 0.528222 0.215000 0.104421
0 0.115000 0.557855 0.052500 0.054563
0 0.098750 0.658043 0.065000 0.034807
1 0.528125 0.658043 0.116250 0.066792
0 0.505000 0.522578 0.085000 0.044214
0 0.016250 0.312324 0.027500 0.030103
0 0.460000 0.651929 0.050000 0.041392
0 0.243750 0.378645 0.022500 0.027281
1 0.475625 0.769050 0.078750 0.057385
0 0.269375 0.380527 0.031250 0.025400
1 0.477500 0.611477 0.087500 0.058325
0 0.090000 0.294450 0.030000 0.022578
0 0.147500 0.293509 0.015000 0.011289
0 0.642500 0.322672 0.015000 0.009407
0 0.871250 0.289276 0.032500 0.025400
0 0.888125 0.145814 0.028750 0.024459
0 0.664375 0.275165 0.028750 0.023518
0 0.254375 0.400753 0.038750 0.022578
0 0.213750 0.605362 0.020000 0.010348
0 0.178750 0.531044 0.010000 0.008467
0 0.270625 0.630762 0.008750 0.008467
0 0.613125 0.582314 0.033750 0.026341
0 0.499375 0.390405 0.028750 0.018815
0 0.506250 0.470367 0.017500 0.018815
0 0.423750 0.615240 0.032500 0.018815
0 0.531250 0.486830 0.015000 0.023518
0 0.448125 0.518815 0.026250 0.023518
0 0.627500 0.495296 0.035000 0.017874
0 0.776875 0.380056 0.021250 0.018815
0 0.840625 0.334901 0.028750 0.022578
0 0.666250 0.343838 0.015000 0.012230
0 0.944375 0.392286 0.013750 0.024459
0 0.972500 0.388993 0.010000 0.012230
0 0.941250 0.595014 0.012500 0.021637
0 0.953125 0.404986 0.011250 0.025400
0 0.325625 0.745532 0.011250 0.010348
0 0.414375 0.730950 0.036250 0.024459
0 0.467500 0.694262 0.032500 0.022578
0 0.622500 0.792098 0.020000 0.013170
0 0.518750 0.729069 0.010000 0.007526
0 0.667500 0.694262 0.015000 0.011289
0 0.261875 0.359831 0.038750 0.017874
0 0.228750 0.389934 0.025000 0.029163
0 0.034375 0.303857 0.033750 0.026341
0 0.002500 0.432267 0.005000 0.008467
0 0.096250 0.534337 0.017500 0.015052
1 0.201875 0.584666 0.038750 0.029163
0 0.208125 0.746472 0.008750 0.006585
0 0.468125 0.768579 0.016250 0.011289
0 0.506875 0.673095 0.016250 0.006585
0 0.501250 0.590310 0.027500 0.019755
0 0.606875 0.629821 0.038750 0.025400
0 0.698750 0.517404 0.017500 0.011289
0 0.715625 0.530103 0.016250 0.014111
0 0.565000 0.448730 0.015000 0.007526
0 0.541250 0.446849 0.005000 0.009407
0 0.840625 0.747883 0.008750 0.007526
0 0.946875 0.416275 0.011250 0.014111
