1 0.478500 0.527962 0.132000 0.079399
0 0.493556 0.661953 0.072112 0.048789
0 0.081250 0.622066 0.060000 0.044131
1 0.151094 0.611005 0.097187 0.091493
0 0.481550 0.594690 0.070600 0.040085
0 0.850625 0.477934 0.046250 0.026291
0 0.020375 0.494305 0.040750 0.030864
0 0.095625 0.533333 0.038750 0.024413
1 0.295831 0.530681 0.209163 0.060423
0 0.741375 0.250610 0.042750 0.026103
0 0.616806 0.430986 0.073612 0.028169
0 0.431981 0.340892 0.038963 0.052676
0 0.985625 0.418685 0.026250 0.037371
0 0.593744 0.280563 0.022487 0.055962
1 0.546875 0.460563 0.143750 0.040376
0 0.575125 0.314934 0.020250 0.055221
0 0.007500 0.268545 0.015000 0.016901
0 0.616500 0.221127 0.023000 0.019718
0 0.579375 0.280282 0.008750 0.010329
0 0.566125 0.281033 0.009750 0.009953
0 0.467500 0.324883 0.015000 0.011268
0 0.645625 0.224596 0.018750 0.006000
0 0.921119 0.273709 0.019737 0.038498
0 0.841750 0.245258 0.026000 0.021033
0 0.904250 0.279343 0.018500 0.012207
0 0.683750 0.228169 0.010000 0.009390
0 0.672500 0.235681 0.012500 0.028169
0 0.986250 0.333061 0.027500 0.014479
0 0.994375 0.231080 0.011250 0.009577
0 0.102500 0.369484 0.017500 0.014085
0 0.128125 0.365728 0.018750 0.014085
0 0.017862 0.659869 0.033225 0.016451
0 0.168750 0.470892 0.012500 0.010329
0 0.073419 0.506103 0.024337 0.013146
0 0.118125 0.580751 0.021250 0.006573
0 0.378750 0.495305 0.025000 0.015962
0 0.551250 0.365258 0.012500 0.009390
0 0.446875 0.442254 0.008750 0.011268
0 0.421875 0.627700 0.013750 0.010329
0 0.422500 0.608451 0.015000 0.011268
0 0.456875 0.484507 0.013750 0.009390
0 0.371250 0.665671 0.015000 0.011155
0 0.656875 0.428169 0.011250 0.009390
0 0.408125 0.353521 0.011250 0.012207
0 0.400000 0.359310 0.012500 0.006883
0 0.464625 0.353254 0.011750 0.007915
0 0.937500 0.553052 0.030000 0.018779
0 0.955625 0.436150 0.018750 0.014085
0 0.991875 0.509859 0.016250 0.033803
0 0.726875 0.442254 0.008750 0.007512
0 0.992100 0.323582 0.016700 0.010545
0 0.645387 0.230897 0.013275 0.005455
0 0.634138 0.234000 0.008275 0.009784
0 0.454519 0.327474 0.011538 0.008939
0 0.477475 0.350840 0.012450 0.008723
0 0.484400 0.348272 0.006300 0.005465
0 0.480669 0.342549 0.011338 0.009042
0 0.476087 0.334249 0.012175 0.007465
0 0.472181 0.342742 0.006863 0.005671
0 0.459744 0.344216 0.024487 0.008620
0 0.454419 0.333737 0.011338 0.010197
0 0.465100 0.334254 0.007700 0.009352
0 0.456419 0.353019 0.007837 0.005568
0 0.597381 0.453023 0.004763 0.002761
0 0.424913 0.537338 0.012325 0.013643
0 0.384550 0.520376 0.026600 0.022911
0 0.342737 0.524258 0.012975 0.004385
0 0.057906 0.644113 0.010813 0.007474
0 0.090294 0.506761 0.033087 0.014460
0 0.002488 0.475502 0.004975 0.008282
0 0.012856 0.239423 0.025712 0.014995
