1 0.515625 0.470892 0.146250 0.092958
0 0.476875 0.338967 0.081250 0.056338
0 0.892500 0.334742 0.067500 0.049765
1 0.825625 0.353521 0.113750 0.100469
0 0.501875 0.404695 0.076250 0.046948
0 0.156875 0.559155 0.051250 0.030986
0 0.975625 0.455869 0.046250 0.034742
0 0.895000 0.425352 0.042500 0.028169
1 0.697500 0.448357 0.217500 0.081690
0 0.307500 0.772770 0.047500 0.030047
0 0.396875 0.581221 0.078750 0.035681
0 0.597500 0.650704 0.047500 0.056338
0 0.035000 0.631455 0.032500 0.040376
0 0.447500 0.726761 0.032500 0.058216
1 0.461250 0.544131 0.150000 0.055399
0 0.461250 0.691549 0.030000 0.057277
0 0.436875 0.788263 0.026250 0.021596
0 0.462500 0.725822 0.010000 0.011268
0 0.475625 0.723944 0.011250 0.011268
0 0.565000 0.670423 0.017500 0.013146
0 0.407500 0.788732 0.020000 0.007512
0 0.125000 0.768545 0.027500 0.040376
0 0.208750 0.788263 0.030000 0.023474
0 0.140625 0.761033 0.021250 0.014085
0 0.368125 0.788263 0.011250 0.010329
0 0.378750 0.779812 0.017500 0.029108
0 0.050000 0.716432 0.030000 0.016901
0 0.060000 0.818310 0.012500 0.010329
0 0.918750 0.588263 0.020000 0.015962
0 0.893125 0.593897 0.021250 0.015962
0 0.948125 0.291080 0.036250 0.020657
0 0.833125 0.494836 0.013750 0.011268
0 0.921875 0.449296 0.026250 0.015962
0 0.863750 0.380751 0.022500 0.008451
0 0.621250 0.492019 0.027500 0.018779
0 0.475625 0.638967 0.013750 0.010329
0 0.563125 0.551643 0.011250 0.012207
0 0.555000 0.365258 0.015000 0.011268
0 0.557500 0.384977 0.017500 0.013146
0 0.546250 0.511268 0.015000 0.010329
0 0.597500 0.323005 0.017500 0.013146
0 0.358750 0.587324 0.012500 0.010329
0 0.618125 0.635681 0.013750 0.013146
0 0.625625 0.629108 0.013750 0.007512
0 0.562500 0.641784 0.012500 0.008451
0 0.056875 0.493427 0.033750 0.021596
0 0.060625 0.610798 0.021250 0.015962
0 0.011250 0.542254 0.022500 0.034742
0 0.286250 0.580751 0.010000 0.008451
0 0.046250 0.727230 0.017500 0.012207
0 0.406250 0.781690 0.015000 0.006573
0 0.417500 0.777934 0.010000 0.010329
0 0.577500 0.666197 0.012500 0.010329
0 0.550625 0.646009 0.013750 0.009390
0 0.543750 0.648357 0.007500 0.006573
0 0.547500 0.653991 0.012500 0.010329
0 0.555625 0.661502 0.013750 0.008451
0 0.556250 0.653052 0.007500 0.006573
0 0.569375 0.650704 0.026250 0.011268
0 0.575000 0.660094 0.012500 0.011268
0 0.566875 0.661502 0.008750 0.010329
0 0.570625 0.640845 0.008750 0.006573
0 0.412500 0.556808 0.005000 0.003756
0 0.568750 0.455399 0.015000 0.015023
0 0.611250 0.468075 0.030000 0.025352
0 0.651875 0.459155 0.013750 0.005634
0 0.912500 0.311268 0.012500 0.008451
0 0.905000 0.451643 0.035000 0.016901
0 0.996875 0.471831 0.006250 0.008451
