0 0.883125 0.531748 0.098750 0.073805
1 0.512050 0.641017 0.201600 0.279222
0 0.846875 0.782568 0.103750 0.058107
0 0.638750 0.625586 0.050000 0.045923
0 0.063431 0.475323 0.114362 0.077170
0 0.907344 0.667788 0.117188 0.060975
0 0.223125 0.360356 0.058750 0.051546
0 0.026875 0.897376 0.043750 0.027179
0 0.138125 0.290534 0.068750 0.056232
0 0.235000 0.292877 0.062500 0.030928
0 0.614375 0.801781 0.096250 0.032802
0 0.724375 0.749766 0.086250 0.046860
1 0.706175 0.569353 0.269850 0.089035
0 0.318088 0.657113 0.046175 0.045248
0 0.636250 0.713683 0.057500 0.032802
0 0.958125 0.582474 0.068750 0.015933
0 0.018125 0.673383 0.036250 0.027179
0 0.061250 0.851921 0.045000 0.031865
1 0.256738 0.596106 0.038475 0.202521
1 0.407281 0.426546 0.112063 0.135192
0 0.279781 0.302395 0.029562 0.014349
0 0.596875 0.315839 0.018750 0.007498
0 0.723656 0.310956 0.017312 0.007104
0 0.769375 0.312090 0.028750 0.014995
0 0.259375 0.460169 0.021250 0.024367
0 0.062500 0.564199 0.037500 0.018744
0 0.032731 0.657366 0.035463 0.028885
0 0.275625 0.411903 0.023750 0.015933
0 0.316875 0.411903 0.021250 0.042174
0 0.181875 0.343486 0.031250 0.019681
0 0.213125 0.597001 0.013750 0.013121
0 0.080625 0.579194 0.026250 0.013121
0 0.290625 0.428772 0.016250 0.010309
0 0.250625 0.544049 0.013750 0.008435
0 0.154375 0.471415 0.026250 0.016870
0 0.117500 0.468604 0.037500 0.022493
0 0.595000 0.502812 0.032500 0.027179
0 0.578125 0.517338 0.043750 0.016870
0 0.564375 0.438144 0.033750 0.019681
0 0.403125 0.456420 0.023750 0.035614
0 0.891250 0.414246 0.045000 0.018744
0 0.836875 0.372071 0.031250 0.016870
0 0.989375 0.419869 0.018750 0.016870
0 0.090625 0.701031 0.028750 0.026242
0 0.206250 0.891753 0.045000 0.014058
0 0.255625 0.795689 0.031250 0.024367
0 0.069375 0.703843 0.033750 0.020619
0 0.015000 0.727741 0.030000 0.027179
0 0.070625 0.798032 0.018750 0.012184
0 0.220000 0.874414 0.020000 0.018744
0 0.013750 0.783636 0.027500 0.020881
0 0.061056 0.677769 0.027113 0.026579
0 0.200625 0.696813 0.013750 0.017807
0 0.423750 0.688847 0.020000 0.013121
0 0.195238 0.361823 0.030475 0.018866
0 0.325525 0.363112 0.031050 0.017694
0 0.038869 0.635037 0.037738 0.021715
1 0.215456 0.642249 0.045912 0.264817
0 0.422950 0.676776 0.018400 0.011471
0 0.520212 0.618702 0.012925 0.007788
0 0.581469 0.833121 0.040438 0.022381
0 0.811675 0.647587 0.015850 0.016823
0 0.993662 0.520843 0.012325 0.022006
0 0.741181 0.571317 0.017362 0.008613
0 0.651637 0.552793 0.013275 0.009053
1 0.843169 0.649166 0.188837 0.132446
1 0.777719 0.661106 0.237937 0.167573
0 0.896281 0.404578 0.057562 0.014405
0 0.697837 0.378791 0.013175 0.011565
0 0.722619 0.304630 0.015237 0.005698
0 0.433762 0.451476 0.020025 0.025726
