0 0.785625 0.155576 0.028750 0.020619
0 0.934375 0.300375 0.036250 0.032802
0 0.752500 0.271321 0.032500 0.019681
0 0.732500 0.284911 0.032500 0.018744
0 0.725625 0.300375 0.023750 0.019681
0 0.790000 0.777413 0.040000 0.019681
0 0.877500 0.858950 0.055000 0.012184
0 0.545625 0.298500 0.026250 0.019681
0 0.456250 0.177132 0.020000 0.013121
0 0.618750 0.408154 0.025000 0.014058
0 0.355000 0.859888 0.025000 0.023430
0 0.350625 0.826148 0.021250 0.019681
0 0.353750 0.791003 0.030000 0.020619
0 0.200625 0.450328 0.031250 0.019681
0 0.182500 0.867854 0.032500 0.029991
0 0.256875 0.764292 0.018750 0.014058
0 0.568125 0.182287 0.108750 0.089035
0 0.289375 0.346767 0.128750 0.076851
0 0.968125 0.490628 0.063750 0.074039
0 0.727500 0.684161 0.100000 0.065604
0 0.294375 0.544049 0.136250 0.068416
0 0.816875 0.328022 0.141250 0.071228
0 0.244375 0.176195 0.103750 0.074977
0 0.258125 0.625586 0.133750 0.075914
0 0.354375 0.717901 0.116250 0.082474
0 0.176875 0.208060 0.091250 0.048735
0 0.366250 0.607779 0.097500 0.055295
0 0.539375 0.753983 0.093750 0.032802
0 0.285000 0.477507 0.095000 0.060918
0 0.053125 0.438144 0.066250 0.059044
0 0.063125 0.556232 0.081250 0.045923
0 0.608750 0.849578 0.055000 0.027179
0 0.740000 0.752109 0.040000 0.030928
0 0.632500 0.408154 0.015000 0.008435
1 0.601875 0.475164 0.246250 0.174321
0 0.512500 0.582474 0.027500 0.014058
0 0.513750 0.574508 0.020000 0.007498
0 0.396875 0.679475 0.026250 0.014995
0 0.075625 0.530459 0.013750 0.007498
0 0.343125 0.435333 0.018750 0.019681
