0 0.810000 0.281398 0.040000 0.013033
0 0.753750 0.278732 0.027500 0.010071
0 0.304375 0.513626 0.023750 0.009479
0 0.296250 0.504739 0.022500 0.008294
0 0.318750 0.374408 0.017500 0.010664
0 0.090625 0.440462 0.021250 0.008886
0 0.126250 0.336197 0.042500 0.012441
0 0.408750 0.524289 0.035000 0.018957
0 0.430625 0.367002 0.016250 0.011256
0 0.652500 0.580569 0.022500 0.009479
0 0.888125 0.577310 0.026250 0.013626
0 0.748125 0.512145 0.023750 0.012441
0 0.734375 0.337382 0.016250 0.008886
0 0.795625 0.712382 0.033750 0.020735
0 0.206875 0.593602 0.093750 0.060427
0 0.092500 0.654028 0.095000 0.041469
0 0.600625 0.619372 0.078750 0.046801
0 0.859375 0.470972 0.073750 0.040284
0 0.637500 0.321090 0.067500 0.034360
0 0.217500 0.218602 0.090000 0.026066
0 0.443125 0.232820 0.151250 0.023697
0 0.692500 0.703791 0.045000 0.018957
0 0.840000 0.230746 0.072500 0.055095
0 0.208750 0.283175 0.077500 0.021327
0 0.461875 0.537618 0.076250 0.100118
0 0.105625 0.523104 0.101250 0.067536
0 0.669375 0.562500 0.106250 0.030213
0 0.388125 0.574941 0.071250 0.120261
0 0.877500 0.324052 0.057500 0.042654
0 0.836875 0.331754 0.048750 0.041469
1 0.956250 0.554502 0.087500 0.081754
0 0.490000 0.497038 0.040000 0.018957
0 0.595625 0.449941 0.031250 0.007701
0 0.833125 0.522512 0.028750 0.010664
0 0.826875 0.532583 0.031250 0.009479
0 0.136875 0.735190 0.028750 0.010664
0 0.638125 0.359893 0.016250 0.010071
0 0.579375 0.327014 0.006250 0.011848
0 0.673125 0.230154 0.021250 0.007701
1 0.962500 0.356635 0.075000 0.035545
0 0.996875 0.458235 0.006250 0.015995
