0 0.847500 0.417526 0.020000 0.012184
0 0.996875 0.791940 0.006250 0.014995
0 0.309375 0.272259 0.043750 0.027179
0 0.342500 0.538425 0.032500 0.023430
0 0.396875 0.821931 0.023750 0.018744
0 0.651250 0.730553 0.017500 0.014058
0 0.571250 0.837395 0.020000 0.014058
0 0.173750 0.297095 0.040000 0.029991
0 0.183125 0.808341 0.026250 0.017807
0 0.272500 0.798500 0.040000 0.020619
0 0.174375 0.826148 0.028750 0.015933
1 0.348125 0.187441 0.178750 0.118088
0 0.412500 0.455014 0.107500 0.070291
0 0.436875 0.701968 0.091250 0.080600
0 0.506875 0.432990 0.103750 0.084349
0 0.338125 0.802718 0.101250 0.070291
0 0.653125 0.333177 0.051250 0.038425
0 0.431250 0.733833 0.060000 0.056232
0 0.007500 0.271790 0.015000 0.050609
0 0.928125 0.277882 0.043750 0.038425
0 0.697500 0.839269 0.137500 0.057170
0 0.157500 0.328960 0.035000 0.043112
0 0.460625 0.510309 0.041250 0.034677
0 0.045625 0.613871 0.016250 0.014995
0 0.081875 0.867854 0.021250 0.016870
0 0.640000 0.844424 0.070000 0.052484
0 0.563125 0.599344 0.011250 0.010309
0 0.335625 0.558107 0.033750 0.021556
0 0.315000 0.543580 0.022500 0.022493
0 0.515000 0.823805 0.970000 0.059981
0 0.847500 0.417526 0.020000 0.012184
0 0.996875 0.791940 0.006250 0.014995
0 0.309375 0.272259 0.043750 0.027179
0 0.342500 0.538425 0.032500 0.023430
0 0.396875 0.821931 0.023750 0.018744
0 0.651250 0.730553 0.017500 0.014058
0 0.571250 0.837395 0.020000 0.014058
0 0.173750 0.297095 0.040000 0.029991
0 0.183125 0.808341 0.026250 0.017807
0 0.272500 0.798500 0.040000 0.020619
0 0.174375 0.826148 0.028750 0.015933
1 0.348125 0.187441 0.178750 0.118088
0 0.412500 0.455014 0.107500 0.070291
0 0.436875 0.701968 0.091250 0.080600
0 0.506875 0.432990 0.103750 0.084349
0 0.338125 0.802718 0.101250 0.070291
0 0.653125 0.333177 0.051250 0.038425
0 0.431250 0.733833 0.060000 0.056232
0 0.007500 0.271790 0.015000 0.050609
0 0.928125 0.277882 0.043750 0.038425
0 0.697500 0.839269 0.137500 0.057170
0 0.157500 0.328960 0.035000 0.043112
0 0.460625 0.510309 0.041250 0.034677
0 0.045625 0.613871 0.016250 0.014995
0 0.081875 0.867854 0.021250 0.016870
0 0.640000 0.844424 0.070000 0.052484
0 0.563125 0.599344 0.011250 0.010309
0 0.335625 0.558107 0.033750 0.021556
0 0.315000 0.543580 0.022500 0.022493
0 0.515000 0.823805 0.970000 0.059981
