0 0.300625 0.060918 0.036250 0.028116
0 0.135625 0.091378 0.048750 0.023430
0 0.567500 0.091378 0.017500 0.014058
0 0.413750 0.234770 0.015000 0.014058
0 0.761875 0.103093 0.038750 0.018744
0 0.924525 0.143088 0.019050 0.016261
0 0.183125 0.626523 0.033750 0.030928
0 0.539375 0.620431 0.028750 0.022493
0 0.920625 0.599813 0.023750 0.016870
0 0.817500 0.403468 0.017500 0.012184
0 0.953750 0.470009 0.017500 0.014058
0 0.207500 0.730084 0.037500 0.028116
0 0.887500 0.759138 0.022500 0.018744
0 0.881250 0.691190 0.025000 0.029053
0 0.911250 0.766635 0.020000 0.020619
1 0.073125 0.591846 0.146250 0.126523
0 0.433750 0.562793 0.087500 0.075914
0 0.764375 0.561387 0.101250 0.063730
0 0.410625 0.490628 0.106250 0.072165
0 0.891250 0.641987 0.087500 0.071228
0 0.288750 0.373946 0.047500 0.035614
0 0.805625 0.567948 0.071250 0.041237
0 0.162500 0.864574 0.065000 0.032802
0 0.234375 0.164948 0.048750 0.029991
0 0.965000 0.375820 0.067500 0.099344
0 0.248750 0.744611 0.055000 0.023430
0 0.510625 0.529991 0.043750 0.029053
0 0.138950 0.900347 0.045400 0.023749
0 0.619500 0.847156 0.019000 0.011087
0 0.959575 0.839021 0.021650 0.015436
0 0.898656 0.993810 0.024813 0.011987
0 0.967237 0.419503 0.064475 0.049878
0 0.885419 0.111448 0.015838 0.011087
0 0.671069 0.082395 0.012138 0.011087
0 0.662250 0.078697 0.009500 0.013065
0 0.636069 0.459981 0.012138 0.007123
0 0.565806 0.627746 0.026612 0.024002
0 0.544081 0.641218 0.028163 0.015333
0 0.932181 0.531809 0.011862 0.789953
