0 0.858125 0.132146 0.038750 0.029991
0 0.791250 0.169634 0.035000 0.028116
0 0.783125 0.529053 0.033750 0.027179
0 0.907500 0.597001 0.037500 0.028116
0 0.883125 0.650422 0.021250 0.013121
0 0.432500 0.198688 0.015000 0.011246
0 0.621875 0.250703 0.031250 0.025305
0 0.445625 0.252577 0.026250 0.021556
0 0.471875 0.155576 0.026250 0.018744
0 0.360625 0.373946 0.023750 0.016870
0 0.290625 0.192127 0.016250 0.013121
0 0.607500 0.284442 0.017500 0.012184
0 0.528750 0.131209 0.055000 0.026242
0 0.620000 0.505155 0.022500 0.011246
0 0.691250 0.521087 0.020000 0.014995
0 0.381875 0.599813 0.021250 0.016870
0 0.210000 0.284442 0.017500 0.012184
1 0.398125 0.394564 0.306250 0.194939
1 0.685625 0.663074 0.121250 0.089035
1 0.177500 0.778351 0.167500 0.134021
0 0.691250 0.247891 0.100000 0.055295
1 0.560625 0.720712 0.176250 0.140581
0 0.609375 0.335989 0.098750 0.074039
1 0.927500 0.725398 0.145000 0.185567
1 0.187500 0.217432 0.117500 0.089972
1 0.134375 0.868322 0.113750 0.085286
0 0.733750 0.281631 0.102500 0.047798
0 0.893125 0.681350 0.081250 0.050609
0 0.310625 0.482193 0.086250 0.087160
1 0.565625 0.344892 0.398750 0.198688
0 0.963750 0.662137 0.072500 0.049672
0 0.720625 0.563730 0.078750 0.044049
0 0.355625 0.291940 0.038750 0.032802
0 0.898125 0.129803 0.026250 0.023430
0 0.928125 0.448454 0.013750 0.010309
0 0.904375 0.455014 0.013750 0.010309
0 0.896250 0.459700 0.020000 0.015933
0 0.795000 0.586223 0.065000 0.044049
1 0.761875 0.609185 0.188750 0.125586
0 0.675000 0.522024 0.017500 0.013121
0 0.458125 0.521556 0.008750 0.012184
1 0.391250 0.544986 0.205000 0.152765
0 0.286875 0.406279 0.011250 0.012184
0 0.479375 0.461575 0.016250 0.006560
0 0.321250 0.296626 0.037500 0.030928
1 0.561250 0.340206 0.225000 0.131209
1 0.079375 0.261012 0.158750 0.156514
0 0.110000 0.239925 0.015000 0.011246
