0 0.056875 0.189316 0.036250 0.026242
0 0.098125 0.243205 0.033750 0.023430
0 0.572500 0.293472 0.032500 0.022746
0 0.678369 0.208529 0.034238 0.025305
0 0.894375 0.112933 0.053750 0.017807
0 0.745000 0.233365 0.015000 0.014995
0 0.091875 0.514058 0.013750 0.010309
0 0.184375 0.379569 0.031250 0.020619
0 0.165625 0.510309 0.026250 0.017807
0 0.040000 0.479381 0.022500 0.017807
0 0.316250 0.589035 0.020000 0.015933
0 0.066875 0.617929 0.016250 0.009991
0 0.226875 0.394096 0.013750 0.012184
0 0.014375 0.433927 0.028750 0.039363
0 0.521250 0.411903 0.012500 0.015933
0 0.551250 0.360825 0.017500 0.013121
0 0.617500 0.600281 0.020000 0.014058
0 0.178750 0.689316 0.015000 0.012184
1 0.347681 0.563088 0.227862 0.209588
1 0.738125 0.381753 0.106250 0.081218
1 0.829375 0.774602 0.161250 0.111528
0 0.188750 0.327085 0.062500 0.069353
1 0.798750 0.482193 0.170000 0.117151
0 0.295625 0.398782 0.088750 0.066542
1 0.853337 0.174433 0.229175 0.157676
1 0.087500 0.698219 0.107500 0.078725
1 0.942500 0.817245 0.102500 0.076851
0 0.238750 0.299438 0.052500 0.072165
0 0.788125 0.229616 0.058750 0.056232
0 0.452500 0.638707 0.107500 0.055295
1 0.302131 0.432793 0.221763 0.280769
0 0.771250 0.172446 0.057500 0.054358
0 0.611250 0.343486 0.050000 0.055295
0 0.206419 0.582427 0.040338 0.025211
0 0.058194 0.158304 0.028887 0.016701
0 0.483531 0.175492 0.012063 0.009841
0 0.489781 0.193196 0.012063 0.009634
0 0.494319 0.200604 0.018638 0.013205
0 0.649713 0.291031 0.051925 0.044105
1 0.675131 0.317877 0.147762 0.129663
0 0.550350 0.372362 0.015700 0.011828
0 0.523550 0.533322 0.014600 0.005726
1 0.546438 0.586012 0.182875 0.137348
0 0.349806 0.647465 0.014612 0.007207
0 0.445075 0.510904 0.007650 0.011500
0 0.207581 0.607985 0.037663 0.025717
1 0.294675 0.435075 0.151850 0.155998
1 0.130619 0.799836 0.188738 0.133880
0 0.107825 0.758880 0.013150 0.010731
