0 0.991875 0.244142 0.016250 0.029053
0 0.736875 0.673383 0.028750 0.027179
0 0.864375 0.696345 0.028750 0.026242
0 0.520625 0.732427 0.043750 0.032802
0 0.593125 0.729616 0.018750 0.012184
0 0.255625 0.775070 0.016250 0.014995
0 0.165000 0.781631 0.017500 0.016870
0 0.210000 0.779288 0.017500 0.017807
0 0.081250 0.609653 0.010000 0.008435
0 0.326250 0.740394 0.042500 0.035614
0 0.902500 0.380506 0.045000 0.013121
0 0.893125 0.369260 0.021250 0.013121
0 0.406250 0.737113 0.042500 0.034677
0 0.075000 0.782568 0.040000 0.031865
0 0.016875 0.552015 0.016250 0.011246
0 0.404375 0.585754 0.016250 0.009372
0 0.508750 0.446579 0.012500 0.008435
0 0.519375 0.447048 0.013750 0.009372
0 0.583125 0.376757 0.013750 0.009372
0 0.596250 0.378632 0.012500 0.013121
0 0.679375 0.273664 0.013750 0.013121
