0 0.648125 0.704780 0.031250 0.044986
1 0.505000 0.660731 0.270000 0.226804
1 0.735625 0.749297 0.301250 0.237113
1 0.436875 0.138238 0.191250 0.126523
0 0.673125 0.353796 0.088750 0.051546
1 0.346875 0.461575 0.181250 0.149016
1 0.345000 0.191659 0.102500 0.089035
0 0.475000 0.352858 0.087500 0.047798
0 0.043750 0.389410 0.065000 0.068416
1 0.655000 0.481724 0.350000 0.170572
0 0.793750 0.435801 0.102500 0.058107
0 0.644375 0.694939 0.043750 0.062793
0 0.145000 0.478913 0.077500 0.031865
0 0.620625 0.544986 0.051250 0.036551
1 0.492500 0.526242 0.227500 0.188379
1 0.652500 0.560450 0.150000 0.119963
0 0.208750 0.385661 0.075000 0.040300
0 0.587500 0.662605 0.042500 0.035614
0 0.454375 0.450328 0.083750 0.053421
0 0.095625 0.255389 0.048750 0.049672
0 0.428750 0.807404 0.037500 0.029053
0 0.546875 0.841143 0.038750 0.030928
0 0.666250 0.787723 0.025000 0.015933
0 0.653125 0.776945 0.011250 0.013121
0 0.442500 0.674321 0.015000 0.010309
0 0.483750 0.675258 0.017500 0.012184
1 0.531875 0.606842 0.113750 0.100281
1 0.510000 0.687441 0.145000 0.107779
0 0.696875 0.588097 0.033750 0.023430
0 0.782500 0.533271 0.010000 0.009372
0 0.532500 0.430647 0.022500 0.014058
0 0.553125 0.438613 0.021250 0.016870
0 0.609375 0.462980 0.101250 0.046860
0 0.424375 0.562793 0.013750 0.010309
0 0.401875 0.554358 0.011250 0.012184
0 0.318125 0.452202 0.013750 0.014058
0 0.683750 0.932052 0.020000 0.025305
1 0.658750 0.947048 0.110000 0.105904
0 0.014375 0.638238 0.028750 0.024367
0 0.216875 0.359888 0.076250 0.026242
1 0.096250 0.337863 0.135000 0.150890
0 0.376875 0.316307 0.086250 0.025305
0 0.370000 0.337863 0.082500 0.040300
0 0.436250 0.336926 0.155000 0.105904
0 0.401875 0.090440 0.028750 0.017807
0 0.885000 0.329897 0.060000 0.024367
0 0.900000 0.290534 0.035000 0.026242
0 0.985625 0.319119 0.028750 0.023430
0 0.913750 0.250703 0.025000 0.014058
1 0.915000 0.224461 0.117500 0.064667
1 0.891250 0.180412 0.117500 0.070291
0 0.335625 0.578257 0.136250 0.226804
