0 0.320000 0.310216 0.025000 0.043112
1 0.469375 0.341143 0.238750 0.206186
1 0.225412 0.274470 0.268325 0.213421
1 0.621250 0.853327 0.175000 0.111528
0 0.352500 0.661200 0.082500 0.044049
1 0.658750 0.523899 0.160000 0.134958
1 0.703750 0.792409 0.090000 0.081537
0 0.549375 0.644330 0.081250 0.040300
0 0.971250 0.567948 0.055000 0.063730
1 0.350000 0.532802 0.330000 0.141518
0 0.218750 0.590909 0.095000 0.049672
0 0.325625 0.319588 0.033750 0.059981
0 0.855625 0.488800 0.073750 0.025398
0 0.373125 0.466261 0.046250 0.032802
1 0.503125 0.473758 0.201250 0.171509
1 0.339162 0.454564 0.133325 0.108754
0 0.807319 0.586870 0.069638 0.034096
0 0.387500 0.346298 0.037500 0.032802
0 0.553125 0.545455 0.076250 0.046860
0 0.941875 0.706186 0.041250 0.045923
0 0.520537 0.188547 0.033575 0.026579
0 0.397413 0.165801 0.034825 0.027948
0 0.288594 0.229855 0.022187 0.013599
0 0.302919 0.239264 0.008337 0.011799
0 0.529350 0.322268 0.013700 0.009110
0 0.488362 0.324592 0.016725 0.010009
1 0.452387 0.397446 0.099775 0.091987
1 0.459931 0.315417 0.129862 0.096626
0 0.290956 0.430989 0.029413 0.020366
0 0.215444 0.492601 0.008387 0.008632
0 0.479513 0.571992 0.021525 0.011837
0 0.456763 0.565843 0.018525 0.014536
0 0.398387 0.546645 0.096775 0.037994
0 0.565025 0.431190 0.012550 0.009522
0 0.589762 0.437493 0.009525 0.010881
0 0.687850 0.531420 0.010700 0.013168
0 0.248300 0.088065 0.016600 0.024302
1 0.267912 0.059836 0.090825 0.119672
0 0.962850 0.318079 0.033200 0.021350
0 0.804131 0.613388 0.073262 0.019653
1 0.926500 0.623880 0.113000 0.141856
0 0.652119 0.671654 0.084238 0.018097
0 0.656194 0.648688 0.077387 0.034021
0 0.590925 0.655937 0.141850 0.093505
0 0.664338 0.897437 0.026175 0.016054
0 0.144987 0.704461 0.057475 0.019981
0 0.136962 0.744677 0.031425 0.023561
0 0.045263 0.724475 0.028025 0.020647
0 0.130344 0.785984 0.023187 0.012455
1 0.132850 0.811326 0.108200 0.055642
1 0.163312 0.853402 0.109125 0.061068
0 0.650338 0.407591 0.100675 0.219119
