0 0.338125 0.301312 0.028750 0.044049
1 0.485000 0.339738 0.257500 0.218369
1 0.247500 0.260544 0.287500 0.226804
1 0.588750 0.859419 0.185000 0.119963
0 0.338125 0.653702 0.086250 0.047798
1 0.656250 0.532802 0.172500 0.143393
1 0.676250 0.802249 0.097500 0.086223
0 0.536250 0.647142 0.085000 0.044049
0 0.964375 0.592784 0.061250 0.066542
1 0.347500 0.525305 0.342500 0.158388
0 0.211250 0.576382 0.100000 0.054358
0 0.343125 0.311153 0.038750 0.061856
0 0.855625 0.507498 0.076250 0.029053
0 0.376875 0.459700 0.048750 0.034677
1 0.505625 0.474227 0.216250 0.181818
1 0.344375 0.446579 0.143750 0.115276
0 0.798750 0.602624 0.072500 0.037488
0 0.402500 0.340675 0.040000 0.034677
0 0.548750 0.548266 0.080000 0.050609
0 0.922500 0.728679 0.045000 0.047798
0 0.549375 0.190253 0.036250 0.028116
0 0.430000 0.162137 0.037500 0.029991
0 0.314375 0.219306 0.023750 0.014995
0 0.328750 0.229147 0.010000 0.012184
0 0.545000 0.323805 0.015000 0.010309
0 0.505000 0.325211 0.017500 0.011246
1 0.461875 0.395033 0.108750 0.096532
1 0.478125 0.313964 0.138750 0.103093
0 0.298125 0.419869 0.031250 0.022493
0 0.216250 0.477507 0.010000 0.008435
0 0.472500 0.570759 0.022500 0.013121
0 0.451250 0.563730 0.020000 0.015933
0 0.393750 0.541706 0.100000 0.043112
0 0.571875 0.434396 0.013750 0.010309
0 0.595625 0.441893 0.011250 0.012184
0 0.685000 0.541237 0.012500 0.014058
0 0.286875 0.076382 0.018750 0.025305
1 0.308750 0.055295 0.102500 0.110590
0 0.979375 0.343486 0.036250 0.023430
0 0.793750 0.628397 0.075000 0.023430
1 0.915000 0.646204 0.125000 0.147142
0 0.636250 0.679475 0.085000 0.022493
0 0.642500 0.656982 0.080000 0.037488
0 0.576250 0.660731 0.150000 0.101218
0 0.627500 0.905342 0.027500 0.016870
0 0.128125 0.685098 0.058750 0.022493
0 0.115625 0.724930 0.033750 0.025305
0 0.025625 0.699625 0.028750 0.021556
0 0.105000 0.765698 0.025000 0.013121
1 0.105625 0.791471 0.113750 0.060918
1 0.131875 0.835520 0.113750 0.066542
0 0.659375 0.415651 0.121250 0.223993
