0 0.915625 0.766167 0.038750 0.034677
0 0.871875 0.671509 0.026250 0.032802
0 0.781250 0.749297 0.027500 0.021556
0 0.848750 0.821462 0.027500 0.042174
0 0.866875 0.814433 0.026250 0.024367
0 0.953750 0.722587 0.010000 0.007498
0 0.405000 0.815839 0.032500 0.045923
0 0.681250 0.688847 0.022500 0.016870
0 0.495000 0.777882 0.040000 0.033739
0 0.092500 0.730084 0.017500 0.013121
0 0.222500 0.814902 0.020000 0.017807
0 0.268750 0.724461 0.030000 0.041237
0 0.711250 0.437207 0.032500 0.019681
0 0.780625 0.407685 0.028750 0.020619
0 0.857500 0.315839 0.027500 0.020619
0 0.736250 0.470009 0.030000 0.017807
0 0.765000 0.500937 0.020000 0.025305
0 0.726875 0.453608 0.028750 0.018744
0 0.684375 0.314902 0.018750 0.014995
0 0.785000 0.516401 0.025000 0.014995
0 0.846875 0.550609 0.021250 0.014058
0 0.641875 0.422212 0.028750 0.030928
0 0.469375 0.507966 0.028750 0.024367
0 0.614375 0.408154 0.021250 0.015933
0 0.685000 0.615276 0.015000 0.021556
0 0.525625 0.418463 0.018750 0.017807
0 0.431875 0.493440 0.018750 0.015933
0 0.504375 0.590440 0.016250 0.016870
0 0.218750 0.644330 0.032500 0.025305
0 0.216875 0.607779 0.021250 0.017807
0 0.170000 0.400656 0.015000 0.014058
0 0.160000 0.449391 0.015000 0.014058
0 0.200625 0.533739 0.016250 0.012184
0 0.230625 0.604967 0.016250 0.015933
0 0.901875 0.155576 0.028750 0.020619
0 0.828125 0.281631 0.028750 0.021556
0 0.618125 0.253515 0.026250 0.021556
0 0.439375 0.245080 0.028750 0.019681
0 0.461250 0.227741 0.025000 0.016870
0 0.553750 0.240862 0.025000 0.016870
0 0.511875 0.311153 0.023750 0.014995
0 0.090625 0.301312 0.021250 0.019681
0 0.575625 0.338332 0.086250 0.067479
0 0.985000 0.814433 0.030000 0.052484
0 0.467500 0.400656 0.110000 0.072165
0 0.356250 0.370665 0.180000 0.120900
0 0.371250 0.899250 0.017500 0.025305
0 0.355625 0.896907 0.013750 0.016870
0 0.236250 0.873477 0.040000 0.035614
0 0.375625 0.803655 0.016250 0.015933
0 0.292500 0.743205 0.017500 0.022493
0 0.218125 0.623711 0.011250 0.010309
0 0.149375 0.499063 0.021250 0.025305
0 0.171875 0.506560 0.036250 0.055295
0 0.462500 0.411903 0.020000 0.010309
0 0.438750 0.402530 0.057500 0.045923
0 0.566250 0.516870 0.020000 0.012184
0 0.575625 0.513121 0.016250 0.010309
0 0.535625 0.303187 0.023750 0.015933
0 0.076875 0.303187 0.018750 0.015933
0 0.963750 0.717432 0.012500 0.008435
0 0.995625 0.511715 0.008750 0.009372
