0 0.101875 0.254452 0.038750 0.021556
0 0.093750 0.178538 0.037500 0.017807
0 0.031250 0.087629 0.017500 0.012184
0 0.340625 0.284911 0.051250 0.024367
0 0.316875 0.275539 0.053750 0.020619
0 0.610000 0.191190 0.027500 0.039363
0 0.660625 0.048266 0.028750 0.010309
0 0.293750 0.425961 0.030000 0.019681
0 0.583750 0.464386 0.042500 0.032802
0 0.553750 0.621837 0.027500 0.023430
0 0.340625 0.499063 0.018750 0.014058
0 0.991250 0.568885 0.017500 0.026242
0 0.053125 0.769916 0.031250 0.040300
0 0.090000 0.863168 0.020000 0.018744
0 0.995625 0.709466 0.008750 0.028116
0 0.495625 0.747891 0.051250 0.056232
0 0.324375 0.472821 0.088750 0.074039
0 0.652500 0.836926 0.052500 0.058107
0 0.628750 0.188847 0.025000 0.036551
0 0.784375 0.135895 0.038750 0.022493
0 0.733125 0.358013 0.013750 0.009372
0 0.375000 0.621837 0.030000 0.040300
0 0.362500 0.623243 0.020000 0.026242
0 0.463125 0.840675 0.008750 0.007498
