0 0.886875 0.243674 0.026250 0.028116
0 0.988125 0.249766 0.021250 0.027179
0 0.810000 0.416120 0.027500 0.037488
0 0.825000 0.400187 0.022500 0.039363
0 0.890625 0.629803 0.051250 0.016870
0 0.630625 0.359419 0.023750 0.021556
0 0.534375 0.567479 0.041250 0.029053
0 0.331250 0.521087 0.030000 0.018744
0 0.526875 0.381443 0.016250 0.013121
0 0.331250 0.859419 0.032500 0.022493
0 0.215000 0.126992 0.052500 0.019681
0 0.086250 0.139175 0.022500 0.014058
0 0.143750 0.845361 0.035000 0.026242
0 0.175625 0.458294 0.071250 0.033739
0 0.563750 0.373477 0.092500 0.060918
0 0.034375 0.559981 0.068750 0.034677
0 0.890000 0.643393 0.047500 0.015933
0 0.936250 0.767573 0.027500 0.028116
0 0.651875 0.694470 0.011250 0.009372
0 0.360000 0.388004 0.052500 0.018744
0 0.359375 0.379569 0.033750 0.013121
0 0.058125 0.418932 0.008750 0.005623
