0 0.795069 0.164794 0.032637 0.020309
0 0.906319 0.246589 0.035138 0.020825
0 0.993750 0.299958 0.012500 0.020722
0 0.675769 0.276373 0.024037 0.020412
0 0.188125 0.453608 0.031250 0.031865
0 0.132500 0.543112 0.027500 0.017807
0 0.113750 0.663805 0.032500 0.017395
0 0.951250 0.479381 0.035000 0.029053
0 0.969375 0.532334 0.036250 0.024367
0 0.117500 0.762887 0.030000 0.016870
1 0.640000 0.790066 0.122500 0.097470
1 0.388375 0.596064 0.176750 0.138707
0 0.794375 0.243205 0.063750 0.047798
0 0.053681 0.475881 0.059862 0.025801
1 0.655000 0.507498 0.147500 0.126523
0 0.916250 0.783037 0.082500 0.060918
0 0.833750 0.779288 0.090000 0.085286
0 0.611250 0.125066 0.047500 0.030825
0 0.870625 0.439550 0.046250 0.041237
1 0.606900 0.376078 0.193800 0.150469
0 0.933125 0.569822 0.041250 0.037488
0 0.186394 0.589189 0.085288 0.051856
1 0.428837 0.344470 0.160175 0.122868
1 0.313956 0.455014 0.220413 0.165886
1 0.572313 0.630262 0.204625 0.165867
1 0.767500 0.729883 0.250000 0.140178
0 0.829294 0.785426 0.028588 0.020712
0 0.819850 0.718725 0.014700 0.011022
0 0.983925 0.610440 0.032850 0.040000
0 0.997794 0.583768 0.005587 0.009147
0 0.960394 0.577840 0.018288 0.025408
0 0.956237 0.505567 0.034975 0.023318
0 0.990725 0.415900 0.018950 0.014555
0 0.699712 0.268018 0.019425 0.014948
0 0.748600 0.137137 0.027200 0.013730
0 0.473475 0.113177 0.034450 0.018294
0 0.321381 0.100886 0.017763 0.012455
0 0.244031 0.093182 0.025562 0.015792
0 0.323181 0.226050 0.018863 0.011612
0 0.003681 0.148688 0.007362 0.012465
0 0.348181 0.354147 0.018863 0.016635
0 0.332212 0.390169 0.014425 0.009953
0 0.420675 0.450042 0.008850 0.015361
0 0.501231 0.323116 0.009962 0.014555
0 0.535044 0.332381 0.020088 0.008716
0 0.697738 0.349564 0.015475 0.018716
0 0.536094 0.368515 0.017188 0.011631
0 0.537206 0.381115 0.014412 0.016214
0 0.627475 0.488571 0.014950 0.009944
0 0.532625 0.575206 0.017750 0.010769
0 0.441519 0.568238 0.015537 0.013702
0 0.311112 0.631762 0.022225 0.017038
0 0.163194 0.855220 0.028887 0.014096
0 0.119587 0.564096 0.036675 0.039157
0 0.079325 0.556912 0.051150 0.037910
0 0.052656 0.455478 0.052812 0.022484
