0 0.056250 0.103561 0.035000 0.008435
0 0.250556 0.111528 0.036112 0.018744
0 0.372500 0.203425 0.037500 0.018847
0 0.505000 0.130792 0.052500 0.010412
0 0.992500 0.043112 0.012500 0.011246
0 0.420000 0.596532 0.010000 0.006560
0 0.989375 0.447516 0.018750 0.014058
0 0.435000 0.925961 0.030000 0.018744
0 0.608125 0.776476 0.031250 0.017807
0 0.366250 0.851921 0.020000 0.011246
0 0.818125 0.791471 0.018750 0.014058
0 0.498125 0.369728 0.118750 0.104030
0 0.273750 0.661668 0.117500 0.056232
0 0.586875 0.305530 0.051250 0.067479
0 0.172500 0.094189 0.087500 0.036551
0 0.751875 0.929241 0.046250 0.036551
0 0.667500 0.073102 0.137500 0.046860
0 0.840625 0.215089 0.141250 0.139644
0 0.241250 0.367385 0.020000 0.073102
1 0.913750 0.407948 0.172500 0.157976
1 0.970775 0.632085 0.059050 0.192006
1 0.175475 0.597301 0.230950 0.103693
0 0.498544 0.551790 0.019588 0.008922
0 0.575431 0.481673 0.015862 0.007395
0 0.575544 0.474883 0.031088 0.010684
0 0.498663 0.541500 0.047325 0.010834
0 0.558837 0.464916 0.060175 0.011368
0 0.635431 0.411167 0.015862 0.008838
0 0.438150 0.102957 0.033800 0.018472
0 0.327931 0.285717 0.015862 0.070965
1 0.193006 0.541879 0.193513 0.159672
1 0.169400 0.501888 0.118800 0.180909
1 0.061031 0.454588 0.122063 0.148163
0 0.045275 0.456256 0.090550 0.121509
0 0.020969 0.490094 0.041937 0.018613
0 0.021419 0.508964 0.042838 0.015117
0 0.103663 0.567610 0.014825 0.074302
1 0.838912 0.666785 0.010325 0.008360
1 0.836488 0.622118 0.225475 0.185192
0 0.757356 0.506462 0.009712 0.010112
