0 0.762500 0.691659 0.097500 0.061856
0 0.853750 0.298500 0.070000 0.060918
0 0.385000 0.405811 0.050000 0.037488
1 0.157500 0.599344 0.202500 0.231490
0 0.009375 0.265698 0.018750 0.034677
0 0.432500 0.169634 0.050000 0.035614
0 0.223125 0.258669 0.046250 0.035614
0 0.656875 0.211809 0.036250 0.033739
0 0.270625 0.351453 0.046250 0.035614
0 0.419375 0.381443 0.036250 0.035614
0 0.925000 0.532802 0.050000 0.036551
1 0.060000 0.391753 0.120000 0.224930
0 0.276250 0.233833 0.052500 0.044049
0 0.529375 0.240394 0.046250 0.032802
0 0.211250 0.339738 0.050000 0.057170
0 0.447500 0.361762 0.032500 0.035614
0 0.105000 0.254920 0.040000 0.033739
0 0.687500 0.405811 0.037500 0.031865
0 0.730000 0.486410 0.032500 0.026242
0 0.831875 0.476101 0.031250 0.026242
0 0.422500 0.203843 0.045000 0.036551
0 0.315625 0.252577 0.041250 0.030928
1 0.606875 0.651359 0.191250 0.224930
0 0.786875 0.532334 0.013750 0.013121
0 0.948750 0.818650 0.030000 0.029053
0 0.805625 0.810684 0.018750 0.020619
0 0.652500 0.157919 0.025000 0.017807
0 0.565625 0.124180 0.041250 0.012184
0 0.411250 0.870665 0.032500 0.022493
0 0.688125 0.810684 0.021250 0.020619
0 0.325000 0.809747 0.022500 0.016870
0 0.349375 0.836457 0.023750 0.017807
0 0.668125 0.799438 0.018750 0.020619
0 0.355000 0.781162 0.017500 0.014058
0 0.480000 0.823805 0.015000 0.013121
0 0.176250 0.808810 0.017500 0.011246
0 0.795625 0.107779 0.013750 0.007498
0 0.533750 0.573102 0.010000 0.008435
0 0.197500 0.675726 0.052500 0.048735
0 0.056250 0.480787 0.022500 0.011246
0 0.212500 0.359888 0.022500 0.016870
