0 0.743750 0.705248 0.092500 0.057170
0 0.871250 0.317713 0.065000 0.058107
0 0.393750 0.400187 0.047500 0.035614
1 0.150000 0.581068 0.182500 0.223055
0 0.021875 0.240862 0.038750 0.033739
0 0.463750 0.166823 0.047500 0.033739
0 0.245625 0.244611 0.043750 0.033739
0 0.683125 0.220244 0.033750 0.031865
0 0.284375 0.339269 0.043750 0.033739
0 0.430625 0.377694 0.033750 0.033739
0 0.920000 0.554358 0.047500 0.034677
1 0.060625 0.368322 0.121250 0.219306
0 0.301875 0.222587 0.048750 0.042174
0 0.553125 0.242268 0.043750 0.030928
0 0.227500 0.324742 0.045000 0.055295
0 0.461250 0.358950 0.030000 0.033739
0 0.128750 0.234770 0.037500 0.032802
0 0.696250 0.416120 0.035000 0.029991
0 0.731250 0.498594 0.030000 0.024367
0 0.833125 0.493908 0.028750 0.024367
0 0.451250 0.201031 0.042500 0.034677
0 0.338125 0.243205 0.038750 0.029053
1 0.592500 0.656514 0.172500 0.216495
0 0.783750 0.547798 0.012500 0.012184
0 0.918125 0.841143 0.028750 0.027179
0 0.775625 0.826148 0.016250 0.019681
0 0.684375 0.166354 0.023750 0.015933
0 0.601250 0.128866 0.040000 0.010309
0 0.377500 0.865979 0.030000 0.020619
0 0.659375 0.820525 0.018750 0.019681
0 0.296875 0.799906 0.021250 0.015933
0 0.318125 0.827554 0.021250 0.016870
0 0.639375 0.807404 0.016250 0.019681
0 0.329375 0.772259 0.016250 0.013121
0 0.450625 0.822399 0.013750 0.012184
0 0.148125 0.791471 0.016250 0.010309
0 0.831250 0.124180 0.012500 0.006560
0 0.526875 0.574508 0.008750 0.007498
0 0.181875 0.658857 0.048750 0.046860
0 0.058125 0.456888 0.021250 0.010309
0 0.225625 0.345361 0.021250 0.015933
