0 0.067500 0.319588 0.027500 0.022493
0 0.191875 0.219775 0.036250 0.021556
0 0.058750 0.231022 0.032500 0.017807
0 0.280625 0.262887 0.031250 0.015933
0 0.603750 0.142455 0.030000 0.028116
0 0.441250 0.306935 0.037500 0.025305
0 0.653750 0.271321 0.012500 0.010309
0 0.869375 0.154639 0.031250 0.033739
0 0.715625 0.167291 0.033750 0.023430
0 0.933750 0.135895 0.035000 0.028116
0 0.953750 0.201500 0.037500 0.028116
0 0.324344 0.392690 0.041188 0.037488
0 0.106875 0.365042 0.031250 0.027179
0 0.139375 0.349110 0.033750 0.027179
0 0.260625 0.620900 0.016250 0.010309
0 0.325000 0.600281 0.012500 0.012184
0 0.151250 0.490159 0.025000 0.011246
0 0.315000 0.504686 0.012500 0.008435
0 0.388125 0.580131 0.013750 0.009372
0 0.469375 0.644799 0.016250 0.014995
0 0.375000 0.696813 0.015000 0.010309
1 0.649363 0.453978 0.208725 0.169438
1 0.794362 0.486312 0.221225 0.172249
1 0.553744 0.595684 0.184987 0.141696
1 0.074575 0.682254 0.149150 0.119897
1 0.253981 0.780487 0.155463 0.119550
0 0.919375 0.400656 0.048750 0.047798
0 0.397212 0.432052 0.049425 0.046860
0 0.961875 0.433927 0.036250 0.035614
0 0.243750 0.452671 0.032500 0.048735
0 0.495750 0.798341 0.054000 0.057788
0 0.493125 0.390815 0.043750 0.041237
0 0.284375 0.465792 0.033750 0.050609
0 0.668981 0.798205 0.055462 0.057516
0 0.819831 0.576621 0.162162 0.011724
0 0.629750 0.449105 0.024500 0.032231
0 0.602269 0.458477 0.052038 0.039728
0 0.457794 0.640197 0.010588 0.009541
