0 0.865000 0.670572 0.035000 0.032802
0 0.902500 0.687441 0.030000 0.025305
0 0.438125 0.699157 0.041250 0.026242
0 0.402500 0.711809 0.037500 0.025305
0 0.456250 0.723524 0.030000 0.028116
0 0.986875 0.400187 0.016250 0.024367
0 0.690625 0.584817 0.023750 0.016870
0 0.983125 0.354733 0.016250 0.017807
0 0.640000 0.428304 0.040000 0.026242
0 0.525625 0.388004 0.033750 0.022493
0 0.599375 0.612933 0.021250 0.020619
0 0.432500 0.597938 0.022500 0.024367
0 0.407500 0.441893 0.015000 0.012184
0 0.503125 0.372071 0.038750 0.016870
0 0.510625 0.509372 0.028750 0.023430
0 0.486875 0.573571 0.031250 0.018744
0 0.570000 0.533271 0.025000 0.031865
0 0.535000 0.545455 0.027500 0.033739
0 0.351250 0.366917 0.017500 0.012184
0 0.618125 0.504217 0.011250 0.016870
0 0.429375 0.358482 0.018750 0.038425
0 0.234375 0.612465 0.031250 0.025305
0 0.305000 0.664480 0.050000 0.024367
0 0.111250 0.364574 0.035000 0.014995
0 0.241875 0.415183 0.018750 0.009372
0 0.916875 0.198688 0.016250 0.011246
0 0.548125 0.321462 0.063750 0.016870
0 0.566250 0.288660 0.025000 0.009372
0 0.405625 0.250234 0.021250 0.014995
0 0.187500 0.341143 0.020000 0.011246
0 0.040000 0.351453 0.080000 0.056232
0 0.776875 0.651828 0.058750 0.066542
0 0.257500 0.503749 0.075000 0.055295
0 0.968125 0.533739 0.063750 0.068416
0 0.808125 0.264761 0.121250 0.047798
0 0.156875 0.470009 0.076250 0.040300
0 0.341250 0.568416 0.065000 0.055295
0 0.625625 0.358482 0.046250 0.036551
0 0.291875 0.284442 0.081250 0.036551
0 0.571875 0.631209 0.043750 0.034677
0 0.972500 0.451734 0.055000 0.071228
0 0.674375 0.420806 0.046250 0.054358
0 0.187500 0.512652 0.067500 0.046860
0 0.305000 0.668229 0.050000 0.031865
0 0.249375 0.357545 0.038750 0.049672
0 0.213750 0.534208 0.067500 0.054358
0 0.116250 0.380037 0.050000 0.036551
0 0.928750 0.261012 0.050000 0.029053
0 0.406250 0.580600 0.060000 0.045923
0 0.780625 0.233833 0.073750 0.027179
0 0.191250 0.422212 0.072500 0.055295
0 0.445625 0.353327 0.026250 0.029991
0 0.589375 0.364105 0.066250 0.032802
0 0.325625 0.644799 0.043750 0.037488
1 0.565625 0.467198 0.223750 0.062793
0 0.591250 0.544049 0.020000 0.030928
0 0.610000 0.440019 0.027500 0.004686
0 0.605000 0.432521 0.040000 0.015933
0 0.495000 0.437676 0.040000 0.013121
0 0.477500 0.420806 0.057500 0.013121
0 0.480625 0.354733 0.063750 0.015933
0 0.573125 0.352858 0.061250 0.015933
0 0.715625 0.468604 0.061250 0.018744
0 0.969375 0.305998 0.021250 0.015933
0 0.995625 0.520150 0.008750 0.033739
1 0.675625 0.553889 0.148750 0.131209
0 0.312500 0.449391 0.007500 0.010309
1 0.377500 0.479381 0.147500 0.134021
1 0.328750 0.368322 0.135000 0.127460
0 0.229375 0.409560 0.016250 0.011246
0 0.011250 0.311621 0.022500 0.036551
0 0.129375 0.254452 0.006250 0.004686
0 0.382500 0.237582 0.010000 0.006560
