0 0.388125 0.061387 0.031250 0.014058
0 0.465000 0.180881 0.040000 0.022493
0 0.872500 0.294283 0.042500 0.024367
0 0.975625 0.365042 0.023750 0.027179
0 0.874375 0.208997 0.018750 0.014995
0 0.929375 0.139175 0.056250 0.021556
0 0.928750 0.151828 0.060000 0.024367
0 0.319375 0.380506 0.013750 0.009372
0 0.475625 0.643393 0.033750 0.025305
0 0.942500 0.494377 0.042500 0.019681
0 0.488125 0.712277 0.036250 0.028116
0 0.416875 0.784911 0.036250 0.030928
0 0.272500 0.880975 0.012500 0.009372
0 0.601250 0.888941 0.035000 0.030928
0 0.711250 0.544517 0.140000 0.084349
0 0.629375 0.620431 0.161250 0.084349
0 0.582500 0.578257 0.097500 0.054358
0 0.711875 0.553889 0.033750 0.022493
0 0.586875 0.579194 0.031250 0.022493
0 0.633750 0.625586 0.032500 0.025305
0 0.989375 0.365511 0.021250 0.028116
0 0.293750 0.184161 0.030000 0.040300
0 0.273125 0.181818 0.031250 0.043112
0 0.106875 0.450328 0.046250 0.038425
