0 0.083125 0.571228 0.026250 0.027179
0 0.176250 0.252577 0.027500 0.029053
0 0.255625 0.165417 0.033750 0.014058
0 0.063750 0.263824 0.017500 0.012184
0 0.366875 0.651359 0.011250 0.009372
0 0.693750 0.498594 0.030000 0.022493
0 0.430625 0.173383 0.021250 0.029991
0 0.721250 0.868322 0.035000 0.019681
0 0.782500 0.480319 0.032500 0.023430
0 0.886875 0.522962 0.036250 0.024367
0 0.989375 0.370197 0.021250 0.022493
0 0.529375 0.337863 0.096250 0.096532
0 0.641250 0.387067 0.092500 0.112465
0 0.592500 0.428772 0.060000 0.068416
0 0.541875 0.335520 0.026250 0.022493
0 0.593125 0.424555 0.026250 0.020619
0 0.646250 0.383786 0.030000 0.021556
0 0.255000 0.154639 0.035000 0.013121
0 0.111875 0.697751 0.051250 0.017807
0 0.111250 0.713683 0.055000 0.017807
0 0.489375 0.798969 0.046250 0.030928
