0 0.310000 0.177601 0.032500 0.030928
0 0.150000 0.227273 0.015000 0.010309
0 0.214375 0.262887 0.018750 0.014058
0 0.285625 0.222118 0.013750 0.011246
0 0.539375 0.156514 0.038750 0.035614
0 0.443750 0.137769 0.055000 0.022493
0 0.658125 0.289597 0.016250 0.011246
0 0.686250 0.136832 0.020000 0.009372
0 0.491250 0.242268 0.037500 0.034677
0 0.904375 0.212746 0.036250 0.033739
0 0.988750 0.165886 0.022500 0.011246
0 0.872500 0.353327 0.040000 0.031865
0 0.735000 0.219775 0.027500 0.021556
0 0.903125 0.276007 0.016250 0.008435
0 0.046875 0.518744 0.016250 0.012184
0 0.226250 0.560450 0.030000 0.022493
0 0.232500 0.624180 0.017500 0.016870
0 0.136250 0.485942 0.015000 0.012184
0 0.178125 0.502343 0.016250 0.013121
0 0.286875 0.412840 0.016250 0.012184
0 0.110625 0.424086 0.018750 0.012184
0 0.275625 0.626523 0.023750 0.019681
0 0.566875 0.471415 0.028750 0.020619
0 0.666250 0.453608 0.020000 0.011246
0 0.380625 0.402062 0.011250 0.013121
0 0.475625 0.559981 0.013750 0.012184
0 0.501875 0.555764 0.016250 0.011246
0 0.400000 0.367385 0.012500 0.011246
0 0.438125 0.658388 0.038750 0.017807
0 0.756250 0.541706 0.020000 0.013121
0 0.703125 0.548266 0.018750 0.013121
0 0.648750 0.651359 0.027500 0.014995
0 0.946875 0.501874 0.028750 0.014058
0 0.948125 0.491565 0.021250 0.012184
0 0.225625 0.686973 0.018750 0.022493
0 0.180625 0.764292 0.023750 0.023430
0 0.118125 0.818650 0.021250 0.015933
0 0.230625 0.786785 0.021250 0.015933
0 0.031875 0.692127 0.018750 0.014058
0 0.376250 0.689784 0.020000 0.014995
0 0.564375 0.855201 0.023750 0.015933
0 0.436875 0.742737 0.023750 0.017807
0 0.460625 0.677601 0.021250 0.011246
0 0.449375 0.667760 0.018750 0.014058
0 0.430000 0.670572 0.025000 0.014058
0 0.951250 0.733365 0.032500 0.034677
0 0.458750 0.331771 0.075000 0.052484
0 0.036875 0.414246 0.058750 0.054358
0 0.503125 0.295689 0.073750 0.047798
0 0.885625 0.677601 0.071250 0.037488
0 0.847500 0.796626 0.052500 0.033739
0 0.913125 0.716963 0.068750 0.037488
0 0.078750 0.368322 0.065000 0.063730
0 0.075000 0.262887 0.035000 0.029053
0 0.250625 0.337395 0.013750 0.011246
0 0.388750 0.402999 0.012500 0.011246
0 0.293750 0.422680 0.017500 0.009372
0 0.528125 0.449391 0.016250 0.012184
0 0.536250 0.446111 0.035000 0.016870
0 0.668125 0.445173 0.018750 0.011246
0 0.651875 0.538425 0.026250 0.012184
0 0.646250 0.626992 0.017500 0.014995
0 0.647500 0.641050 0.020000 0.013121
0 0.445000 0.694939 0.197500 0.117151
0 0.433125 0.705717 0.206250 0.121837
0 0.285625 0.586223 0.021250 0.015933
0 0.270000 0.597470 0.015000 0.015933
0 0.324375 0.614808 0.101250 0.059981
0 0.313750 0.623243 0.105000 0.063730
0 0.266875 0.541237 0.008750 0.010309
0 0.271250 0.545455 0.012500 0.013121
0 0.258750 0.552952 0.012500 0.014995
0 0.266250 0.556701 0.012500 0.013121
0 0.226250 0.529522 0.075000 0.046860
0 0.216875 0.537957 0.076250 0.050609
0 0.066875 0.355201 0.036250 0.028116
0 0.666875 0.839269 0.021250 0.012184
1 0.983125 0.479850 0.033750 0.028116
0 0.996875 0.304124 0.006250 0.006560
0 0.934375 0.187441 0.028750 0.013121
0 0.988750 0.159325 0.022500 0.009372
0 0.741875 0.223524 0.033750 0.019681
0 0.743125 0.226336 0.013750 0.008435
0 0.611250 0.165417 0.015000 0.008435
0 0.442500 0.142924 0.012500 0.006560
