0 0.230625 0.210872 0.031250 0.029991
0 0.086250 0.282568 0.015000 0.010309
0 0.160000 0.307873 0.017500 0.014058
0 0.218125 0.257732 0.013750 0.011246
0 0.451875 0.156982 0.036250 0.034677
0 0.353125 0.152765 0.053750 0.020619
0 0.601875 0.270853 0.016250 0.011246
0 0.590000 0.117619 0.020000 0.008435
0 0.425000 0.248360 0.035000 0.033739
0 0.824375 0.159794 0.033750 0.032802
0 0.898750 0.101687 0.030000 0.010309
0 0.827500 0.302249 0.037500 0.030928
0 0.659375 0.191190 0.026250 0.020619
0 0.839375 0.222587 0.016250 0.008435
0 0.059375 0.583411 0.016250 0.012184
0 0.246875 0.598875 0.028750 0.020619
0 0.268125 0.659794 0.016250 0.016870
0 0.140000 0.538425 0.015000 0.012184
0 0.185000 0.548266 0.015000 0.013121
0 0.268125 0.444705 0.016250 0.012184
0 0.099375 0.480787 0.018750 0.011246
0 0.312500 0.656982 0.022500 0.018744
0 0.558750 0.461575 0.027500 0.019681
0 0.651250 0.430647 0.020000 0.010309
0 0.358750 0.421275 0.010000 0.012184
0 0.490625 0.561856 0.013750 0.012184
0 0.515625 0.554827 0.016250 0.011246
0 0.368750 0.384255 0.012500 0.011246
0 0.480000 0.664480 0.037500 0.016870
0 0.762500 0.503749 0.020000 0.012184
0 0.711875 0.518744 0.018750 0.012184
0 0.685625 0.627460 0.026250 0.014058
0 0.939375 0.438613 0.028750 0.013121
0 0.936875 0.427366 0.021250 0.011246
0 0.277500 0.723524 0.017500 0.022493
0 0.253750 0.805061 0.022500 0.022493
0 0.206250 0.867854 0.020000 0.014995
0 0.308750 0.820056 0.020000 0.014995
0 0.089375 0.755389 0.018750 0.013121
0 0.426875 0.703374 0.018750 0.014058
0 0.653750 0.839738 0.022500 0.014995
0 0.500000 0.746954 0.022500 0.016870
0 0.506875 0.679944 0.021250 0.010309
0 0.493125 0.671978 0.018750 0.013121
0 0.475000 0.677601 0.025000 0.013121
0 0.993125 0.664480 0.013750 0.033739
0 0.416875 0.341143 0.071250 0.050609
0 0.025000 0.481724 0.050000 0.052484
0 0.451875 0.298500 0.071250 0.045923
0 0.924375 0.619494 0.068750 0.035614
0 0.916250 0.741799 0.050000 0.032802
0 0.961875 0.653702 0.066250 0.034677
0 0.053125 0.431115 0.061250 0.061856
0 0.023125 0.328022 0.033750 0.028116
0 0.213125 0.375820 0.013750 0.011246
0 0.366250 0.420806 0.012500 0.011246
0 0.277500 0.453140 0.017500 0.008435
0 0.514375 0.445642 0.016250 0.012184
0 0.521875 0.441893 0.033750 0.015933
0 0.650625 0.422212 0.018750 0.010309
0 0.658125 0.515464 0.026250 0.011246
0 0.675625 0.603561 0.016250 0.014995
0 0.680000 0.617151 0.020000 0.012184
0 0.495625 0.700094 0.191250 0.110590
0 0.486875 0.711340 0.198750 0.114339
0 0.311250 0.614808 0.020000 0.014995
0 0.298125 0.628397 0.013750 0.015933
0 0.356875 0.637301 0.098750 0.056232
0 0.348125 0.648547 0.101250 0.059981
0 0.281875 0.574508 0.008750 0.009372
0 0.286875 0.577320 0.011250 0.013121
0 0.276875 0.586692 0.011250 0.014995
0 0.284375 0.589503 0.011250 0.013121
0 0.238750 0.568885 0.072500 0.044986
0 0.231875 0.578257 0.073750 0.048735
0 0.037500 0.419400 0.035000 0.027179
0 0.749375 0.808810 0.021250 0.011246
1 0.974375 0.411434 0.041250 0.026242
0 0.975000 0.254452 0.007500 0.019681
0 0.972500 0.256795 0.012500 0.011246
0 0.960000 0.239456 0.012500 0.008435
0 0.941875 0.236645 0.011250 0.006560
0 0.948750 0.240394 0.015000 0.012184
0 0.846875 0.130740 0.028750 0.012184
0 0.896875 0.095595 0.026250 0.007498
0 0.667500 0.194002 0.032500 0.018744
0 0.669375 0.196345 0.013750 0.008435
0 0.525000 0.156045 0.015000 0.008435
0 0.351875 0.157919 0.011250 0.006560
