0 0.258125 0.196813 0.028750 0.028116
0 0.108125 0.261481 0.013750 0.009372
0 0.178125 0.290534 0.016250 0.013121
0 0.241250 0.243205 0.012500 0.010309
0 0.483125 0.155108 0.033750 0.032802
0 0.385000 0.145736 0.052500 0.017807
0 0.622500 0.276945 0.015000 0.010309
0 0.625625 0.122774 0.018750 0.007498
0 0.448750 0.244611 0.032500 0.031865
0 0.854375 0.177601 0.031250 0.030928
0 0.934375 0.123027 0.028750 0.008004
0 0.845000 0.320192 0.035000 0.029325
0 0.687800 0.200019 0.025600 0.019531
0 0.863750 0.240862 0.015000 0.007498
0 0.052500 0.559513 0.015000 0.011246
0 0.237500 0.585286 0.027500 0.019681
0 0.253750 0.647142 0.015000 0.015933
0 0.136875 0.519213 0.013750 0.011246
0 0.180625 0.531865 0.013750 0.012184
0 0.274056 0.432858 0.015612 0.010984
0 0.101250 0.459700 0.017500 0.010309
0 0.298125 0.646204 0.021250 0.017807
0 0.561875 0.464855 0.026250 0.018744
0 0.656875 0.438697 0.018750 0.009541
0 0.365662 0.413777 0.008825 0.012184
0 0.485000 0.561387 0.012500 0.011246
0 0.510000 0.555295 0.015000 0.010309
0 0.379606 0.377441 0.011712 0.010740
0 0.464269 0.662685 0.036038 0.015155
0 0.760337 0.517324 0.018175 0.011218
0 0.708731 0.529522 0.017463 0.011246
0 0.672588 0.636364 0.025175 0.013121
0 0.943750 0.461106 0.027500 0.011246
0 0.942500 0.450328 0.020000 0.010309
0 0.257500 0.710740 0.015000 0.021293
0 0.226250 0.791471 0.020000 0.021556
0 0.171875 0.851453 0.018750 0.014058
0 0.279375 0.809278 0.018750 0.014058
0 0.066250 0.733365 0.017500 0.012184
0 0.407500 0.699157 0.017500 0.013121
0 0.621875 0.846767 0.021250 0.014058
0 0.476875 0.746485 0.021250 0.015933
0 0.490000 0.679475 0.020000 0.009372
0 0.476356 0.670356 0.017712 0.011753
0 0.458075 0.675445 0.023650 0.012559
0 0.985000 0.690253 0.027500 0.032802
0 0.431250 0.336457 0.067500 0.046860
0 0.025625 0.456888 0.051250 0.049672
0 0.470000 0.296626 0.067500 0.042174
0 0.911875 0.641050 0.066250 0.031865
0 0.892500 0.762887 0.047500 0.029991
0 0.945625 0.677601 0.063750 0.031865
0 0.060413 0.407216 0.055825 0.059044
0 0.039325 0.303646 0.031150 0.026223
0 0.226087 0.361068 0.012175 0.009859
0 0.373144 0.413913 0.011287 0.010581
0 0.282856 0.441275 0.015713 0.007198
0 0.518950 0.446949 0.015400 0.011050
0 0.527300 0.442774 0.032100 0.013946
0 0.657406 0.429358 0.017312 0.009606
0 0.656425 0.523318 0.025350 0.010084
0 0.665187 0.612521 0.015375 0.014171
0 0.669294 0.626068 0.018587 0.011275
0 0.476381 0.699105 0.182763 0.101115
0 0.467256 0.709695 0.189513 0.105426
0 0.300394 0.604119 0.018288 0.014236
0 0.286094 0.616907 0.012188 0.015445
0 0.344069 0.629316 0.093138 0.051509
0 0.334106 0.639555 0.095712 0.055117
0 0.275256 0.562470 0.008013 0.009663
0 0.280313 0.566336 0.010625 0.011771
0 0.269806 0.574255 0.009613 0.014489
0 0.277631 0.577737 0.010263 0.012081
0 0.232956 0.554091 0.068413 0.041640
0 0.224688 0.563393 0.069375 0.045248
0 0.046538 0.396073 0.033075 0.025511
0 0.720044 0.821251 0.020088 0.009888
1 0.980394 0.435778 0.038288 0.024321
0 0.996831 0.279044 0.006162 0.020131
0 0.993356 0.281790 0.011712 0.010628
0 0.983044 0.263416 0.011087 0.007619
0 0.965425 0.259794 0.010850 0.005998
0 0.971975 0.263397 0.013950 0.011331
0 0.879687 0.149414 0.026875 0.010169
0 0.932875 0.116884 0.025750 0.006963
0 0.695731 0.203215 0.031463 0.016551
0 0.696525 0.205328 0.013050 0.007657
0 0.556650 0.158346 0.013300 0.007413
0 0.384469 0.150970 0.011437 0.005783
