0 0.339125 0.123215 0.058250 0.057113
1 0.468669 0.235703 0.212338 0.263346
0 0.718287 0.649822 0.064075 0.040037
0 0.316588 0.579128 0.043175 0.027985
0 0.270025 0.186457 0.075050 0.054264
1 0.222725 0.354967 0.082950 0.070759
1 0.600444 0.407216 0.303388 0.149016
0 0.366119 0.434672 0.072237 0.130825
1 0.115062 0.518833 0.077625 0.074217
0 0.299731 0.229817 0.049462 0.043515
1 0.411325 0.374142 0.097650 0.073496
0 0.873444 0.139349 0.031887 0.025651
1 0.106250 0.636364 0.087500 0.078725
1 0.818831 0.590708 0.080162 0.036148
1 0.706888 0.513730 0.278775 0.131490
0 0.920512 0.359663 0.023525 0.020169
0 0.168750 0.253983 0.035000 0.024367
0 0.346875 0.319119 0.026250 0.021556
0 0.537500 0.258669 0.015000 0.016870
0 0.910625 0.282568 0.031250 0.027179
0 0.956250 0.204780 0.032500 0.027179
0 0.975000 0.273664 0.025000 0.024367
0 0.805625 0.129920 0.023750 0.018041
0 0.683750 0.196345 0.015000 0.017807
0 0.247500 0.529991 0.027500 0.019681
0 0.185000 0.359419 0.025000 0.032802
0 0.308125 0.477038 0.018750 0.014995
0 0.151250 0.592315 0.022500 0.016870
0 0.181875 0.340206 0.018750 0.014995
0 0.106875 0.344892 0.036250 0.024367
0 0.395000 0.375820 0.020000 0.016870
0 0.986250 0.559513 0.027500 0.033739
0 0.888750 0.381912 0.025000 0.023430
0 0.896875 0.483599 0.023750 0.014995
0 0.900625 0.459231 0.023750 0.014995
0 0.085625 0.794283 0.028750 0.025305
0 0.151875 0.662296 0.028750 0.021874
0 0.112500 0.744142 0.030000 0.022493
0 0.866875 0.739925 0.011250 0.008435
0 0.481781 0.629035 0.013562 0.013458
1 0.109594 0.505061 0.061687 0.026054
1 0.059512 0.481626 0.054025 0.069157
1 0.062694 0.410759 0.052888 0.068004
1 0.531988 0.114039 0.101475 0.053758
1 0.752775 0.431120 0.035550 0.071237
0 0.041119 0.688449 0.029738 0.023571
0 0.063394 0.698880 0.019287 0.014442
1 0.050138 0.681907 0.052775 0.061097
1 0.095944 0.856143 0.049388 0.040309
0 0.935344 0.352006 0.025688 0.014227
0 0.601087 0.491223 0.012175 0.009625
