0 0.791250 0.811153 0.035000 0.034677
0 0.743750 0.796626 0.035000 0.029991
0 0.349375 0.763824 0.033750 0.029991
0 0.322500 0.672915 0.035000 0.028116
0 0.376250 0.819119 0.040000 0.026242
0 0.509375 0.698219 0.013750 0.011246
0 0.541875 0.677601 0.013750 0.011246
0 0.844375 0.532334 0.041250 0.026242
0 0.817500 0.371134 0.035000 0.043112
0 0.672500 0.592315 0.027500 0.033739
0 0.814375 0.480787 0.008750 0.011246
0 0.607500 0.611528 0.035000 0.040300
0 0.571875 0.368322 0.041250 0.026242
0 0.640000 0.640581 0.032500 0.029053
0 0.401250 0.438144 0.027500 0.021556
0 0.390000 0.626054 0.017500 0.014995
0 0.354375 0.435801 0.023750 0.020619
0 0.409375 0.619025 0.016250 0.014058
0 0.358125 0.383786 0.016250 0.015933
0 0.475625 0.545923 0.016250 0.008435
0 0.129375 0.399250 0.043750 0.029991
0 0.095625 0.372540 0.046250 0.029053
0 0.182500 0.420337 0.042500 0.029053
0 0.898750 0.333646 0.035000 0.024367
0 0.866250 0.224461 0.037500 0.027179
0 0.203125 0.272259 0.018750 0.014058
1 0.776250 0.455483 0.105000 0.084349
0 0.150000 0.611528 0.137500 0.070291
0 0.508750 0.600281 0.055000 0.042174
0 0.310000 0.394564 0.087500 0.054358
1 0.763125 0.330366 0.108750 0.094658
1 0.837500 0.401125 0.052500 0.041237
0 0.015000 0.814433 0.030000 0.116214
1 0.461875 0.206186 0.056250 0.048735
0 0.097500 0.909091 0.050000 0.039363
0 0.235625 0.428304 0.048750 0.035614
0 0.272500 0.353796 0.045000 0.032802
1 0.398750 0.156045 0.057500 0.053421
1 0.666250 0.199157 0.057500 0.049672
0 0.236250 0.378632 0.050000 0.033739
1 0.520000 0.452671 0.050000 0.043112
1 0.829375 0.560450 0.048750 0.035614
0 0.566875 0.721649 0.013750 0.013121
0 0.463750 0.712277 0.015000 0.029991
0 0.472500 0.713683 0.007500 0.021556
0 0.630000 0.727741 0.032500 0.029053
0 0.736875 0.446579 0.011250 0.008435
0 0.504375 0.383318 0.028750 0.011246
0 0.505000 0.373946 0.025000 0.016870
0 0.551875 0.335989 0.018750 0.012184
0 0.561875 0.327085 0.013750 0.014995
0 0.546875 0.325679 0.023750 0.017807
0 0.327500 0.365511 0.025000 0.009372
0 0.118125 0.348641 0.046250 0.031865
0 0.164375 0.400187 0.038750 0.028116
0 0.018750 0.427835 0.022500 0.010309
0 0.013750 0.436270 0.015000 0.008435
0 0.534375 0.481256 0.008750 0.014058
0 0.545625 0.473290 0.013750 0.029991
