0 0.256250 0.301781 0.032500 0.026242
0 0.606250 0.291940 0.022500 0.017807
0 0.487500 0.231959 0.020000 0.019681
0 0.531875 0.290534 0.023750 0.018744
0 0.711700 0.147010 0.033400 0.022231
0 0.778125 0.168697 0.046250 0.020619
0 0.971250 0.294752 0.032500 0.032802
0 0.301250 0.393158 0.040000 0.029053
0 0.328125 0.477976 0.008750 0.026242
0 0.382500 0.509841 0.042500 0.026242
0 0.348750 0.478913 0.032500 0.026242
0 0.415000 0.383318 0.022500 0.018744
0 0.840625 0.616682 0.018750 0.014995
0 0.911875 0.510778 0.021250 0.011246
0 0.381250 0.187441 0.120000 0.065604
1 0.545481 0.467399 0.238463 0.166289
0 0.639375 0.365042 0.073750 0.059044
0 0.154375 0.399250 0.091250 0.063730
0 0.626250 0.104967 0.065000 0.044986
0 0.941875 0.618346 0.058750 0.023946
0 0.355625 0.891284 0.066250 0.039363
0 0.256875 0.570291 0.058750 0.027179
0 0.331250 0.688847 0.080000 0.039363
0 0.417500 0.804124 0.042500 0.031865
0 0.407500 0.756326 0.047500 0.031865
0 0.705937 0.603679 0.029375 0.039597
0 0.443125 0.576148 0.053750 0.031396
1 0.077500 0.458763 0.155000 0.081537
0 0.249081 0.127577 0.038163 0.026476
0 0.143825 0.072174 0.042650 0.035633
0 0.078350 0.045286 0.064200 0.024967
0 0.518100 0.141813 0.033700 0.024958
0 0.848538 0.126888 0.032075 0.019475
0 0.902119 0.128580 0.061738 0.034105
0 0.964806 0.120309 0.029612 0.021312
0 0.992619 0.368946 0.015237 0.010619
1 0.957581 0.392498 0.085162 0.128950
1 0.967419 0.330530 0.064837 0.048126
0 0.692412 0.441556 0.022325 0.013383
0 0.566144 0.462826 0.007287 0.010937
0 0.723331 0.601129 0.014162 0.017629
0 0.677312 0.595450 0.029625 0.010019
0 0.685694 0.589742 0.008887 0.004227
0 0.470250 0.620131 0.045500 0.021893
0 0.449144 0.597858 0.050788 0.029831
0 0.335281 0.664241 0.045563 0.029513
1 0.016719 0.849007 0.033438 0.018538
0 0.680581 0.848744 0.018662 0.014264
0 0.721656 0.789405 0.015813 0.013674
0 0.763481 0.731476 0.019463 0.012156
0 0.782025 0.701162 0.019050 0.013383
0 0.734625 0.687910 0.011750 0.011246
0 0.609831 0.755426 0.012162 0.007573
0 0.611400 0.761485 0.020300 0.010319
0 0.808681 0.848618 0.019863 0.012137
0 0.940856 0.605258 0.029213 0.012765
