0 0.780000 0.236645 0.017500 0.012184
0 0.818750 0.489691 0.032500 0.014058
0 0.838125 0.718369 0.038750 0.019681
0 0.320000 0.743674 0.120000 0.070291
0 0.440625 0.479381 0.123750 0.066542
0 0.816250 0.363168 0.105000 0.053421
0 0.109375 0.365979 0.061250 0.051546
0 0.960000 0.547329 0.035000 0.033739
0 0.149794 0.392652 0.062088 0.048660
0 0.621544 0.641846 0.043088 0.022212
0 0.173544 0.508805 0.037088 0.014799
0 0.602062 0.517769 0.119125 0.064592
0 0.663675 0.492516 0.112350 0.074067
0 0.807850 0.520679 0.025700 0.014180
0 0.767975 0.400052 0.023450 0.016598
0 0.757831 0.394175 0.030663 0.010469
0 0.980256 0.386865 0.040512 0.035211
0 0.957656 0.400923 0.047813 0.027713
0 0.936600 0.748079 0.025700 0.013496
0 0.787400 0.703604 0.024800 0.014517
0 0.627856 0.654025 0.025712 0.012830
0 0.765925 0.828116 0.024350 0.014246
0 0.378856 0.702357 0.030213 0.013899
0 0.192350 0.521186 0.039700 0.015192
0 0.215800 0.521050 0.031600 0.014920
0 0.143581 0.413744 0.044662 0.015867
0 0.036150 0.692530 0.029800 0.022362
0 0.413481 0.815923 0.009463 0.006729
0 0.707506 0.734044 0.012512 0.006045
0 0.091256 0.835272 0.007513 0.007938
0 0.022656 0.238069 0.045312 0.013158
0 0.594044 0.266246 0.035588 0.009531
0 0.736031 0.254695 0.032063 0.008922
0 0.893850 0.245895 0.020200 0.013814
0 0.710694 0.192774 0.018887 0.012540
1 0.716831 0.213022 0.038663 0.023046
1 0.725556 0.211054 0.013613 0.013486
1 0.743950 0.229396 0.047900 0.022052
1 0.752337 0.236448 0.082175 0.023037
