0 0.138125 0.750703 0.023750 0.024367
0 0.067500 0.720712 0.022500 0.024367
0 0.104375 0.656514 0.018750 0.029053
0 0.044375 0.622306 0.023750 0.022493
0 0.136250 0.800375 0.015000 0.013121
0 0.191875 0.431115 0.041250 0.031865
0 0.254375 0.420337 0.041250 0.032802
0 0.066875 0.394096 0.038750 0.029053
0 0.024375 0.555764 0.038750 0.029991
0 0.253125 0.314433 0.041250 0.030928
0 0.093750 0.288660 0.040000 0.029991
0 0.255000 0.202905 0.032500 0.025305
0 0.176250 0.235708 0.022500 0.021556
0 0.528750 0.659794 0.037500 0.028116
0 0.320000 0.640581 0.042500 0.032802
0 0.568750 0.647610 0.045000 0.026242
0 0.544375 0.816776 0.016250 0.014058
0 0.290000 0.611059 0.042500 0.033739
0 0.435625 0.712277 0.016250 0.013121
0 0.504375 0.774133 0.016250 0.014995
0 0.440625 0.870197 0.016250 0.006560
0 0.481875 0.779288 0.046250 0.015933
0 0.268125 0.668229 0.016250 0.011246
0 0.418125 0.584817 0.043750 0.035614
0 0.464375 0.384724 0.033750 0.027179
0 0.602500 0.423618 0.022500 0.016870
0 0.400625 0.426898 0.018750 0.015933
0 0.381250 0.436739 0.015000 0.011246
0 0.571875 0.632146 0.041250 0.014058
0 0.480000 0.394096 0.012500 0.008435
0 0.522500 0.286317 0.035000 0.029053
0 0.383125 0.326617 0.043750 0.032802
0 0.495000 0.366448 0.040000 0.029991
0 0.460625 0.246017 0.026250 0.021556
0 0.430625 0.247891 0.031250 0.025305
0 0.740625 0.328960 0.026250 0.020619
0 0.746250 0.218838 0.020000 0.015933
0 0.715625 0.238988 0.028750 0.022493
0 0.446875 0.232427 0.016250 0.013121
0 0.587500 0.258201 0.015000 0.012184
0 0.705000 0.883318 0.017500 0.014058
0 0.710625 0.785380 0.021250 0.035614
0 0.824375 0.291003 0.026250 0.017807
0 0.847500 0.211809 0.017500 0.013121
0 0.720625 0.455014 0.068750 0.049672
0 0.498125 0.614808 0.066250 0.050609
0 0.294375 0.294752 0.058750 0.044049
0 0.226250 0.455951 0.060000 0.045923
0 0.454375 0.553889 0.061250 0.048735
0 0.075625 0.476101 0.058750 0.044986
0 0.145625 0.141987 0.058750 0.047798
0 0.766250 0.541706 0.047500 0.035614
1 0.497500 0.855201 0.182500 0.072165
1 0.627500 0.158388 0.060000 0.048735
1 0.528750 0.147142 0.195000 0.071228
0 0.505000 0.532334 0.045000 0.033739
1 0.454375 0.137769 0.056250 0.043112
0 0.114375 0.650422 0.011250 0.014995
0 0.470625 0.783505 0.023750 0.011246
0 0.415625 0.866917 0.018750 0.007498
0 0.410000 0.861293 0.027500 0.014995
1 0.611250 0.870197 0.087500 0.059044
0 0.381875 0.337395 0.006250 0.007498
0 0.485625 0.602624 0.008750 0.007498
0 0.468125 0.552952 0.008750 0.007498
0 0.388125 0.552952 0.011250 0.007498
