0 0.208125 0.259138 0.083750 0.053421
0 0.225625 0.411903 0.088750 0.055295
0 0.213750 0.453140 0.067500 0.057170
0 0.245625 0.504217 0.063750 0.046860
0 0.386250 0.292409 0.072500 0.052484
0 0.170000 0.560918 0.062500 0.044049
0 0.526250 0.373008 0.067500 0.050609
0 0.051250 0.188847 0.052500 0.038425
0 0.653750 0.535614 0.070000 0.055295
0 0.315000 0.450797 0.060000 0.050609
0 0.426250 0.370665 0.075000 0.042174
0 0.396875 0.449859 0.118750 0.103093
0 0.091250 0.564199 0.062500 0.044986
0 0.706250 0.642455 0.047500 0.038425
0 0.950625 0.539831 0.068750 0.046860
0 0.954375 0.572165 0.051250 0.049672
0 0.472500 0.173383 0.037500 0.028116
0 0.098125 0.283974 0.051250 0.029991
0 0.360000 0.421275 0.052500 0.032802
0 0.746250 0.707591 0.037500 0.031865
0 0.172500 0.767104 0.042500 0.032802
1 0.028125 0.314902 0.056250 0.074977
0 0.731250 0.295220 0.045000 0.033739
0 0.869375 0.246954 0.041250 0.032802
0 0.699375 0.304592 0.023750 0.050609
0 0.936250 0.379100 0.042500 0.032802
0 0.616875 0.213683 0.053750 0.014995
0 0.869375 0.432052 0.043750 0.039363
0 0.525625 0.324742 0.036250 0.032802
0 0.131875 0.531396 0.036250 0.028116
0 0.287500 0.317245 0.037500 0.023430
0 0.134375 0.190722 0.028750 0.021556
0 0.558125 0.201500 0.033750 0.020619
0 0.425000 0.219306 0.035000 0.020619
0 0.783125 0.271790 0.016250 0.013121
0 0.251875 0.615745 0.028750 0.020619
0 0.211875 0.617151 0.026250 0.019681
0 0.626250 0.482193 0.037500 0.017807
0 0.543125 0.605904 0.016250 0.012184
0 0.654375 0.498594 0.016250 0.011246
0 0.401250 0.610590 0.017500 0.012184
0 0.471250 0.553421 0.015000 0.012184
0 0.631875 0.504217 0.011250 0.009372
0 0.433125 0.446111 0.013750 0.013121
0 0.683750 0.505155 0.030000 0.024367
0 0.981250 0.475164 0.010000 0.013121
0 0.329375 0.759138 0.031250 0.024367
0 0.330000 0.788191 0.022500 0.018744
0 0.131250 0.800375 0.020000 0.014995
0 0.291250 0.702437 0.020000 0.015933
0 0.155625 0.861762 0.016250 0.012184
0 0.263750 0.783505 0.020000 0.013121
0 0.441250 0.694939 0.025000 0.019681
0 0.914375 0.669634 0.011250 0.008435
0 0.993125 0.683693 0.011250 0.012184
0 0.875000 0.427835 0.042500 0.045923
0 0.945000 0.365042 0.032500 0.030928
0 0.691875 0.307404 0.013750 0.041237
0 0.592500 0.257732 0.050000 0.044986
0 0.615625 0.202905 0.056250 0.015933
0 0.297500 0.493440 0.012500 0.014058
0 0.255000 0.645267 0.042500 0.030928
