0 0.196875 0.267573 0.086250 0.055295
0 0.221875 0.418932 0.091250 0.058107
0 0.212500 0.461106 0.070000 0.058107
0 0.246250 0.511246 0.065000 0.047798
0 0.377500 0.296157 0.075000 0.054358
0 0.173125 0.569822 0.063750 0.044986
0 0.520000 0.373008 0.070000 0.052484
0 0.037500 0.201031 0.055000 0.040300
0 0.655000 0.531865 0.072500 0.057170
0 0.313750 0.455951 0.062500 0.051546
0 0.420000 0.372540 0.077500 0.044049
0 0.395000 0.453140 0.122500 0.105904
0 0.094375 0.574977 0.063750 0.045923
0 0.712500 0.637301 0.050000 0.039363
0 0.952500 0.527648 0.070000 0.048735
0 0.958125 0.559981 0.053750 0.051546
0 0.456875 0.174789 0.038750 0.029053
0 0.088750 0.294283 0.052500 0.031865
0 0.355625 0.425023 0.053750 0.034677
0 0.755625 0.701500 0.038750 0.032802
0 0.184375 0.776007 0.043750 0.033739
1 0.024375 0.327554 0.048750 0.075914
0 0.721875 0.289128 0.046250 0.034677
0 0.856250 0.238051 0.042500 0.033739
0 0.690625 0.299906 0.026250 0.050609
0 0.930625 0.367385 0.043750 0.033739
0 0.603750 0.210872 0.055000 0.016870
0 0.865625 0.423149 0.046250 0.040300
0 0.517500 0.324274 0.037500 0.033739
0 0.133750 0.541237 0.037500 0.029053
0 0.279375 0.322399 0.038750 0.024367
0 0.120625 0.200094 0.028750 0.021556
0 0.543125 0.200094 0.033750 0.021556
0 0.412500 0.220712 0.035000 0.021556
0 0.772500 0.264761 0.017500 0.014058
0 0.256875 0.622306 0.028750 0.020619
0 0.216875 0.624649 0.026250 0.019681
0 0.625000 0.478913 0.037500 0.018744
0 0.548750 0.604499 0.017500 0.013121
0 0.655000 0.494377 0.017500 0.012184
0 0.406875 0.612933 0.018750 0.013121
0 0.474375 0.553889 0.016250 0.013121
0 0.632500 0.500000 0.012500 0.010309
0 0.431250 0.447516 0.015000 0.014058
0 0.684375 0.500000 0.031250 0.025305
0 0.979375 0.462512 0.011250 0.014058
0 0.342500 0.763355 0.032500 0.025305
0 0.343750 0.791940 0.022500 0.018744
0 0.145000 0.809747 0.020000 0.014995
0 0.301250 0.707123 0.020000 0.015933
0 0.172500 0.870665 0.017500 0.013121
0 0.276875 0.789128 0.021250 0.013121
0 0.450000 0.695876 0.025000 0.019681
0 0.921250 0.658857 0.012500 0.009372
0 0.997500 0.670103 0.005000 0.013121
0 0.871875 0.417994 0.043750 0.046860
0 0.938125 0.353327 0.033750 0.031865
0 0.682500 0.302249 0.015000 0.042174
0 0.580625 0.255858 0.051250 0.046860
0 0.602500 0.199625 0.057500 0.016870
0 0.297500 0.499531 0.012500 0.014995
0 0.261875 0.651359 0.043750 0.031865
