0 0.888750 0.251640 0.037500 0.032802
0 0.912500 0.276476 0.040000 0.028116
0 0.882500 0.174789 0.042500 0.027179
0 0.814375 0.215089 0.016250 0.012184
0 0.822500 0.166354 0.015000 0.012184
0 0.735000 0.421743 0.040000 0.024367
0 0.831250 0.514058 0.012500 0.019681
0 0.715625 0.638707 0.016250 0.008435
0 0.855625 0.559981 0.013750 0.010309
0 0.856250 0.551546 0.015000 0.010309
0 0.713750 0.647142 0.015000 0.010309
0 0.730625 0.783037 0.013750 0.010309
0 0.672500 0.317245 0.057500 0.023430
0 0.559375 0.155108 0.023750 0.019681
0 0.451250 0.448454 0.042500 0.029053
0 0.550000 0.382381 0.012500 0.013121
0 0.481875 0.494377 0.016250 0.008435
0 0.575000 0.652296 0.020000 0.014995
0 0.238125 0.812559 0.031250 0.020619
0 0.196250 0.401593 0.017500 0.015933
0 0.117500 0.552952 0.152500 0.112465
0 0.250625 0.467666 0.151250 0.112465
1 0.444375 0.199157 0.276250 0.150890
0 0.383125 0.670103 0.113750 0.073102
0 0.590000 0.388472 0.067500 0.025305
0 0.351250 0.786317 0.077500 0.071228
0 0.386250 0.234770 0.045000 0.034677
0 0.430625 0.404405 0.081250 0.023430
0 0.485000 0.473290 0.050000 0.037488
0 0.695625 0.326148 0.058750 0.031865
0 0.642500 0.461106 0.077500 0.041237
0 0.358125 0.743205 0.133750 0.159325
0 0.345000 0.606373 0.072500 0.059981
0 0.383750 0.377694 0.120000 0.028116
0 0.566875 0.187910 0.016250 0.017807
0 0.575000 0.368322 0.030000 0.026242
0 0.585625 0.364574 0.033750 0.029991
0 0.547500 0.628866 0.025000 0.020619
0 0.611875 0.695876 0.021250 0.010309
0 0.613750 0.688379 0.017500 0.008435
0 0.839375 0.515464 0.011250 0.014995
0 0.362500 0.641987 0.017500 0.014995
0 0.377500 0.642924 0.015000 0.013121
1 0.137500 0.116682 0.097500 0.049672
1 0.378125 0.119963 0.123750 0.022493
