0 0.142500 0.065604 0.020000 0.014995
0 0.125000 0.070291 0.020000 0.013121
0 0.546250 0.103093 0.042500 0.026242
0 0.788750 0.114808 0.035000 0.029053
0 0.515625 0.595127 0.016250 0.009372
0 0.398750 0.661813 0.020000 0.019035
0 0.982500 0.603093 0.030000 0.015933
0 0.936875 0.571228 0.028750 0.015933
0 0.067244 0.700239 0.026988 0.013411
0 0.506250 0.815839 0.050000 0.021556
0 0.856250 0.733833 0.017500 0.011246
0 0.676875 0.386598 0.086250 0.085286
0 0.773750 0.606373 0.062500 0.067479
0 0.135000 0.289597 0.180000 0.119963
0 0.592500 0.315370 0.060000 0.092784
0 0.395000 0.073571 0.077500 0.068416
0 0.306875 0.802249 0.086250 0.050609
0 0.365000 0.305061 0.052500 0.034677
0 0.530625 0.350515 0.066250 0.086223
0 0.428125 0.739925 0.066250 0.049672
0 0.803125 0.437676 0.048750 0.035614
0 0.844375 0.455014 0.051250 0.032802
0 0.271875 0.280694 0.041250 0.029053
0 0.690000 0.215558 0.047500 0.031865
0 0.045625 0.596064 0.048750 0.029991
0 0.567500 0.216026 0.040000 0.049672
0 0.019275 0.177395 0.038550 0.088622
0 0.050625 0.244142 0.076250 0.090909
0 0.845625 0.356607 0.046250 0.032802
1 0.978125 0.139175 0.043750 0.064667
0 0.336475 0.483650 0.015450 0.007601
0 0.074681 0.452910 0.016862 0.007976
0 0.059431 0.460380 0.026363 0.011668
0 0.126850 0.281373 0.013700 0.009794
0 0.218488 0.088627 0.009475 0.016054
0 0.874881 0.264297 0.059763 0.048744
0 0.935250 0.290534 0.058000 0.048735
0 0.993200 0.792310 0.013900 0.053224
0 0.475700 0.724231 0.023900 0.050150
0 0.475050 0.717413 0.015100 0.014021
0 0.022719 0.605895 0.045437 0.047779
