0 0.173125 0.052015 0.021250 0.015933
0 0.155625 0.056701 0.021250 0.014058
0 0.574375 0.105904 0.043750 0.028116
0 0.815000 0.126523 0.037500 0.029991
0 0.508750 0.595595 0.017500 0.010309
0 0.388125 0.657451 0.021250 0.019681
0 0.974375 0.622306 0.031250 0.016870
0 0.931250 0.588566 0.030000 0.016870
0 0.054375 0.682755 0.028750 0.014058
0 0.484375 0.815839 0.051250 0.023430
0 0.839375 0.747423 0.018750 0.012184
0 0.685000 0.393627 0.092500 0.088097
0 0.766250 0.617151 0.067500 0.070291
0 0.150625 0.276007 0.188750 0.126523
0 0.605625 0.319119 0.066250 0.094658
0 0.425000 0.070291 0.082500 0.071228
0 0.286250 0.794752 0.090000 0.054358
0 0.378750 0.300375 0.055000 0.036551
0 0.541250 0.351921 0.072500 0.089035
0 0.411250 0.736645 0.070000 0.052484
0 0.806875 0.449859 0.051250 0.037488
0 0.846875 0.469072 0.053750 0.034677
0 0.288125 0.272259 0.043750 0.030928
0 0.710000 0.223993 0.050000 0.033739
0 0.039375 0.578257 0.051250 0.031865
0 0.588125 0.218838 0.043750 0.051546
0 0.042500 0.159325 0.045000 0.089972
0 0.070000 0.226804 0.082500 0.093721
0 0.855625 0.370665 0.048750 0.034677
1 0.988750 0.157919 0.022500 0.066542
0 0.337500 0.477507 0.015000 0.008435
0 0.078125 0.435801 0.016250 0.009372
0 0.062500 0.443768 0.027500 0.012184
0 0.142500 0.267573 0.015000 0.010309
0 0.248125 0.079194 0.011250 0.015933
0 0.890625 0.280225 0.063750 0.050609
0 0.949375 0.308341 0.061250 0.050609
0 0.972500 0.811153 0.017500 0.053421
0 0.460000 0.723055 0.027500 0.051546
0 0.459375 0.716026 0.016250 0.014995
0 0.020000 0.587160 0.040000 0.049672
