0 0.163125 0.568416 0.073750 0.053421
0 0.816250 0.625586 0.087500 0.057170
0 0.931250 0.592315 0.070000 0.046860
0 0.285000 0.402062 0.055000 0.043112
0 0.471875 0.309747 0.056250 0.044049
0 0.978125 0.344892 0.028750 0.050609
0 0.475625 0.552015 0.053750 0.058107
0 0.627500 0.472821 0.055000 0.032802
0 0.957500 0.133083 0.037500 0.044986
0 0.658750 0.540769 0.052500 0.039363
0 0.746250 0.424086 0.055000 0.044049
0 0.181875 0.460637 0.038750 0.029053
0 0.797500 0.365042 0.055000 0.044049
0 0.935000 0.163074 0.050000 0.044986
0 0.162500 0.151828 0.042500 0.029991
0 0.455625 0.165886 0.046250 0.026242
0 0.215000 0.324274 0.060000 0.037488
0 0.932500 0.742268 0.080000 0.061856
1 0.612500 0.530459 0.257500 0.178069
0 0.800625 0.829428 0.063750 0.071228
0 0.218125 0.358482 0.061250 0.036551
0 0.318750 0.204780 0.030000 0.036551
0 0.466875 0.276945 0.048750 0.027179
0 0.215000 0.843486 0.027500 0.029991
0 0.279375 0.785848 0.031250 0.029053
0 0.146250 0.529991 0.015000 0.014058
0 0.165625 0.219306 0.026250 0.026242
0 0.350625 0.398782 0.026250 0.021556
0 0.542500 0.355201 0.017500 0.022493
0 0.640000 0.297563 0.025000 0.015933
0 0.638750 0.325679 0.020000 0.023430
0 0.524375 0.369728 0.018750 0.023430
0 0.325625 0.386598 0.026250 0.019681
0 0.770000 0.794283 0.027500 0.023430
0 0.784375 0.773664 0.033750 0.021556
0 0.781875 0.146204 0.021250 0.016870
0 0.816250 0.268510 0.020000 0.014058
0 0.320000 0.879100 0.010000 0.007498
0 0.152500 0.886598 0.015000 0.005623
