0 0.562500 0.758201 0.070000 0.054358
0 0.695000 0.276007 0.075000 0.064667
0 0.660625 0.186504 0.061250 0.052484
0 0.350625 0.652296 0.056250 0.041237
0 0.243750 0.504686 0.057500 0.042174
0 0.335625 0.116214 0.068750 0.046860
0 0.566875 0.522962 0.076250 0.039363
0 0.475000 0.402530 0.042500 0.040300
0 0.053750 0.120431 0.060000 0.040300
0 0.568125 0.385661 0.051250 0.038425
0 0.421250 0.310216 0.057500 0.041237
0 0.420000 0.735239 0.037500 0.029053
0 0.346250 0.267104 0.057500 0.041237
0 0.090625 0.146204 0.058750 0.037488
0 0.013750 0.721181 0.027500 0.030928
0 0.051875 0.504686 0.033750 0.034677
0 0.241250 0.698688 0.050000 0.044049
0 0.860625 0.198219 0.081250 0.059044
1 0.550625 0.419400 0.233750 0.190253
0 0.957500 0.303655 0.085000 0.046860
0 0.288125 0.699157 0.048750 0.044986
0 0.091875 0.609653 0.048750 0.021556
0 0.200000 0.505623 0.035000 0.036551
0 0.931250 0.743674 0.040000 0.019681
0 0.860625 0.689784 0.038750 0.022493
0 0.508750 0.768041 0.017500 0.010309
0 0.097500 0.725867 0.035000 0.019681
0 0.353125 0.603093 0.028750 0.019681
0 0.310625 0.455483 0.028750 0.013121
0 0.243125 0.377694 0.021250 0.018744
0 0.280625 0.382381 0.031250 0.014995
0 0.328750 0.470947 0.030000 0.014058
0 0.334375 0.620900 0.026250 0.019681
0 0.914375 0.324274 0.031250 0.020619
0 0.888125 0.311621 0.028750 0.025305
0 0.578125 0.086223 0.021250 0.016870
0 0.055000 0.259138 0.022500 0.015933
0 0.219375 0.244142 0.018750 0.014058
0 0.987500 0.667291 0.010000 0.007498
0 0.984375 0.793814 0.006250 0.011246
0 0.976250 0.098875 0.032500 0.017807
