0 0.677450 0.763988 0.149900 0.060309
1 0.873169 0.605750 0.138838 0.105595
0 0.189956 0.402057 0.052413 0.073093
0 0.866050 0.791710 0.102100 0.053899
1 0.885969 0.513083 0.136937 0.102081
0 0.115944 0.452690 0.044387 0.061893
0 0.969175 0.151579 0.038350 0.033243
0 0.049756 0.430722 0.042013 0.062943
0 0.790425 0.746012 0.103350 0.029981
0 0.380431 0.217029 0.043362 0.068547
0 0.274719 0.259574 0.064437 0.093655
1 0.402500 0.776148 0.112500 0.064011
0 0.081794 0.479672 0.043587 0.065248
1 0.510325 0.747587 0.120650 0.063121
1 0.867913 0.691106 0.138325 0.088866
0 0.266825 0.359836 0.036150 0.067376
0 0.341700 0.492062 0.045900 0.020675
0 0.298400 0.454133 0.031800 0.025417
0 0.340444 0.472971 0.093387 0.025604
0 0.808644 0.510061 0.032287 0.039803
0 0.461944 0.168716 0.048888 0.063768
0 0.582462 0.215829 0.029925 0.028660
0 0.510238 0.321068 0.035475 0.010459
0 0.440000 0.197751 0.012500 0.009372
0 0.924719 0.324100 0.014438 0.016523
0 0.911250 0.308810 0.017500 0.012184
0 0.866250 0.313964 0.020000 0.013121
0 0.853125 0.164480 0.018750 0.012184
0 0.821875 0.141050 0.021250 0.014058
0 0.799375 0.135426 0.018750 0.012184
0 0.268750 0.537020 0.015000 0.011246
0 0.155000 0.562793 0.015000 0.010309
0 0.163750 0.604030 0.012500 0.010309
0 0.306250 0.496720 0.012500 0.009372
0 0.240625 0.604967 0.006250 0.004686
0 0.395000 0.479381 0.020000 0.019681
0 0.568750 0.407216 0.027500 0.008435
0 0.592500 0.388941 0.017500 0.013121
0 0.561875 0.399250 0.016250 0.011246
0 0.590000 0.398782 0.035000 0.008435
0 0.833831 0.360647 0.017663 0.016514
0 0.840250 0.347184 0.018000 0.013955
0 0.685000 0.445173 0.015000 0.016870
0 0.863281 0.346293 0.021562 0.012174
0 0.856637 0.354733 0.020775 0.015933
0 0.870000 0.627929 0.017500 0.011246
0 0.886250 0.531865 0.017500 0.012184
0 0.287500 0.735239 0.017500 0.012184
0 0.407394 0.796846 0.022287 0.017310
0 0.471181 0.749246 0.024862 0.017704
0 0.600000 0.696345 0.022500 0.013121
0 0.600000 0.726804 0.027500 0.015933
0 0.596875 0.682287 0.013750 0.009372
0 0.606875 0.718369 0.016250 0.010309
0 0.361444 0.222601 0.007887 0.014086
0 0.480656 0.176504 0.011313 0.019363
0 0.677606 0.251734 0.032713 0.029241
0 0.913294 0.328210 0.011587 0.013496
0 0.847794 0.364564 0.010588 0.009353
0 0.826844 0.348290 0.008688 0.008669
0 0.870069 0.342966 0.012637 0.009269
0 0.838250 0.513932 0.046500 0.047545
0 0.849950 0.703055 0.017400 0.013421
0 0.321456 0.291209 0.015413 0.014470
0 0.525587 0.315103 0.033675 0.009775
0 0.522894 0.309049 0.028288 0.007038
0 0.548656 0.407024 0.007312 0.006176
