0 0.420625 0.251172 0.038750 0.031865
0 0.560000 0.285380 0.037500 0.032802
0 0.358750 0.338332 0.012500 0.007498
0 0.309375 0.537020 0.028750 0.016870
0 0.168125 0.690722 0.033750 0.014995
0 0.085625 0.658388 0.021250 0.014058
0 0.057500 0.538894 0.042500 0.026242
0 0.306250 0.464855 0.035000 0.014995
0 0.230625 0.501406 0.056250 0.028116
0 0.156250 0.544517 0.017500 0.009372
0 0.272500 0.431584 0.017500 0.008435
0 0.273750 0.436739 0.017500 0.009372
0 0.086875 0.669166 0.021250 0.009372
0 0.323125 0.605904 0.058750 0.021556
0 0.180000 0.554827 0.010000 0.007498
0 0.523125 0.438613 0.033750 0.026242
0 0.596875 0.335052 0.021250 0.017807
0 0.617500 0.613871 0.047500 0.024367
0 0.343750 0.360825 0.025000 0.018744
0 0.366250 0.456420 0.027500 0.018744
0 0.461875 0.367385 0.016250 0.009372
0 0.336250 0.450797 0.082500 0.020619
0 0.498750 0.542174 0.010000 0.006560
0 0.456250 0.497657 0.007500 0.007498
0 0.948125 0.293346 0.041250 0.031865
0 0.868750 0.398782 0.040000 0.027179
0 0.705625 0.618088 0.033750 0.025305
0 0.309375 0.869728 0.018750 0.014995
0 0.451875 0.702437 0.016250 0.012184
0 0.848125 0.686504 0.018750 0.014058
0 0.790000 0.715558 0.017500 0.014058
0 0.798125 0.642924 0.018750 0.013121
0 0.944375 0.651828 0.021250 0.014058
0 0.862500 0.633083 0.052500 0.025305
0 0.840625 0.760544 0.018750 0.014058
0 0.718750 0.669634 0.017500 0.014058
0 0.807500 0.762418 0.017500 0.015933
0 0.853125 0.214152 0.073750 0.057170
0 0.555625 0.492971 0.088750 0.089972
0 0.509375 0.631209 0.101250 0.045923
0 0.075625 0.778819 0.061250 0.041237
0 0.306875 0.625117 0.063750 0.033739
0 0.912500 0.576851 0.062500 0.029053
1 0.742500 0.518744 0.065000 0.072165
1 0.693125 0.422212 0.061250 0.072165
0 0.734375 0.417057 0.053750 0.069353
0 0.666875 0.722587 0.043750 0.037488
0 0.626250 0.529991 0.072500 0.051546
0 0.586250 0.596064 0.052500 0.037488
0 0.722500 0.595127 0.070000 0.050609
1 0.786250 0.450328 0.067500 0.072165
0 0.783750 0.514995 0.055000 0.059044
0 0.041875 0.490159 0.043750 0.035614
0 0.825625 0.445173 0.053750 0.065604
1 0.809375 0.335520 0.083750 0.065604
0 0.368125 0.599813 0.158750 0.035614
0 0.818750 0.355201 0.057500 0.044986
0 0.075625 0.843486 0.038750 0.037488
0 0.442500 0.612933 0.085000 0.018744
0 0.921250 0.521556 0.100000 0.040300
0 0.351250 0.520619 0.085000 0.015933
0 0.489375 0.269447 0.043750 0.030928
0 0.463125 0.374414 0.016250 0.008435
0 0.467500 0.377226 0.010000 0.006560
0 0.436250 0.392690 0.017500 0.007498
0 0.438125 0.398782 0.013750 0.006560
0 0.443125 0.403468 0.011250 0.006560
0 0.363750 0.347704 0.015000 0.007498
0 0.291875 0.338332 0.013750 0.007498
0 0.162500 0.306935 0.035000 0.015933
0 0.161875 0.299906 0.038750 0.016870
0 0.008125 0.395970 0.016250 0.014058
0 0.005625 0.387067 0.011250 0.009372
0 0.241250 0.417526 0.012500 0.006560
0 0.339375 0.511246 0.046250 0.015933
0 0.156250 0.551546 0.017500 0.008435
0 0.188125 0.559981 0.013750 0.008435
0 0.188125 0.566073 0.016250 0.007498
1 0.926250 0.483130 0.147500 0.100281
1 0.910000 0.445173 0.180000 0.170572
0 0.510625 0.620431 0.016250 0.007498
0 0.458125 0.600750 0.051250 0.014995
0 0.326875 0.757263 0.011250 0.009372
