0 0.466875 0.245080 0.033750 0.029053
0 0.598750 0.293346 0.032500 0.029991
0 0.389375 0.324742 0.011250 0.006560
0 0.304375 0.515933 0.026250 0.014058
0 0.136250 0.654171 0.032500 0.011246
0 0.059375 0.613402 0.018750 0.012184
0 0.054244 0.492034 0.038488 0.022493
0 0.314375 0.445173 0.033750 0.011246
0 0.232581 0.473440 0.052663 0.022793
0 0.150625 0.507966 0.016250 0.007498
0 0.286875 0.408154 0.016250 0.006560
0 0.286875 0.413308 0.016250 0.007498
0 0.058750 0.624180 0.020000 0.007498
0 0.304375 0.586223 0.056250 0.015933
0 0.173125 0.520619 0.008750 0.006560
0 0.533750 0.440956 0.030000 0.023430
0 0.626875 0.346298 0.018750 0.015933
0 0.594375 0.624649 0.043750 0.019681
0 0.371250 0.345829 0.022500 0.016870
0 0.375000 0.442830 0.025000 0.015933
0 0.486250 0.364574 0.015000 0.007498
0 0.346969 0.434396 0.081438 0.012184
0 0.490625 0.541706 0.008750 0.005623
0 0.456875 0.492502 0.006250 0.006560
0 0.981875 0.341115 0.036250 0.028060
0 0.883125 0.438144 0.036250 0.023430
0 0.681250 0.638238 0.030000 0.022493
0 0.243125 0.846298 0.016250 0.013121
0 0.414375 0.695408 0.013750 0.011246
0 0.809375 0.720244 0.016250 0.012184
0 0.747500 0.742737 0.015000 0.012184
0 0.768125 0.671978 0.016250 0.011246
0 0.911875 0.696813 0.018750 0.012184
0 0.834375 0.669306 0.048750 0.020900
0 0.983125 0.854733 0.018750 0.013121
0 0.789375 0.792512 0.016250 0.012390
0 0.685000 0.690253 0.015000 0.012184
0 0.756250 0.791471 0.015000 0.014058
0 0.986250 0.868791 0.010000 0.011246
0 0.902500 0.253046 0.065000 0.050609
0 0.555625 0.498126 0.073750 0.083411
0 0.485000 0.630272 0.095000 0.036551
0 0.027500 0.731022 0.055000 0.035614
0 0.285625 0.603561 0.058750 0.028116
0 0.894375 0.618191 0.058750 0.023636
1 0.736012 0.543580 0.052025 0.067479
1 0.705506 0.442366 0.048513 0.067488
0 0.747500 0.442362 0.042500 0.065604
0 0.623519 0.737404 0.037038 0.033383
0 0.618750 0.542643 0.065000 0.044986
0 0.566875 0.604030 0.046250 0.032802
0 0.702500 0.617151 0.062500 0.044049
1 0.791131 0.480876 0.054763 0.067657
0 0.777375 0.544255 0.044750 0.055708
0 0.048125 0.442362 0.038750 0.031865
0 0.832500 0.479850 0.042500 0.061856
1 0.837131 0.369189 0.074262 0.057966
0 0.350625 0.584349 0.156250 0.019681
0 0.842500 0.389410 0.050000 0.040300
0 0.016119 0.795426 0.032238 0.035089
0 0.421969 0.605872 0.083938 0.010244
0 0.912769 0.564770 0.095538 0.031134
0 0.348919 0.504007 0.085337 0.007076
0 0.531931 0.269405 0.038863 0.027095
0 0.486031 0.371678 0.014563 0.006710
0 0.490444 0.374869 0.008387 0.005595
0 0.456650 0.386963 0.015800 0.005417
0 0.456294 0.393524 0.012587 0.005417
0 0.461063 0.397366 0.009625 0.005604
0 0.393288 0.334096 0.014075 0.006523
0 0.323919 0.317409 0.012837 0.006888
0 0.201563 0.273571 0.033125 0.012933
0 0.202031 0.266382 0.036562 0.013552
0 0.027725 0.345122 0.025450 0.011706
0 0.028537 0.336429 0.014575 0.007441
0 0.259300 0.391607 0.011100 0.005333
0 0.337475 0.494142 0.044950 0.011715
0 0.150650 0.514794 0.016300 0.006157
0 0.179800 0.525754 0.012100 0.007460
0 0.178531 0.532324 0.014563 0.005604
1 0.929663 0.528561 0.141825 0.086176
1 0.920569 0.488454 0.158637 0.155914
0 0.488919 0.620436 0.015337 0.005633
0 0.439925 0.595740 0.049850 0.010600
0 0.279944 0.736003 0.009888 0.008088
