0 0.485625 0.756326 0.038750 0.031865
0 0.363750 0.694939 0.037500 0.032802
0 0.577500 0.685098 0.012500 0.007498
0 0.696875 0.504217 0.028750 0.016870
0 0.889375 0.385192 0.033750 0.014995
0 0.958125 0.433458 0.021250 0.014058
0 0.940000 0.554827 0.042500 0.026242
0 0.673750 0.573571 0.035000 0.014995
0 0.760625 0.554827 0.056250 0.028116
0 0.847500 0.528585 0.017500 0.009372
0 0.693750 0.613402 0.017500 0.008435
0 0.695000 0.608247 0.017500 0.009372
0 0.960625 0.423618 0.021250 0.009372
0 0.710625 0.435333 0.058750 0.021556
0 0.827500 0.513590 0.010000 0.007498
0 0.455625 0.554827 0.033750 0.026242
0 0.345625 0.639644 0.021250 0.017807
0 0.430000 0.367385 0.047500 0.024367
0 0.598750 0.666354 0.025000 0.018744
0 0.613750 0.569822 0.027500 0.018744
0 0.489375 0.635426 0.016250 0.009372
0 0.640000 0.581068 0.082500 0.020619
0 0.517500 0.459700 0.010000 0.006560
0 0.541250 0.511715 0.007500 0.007498
0 0.006875 0.606373 0.013750 0.031865
0 0.110000 0.521556 0.040000 0.027179
0 0.346875 0.344424 0.033750 0.025305
0 0.819375 0.184630 0.018750 0.014995
0 0.621875 0.315370 0.016250 0.012184
0 0.234375 0.249766 0.018750 0.014058
0 0.301250 0.233833 0.017500 0.014058
0 0.266875 0.301781 0.018750 0.013121
0 0.129375 0.261949 0.021250 0.014058
0 0.200000 0.297563 0.052500 0.025305
0 0.088125 0.098407 0.021250 0.014995
0 0.268125 0.180412 0.018750 0.014058
0 0.352500 0.292877 0.017500 0.014058
0 0.301250 0.185098 0.017500 0.015933
0 0.087500 0.083880 0.012500 0.012184
0 0.055625 0.702437 0.073750 0.057170
0 0.444375 0.496720 0.088750 0.089972
0 0.539375 0.372540 0.101250 0.045923
0 0.990000 0.319588 0.020000 0.041237
0 0.731875 0.419869 0.063750 0.033739
0 0.131250 0.341612 0.062500 0.029053
1 0.275000 0.432521 0.065000 0.072165
1 0.286875 0.535614 0.061250 0.072165
0 0.244375 0.531396 0.053750 0.069353
0 0.421875 0.252109 0.043750 0.037488
0 0.391250 0.445642 0.072500 0.051546
0 0.453750 0.389878 0.052500 0.037488
0 0.321250 0.362699 0.070000 0.050609
1 0.207500 0.488754 0.067500 0.072165
0 0.233750 0.427835 0.055000 0.059044
0 0.936875 0.604499 0.043750 0.035614
0 0.166875 0.485473 0.053750 0.065604
1 0.141875 0.594189 0.083750 0.065604
0 0.664375 0.432052 0.158750 0.035614
0 0.140000 0.573571 0.057500 0.044986
0 0.597500 0.403936 0.085000 0.018744
0 0.103750 0.393158 0.100000 0.040300
0 0.651250 0.512184 0.085000 0.015933
0 0.425625 0.724930 0.043750 0.030928
0 0.490625 0.628397 0.016250 0.008435
0 0.486250 0.624649 0.010000 0.006560
0 0.522500 0.616682 0.017500 0.007498
0 0.523125 0.610590 0.013750 0.006560
0 0.519375 0.605904 0.011250 0.006560
0 0.575000 0.674789 0.015000 0.007498
0 0.641875 0.699157 0.013750 0.007498
0 0.753750 0.755858 0.035000 0.015933
0 0.751875 0.761949 0.038750 0.016870
0 0.939375 0.702437 0.026250 0.014058
0 0.936875 0.711340 0.016250 0.009372
0 0.718750 0.633083 0.012500 0.006560
0 0.659375 0.522493 0.046250 0.015933
0 0.850000 0.522493 0.017500 0.008435
0 0.821875 0.507498 0.013750 0.008435
0 0.825625 0.501406 0.016250 0.007498
1 0.080625 0.427835 0.156250 0.100281
1 0.087500 0.466729 0.175000 0.170572
0 0.534375 0.382381 0.016250 0.007498
0 0.576875 0.411434 0.051250 0.014995
0 0.761875 0.289597 0.011250 0.009372
