0 0.009375 0.205717 0.018750 0.036551
0 0.978750 0.316776 0.030000 0.016870
0 0.958125 0.221181 0.028750 0.016870
0 0.952500 0.150890 0.012500 0.014995
0 0.770625 0.124649 0.008750 0.007498
0 0.630625 0.477976 0.031250 0.018744
0 0.342137 0.418693 0.026775 0.012643
0 0.737500 0.333594 0.030000 0.020515
0 0.825625 0.558107 0.023750 0.029053
0 0.786875 0.585754 0.031250 0.020619
0 0.936875 0.351453 0.026250 0.014995
0 0.799375 0.410028 0.026250 0.015933
0 0.810625 0.506092 0.021250 0.013121
0 0.677500 0.410965 0.022500 0.047798
0 0.848125 0.519213 0.028750 0.013121
0 0.959375 0.362699 0.021250 0.013121
0 0.876250 0.347104 0.045000 0.013796
0 0.078750 0.800843 0.025000 0.010309
0 0.191250 0.752109 0.020000 0.010309
0 0.489375 0.798838 0.013750 0.008172
0 0.794375 0.748828 0.028750 0.022493
0 0.800000 0.881879 0.020000 0.013055
0 0.838750 0.856607 0.017500 0.013121
0 0.849375 0.696345 0.021250 0.013121
0 0.829375 0.668046 0.018750 0.018379
0 0.753125 0.666481 0.026250 0.018997
0 0.343125 0.854264 0.141250 0.089035
0 0.643750 0.730084 0.067500 0.043112
0 0.473750 0.326148 0.085000 0.071228
0 0.615625 0.121837 0.076250 0.063730
0 0.236250 0.261949 0.077500 0.090909
0 0.035625 0.433458 0.071250 0.070291
0 0.381250 0.127929 0.067500 0.057170
0 0.930625 0.597938 0.076250 0.052484
0 0.434937 0.625586 0.049875 0.044049
0 0.655625 0.412371 0.063750 0.048735
0 0.231250 0.437207 0.047500 0.044049
0 0.044375 0.329897 0.088750 0.050609
0 0.896875 0.173383 0.041250 0.033739
0 0.255625 0.512652 0.093750 0.043112
0 0.086875 0.364574 0.061250 0.048735
0 0.505625 0.190253 0.038750 0.033739
0 0.093125 0.575914 0.053750 0.036551
0 0.924762 0.636589 0.092025 0.041687
0 0.118125 0.165886 0.041250 0.037488
0 0.168750 0.205717 0.045000 0.030928
0 0.575625 0.512184 0.051250 0.070291
0 0.526250 0.536082 0.067500 0.067479
0 0.946875 0.134489 0.076250 0.015933
0 0.083125 0.107310 0.061250 0.021556
0 0.202500 0.480319 0.080000 0.032802
0 0.985625 0.582474 0.028750 0.055295
0 0.472700 0.592413 0.020400 0.009569
0 0.295744 0.563449 0.018988 0.013496
0 0.461094 0.470815 0.014687 0.008172
0 0.247081 0.488383 0.026662 0.017067
0 0.161156 0.458529 0.032313 0.011715
0 0.065150 0.559564 0.022800 0.011350
0 0.036588 0.573308 0.015675 0.008847
0 0.415787 0.295759 0.036575 0.029194
0 0.337950 0.409306 0.020900 0.008866
0 0.487162 0.372085 0.031825 0.013149
0 0.508656 0.363163 0.022313 0.010300
0 0.778694 0.299827 0.039887 0.031706
0 0.882206 0.335806 0.029413 0.009944
0 0.919169 0.374944 0.030838 0.011368
0 0.920531 0.385698 0.036063 0.010384
0 0.962950 0.463683 0.073400 0.053889
0 0.963550 0.486917 0.064600 0.025380
0 0.609656 0.771050 0.139313 0.048191
0 0.622394 0.800947 0.139788 0.085492
0 0.435213 0.613486 0.010425 0.006729
0 0.652425 0.218276 0.034850 0.005436
0 0.640238 0.227020 0.057975 0.017301
