0 0.754375 0.746929 0.021250 0.016380
0 0.531250 0.799754 0.040000 0.020475
0 0.408750 0.846028 0.020000 0.013104
0 0.103750 0.850942 0.015000 0.011466
0 0.184375 0.868550 0.018750 0.009009
0 0.133750 0.837428 0.027500 0.010647
0 0.091875 0.795659 0.011250 0.017199
0 0.234375 0.898853 0.023750 0.009009
0 0.011250 0.795250 0.017500 0.024570
0 0.140000 0.846028 0.020000 0.008190
0 0.714375 0.445536 0.038750 0.014742
0 0.750000 0.588043 0.020000 0.013104
0 0.490625 0.518018 0.036250 0.017199
0 0.614375 0.389844 0.043750 0.019656
0 0.653125 0.347256 0.036250 0.016380
0 0.443750 0.434480 0.032500 0.015561
0 0.556875 0.360360 0.033750 0.014742
0 0.512500 0.616708 0.030000 0.014742
0 0.481875 0.394349 0.038750 0.012285
0 0.448125 0.502457 0.033750 0.015561
0 0.291875 0.472154 0.033750 0.018837
0 0.286875 0.404996 0.026250 0.012285
0 0.043750 0.531532 0.015000 0.016380
0 0.094375 0.374283 0.013750 0.011466
0 0.111875 0.495905 0.021250 0.013923
0 0.093750 0.421785 0.012500 0.008190
0 0.108125 0.621622 0.016250 0.016380
0 0.236875 0.534808 0.026250 0.013104
0 0.095000 0.338657 0.012500 0.009009
0 0.109375 0.579034 0.016250 0.013104
0 0.110000 0.555283 0.017500 0.013104
0 0.583750 0.248157 0.042500 0.022932
0 0.433125 0.196970 0.041250 0.020475
0 0.606875 0.297297 0.041250 0.016380
0 0.398750 0.280917 0.037500 0.014742
0 0.419375 0.303440 0.033750 0.017199
0 0.581250 0.329648 0.037500 0.017199
0 0.458125 0.300164 0.021250 0.010647
0 0.339375 0.211302 0.036250 0.022932
0 0.666875 0.136773 0.038750 0.021294
0 0.153125 0.105242 0.041250 0.023751
0 0.028125 0.246110 0.011250 0.007371
0 0.864375 0.921376 0.103750 0.099918
0 0.687500 0.193694 0.050000 0.022113
0 0.906250 0.418919 0.105000 0.100737
0 0.973125 0.807125 0.053750 0.097461
0 0.801250 0.525799 0.020000 0.022932
0 0.952500 0.722768 0.095000 0.059787
0 0.450625 0.864046 0.038750 0.021294
0 0.378125 0.920966 0.036250 0.020475
0 0.282500 0.914005 0.040000 0.013104
0 0.386875 0.817772 0.016250 0.010647
0 0.272500 0.162572 0.027500 0.012285
0 0.238750 0.083129 0.047500 0.020475
0 0.093750 0.362817 0.010000 0.009828
0 0.110625 0.398853 0.013750 0.011466
0 0.093750 0.463554 0.015000 0.018018
