0 0.245675 0.253071 0.021350 0.016380
0 0.468750 0.200246 0.040000 0.020475
0 0.591250 0.153972 0.020000 0.013104
0 0.896250 0.149058 0.015000 0.011466
0 0.815875 0.132068 0.019250 0.008608
0 0.866250 0.162572 0.027500 0.010647
0 0.908125 0.204341 0.011250 0.017199
0 0.765525 0.101057 0.023550 0.008829
0 0.988750 0.204750 0.017500 0.024570
0 0.860275 0.154136 0.020550 0.008518
0 0.285625 0.554464 0.038750 0.014742
0 0.250000 0.411957 0.020000 0.013104
0 0.509375 0.481982 0.036250 0.017199
0 0.385625 0.610156 0.043750 0.019656
0 0.346625 0.652744 0.035750 0.016380
0 0.556250 0.565520 0.032500 0.015561
0 0.443125 0.639640 0.033750 0.014742
0 0.487500 0.383292 0.030000 0.014742
0 0.518125 0.605651 0.038750 0.012285
0 0.551875 0.497543 0.033750 0.015561
0 0.708125 0.527846 0.033750 0.018837
0 0.713125 0.595004 0.026250 0.012285
0 0.956250 0.468468 0.015000 0.016380
0 0.905625 0.625717 0.013750 0.011466
0 0.888125 0.504095 0.021250 0.013923
0 0.906250 0.578346 0.012500 0.008452
0 0.891875 0.378378 0.016250 0.016380
0 0.763125 0.465192 0.026250 0.013104
0 0.905000 0.661343 0.012500 0.009009
0 0.890625 0.420966 0.016250 0.013104
0 0.890000 0.444717 0.017500 0.013104
0 0.416250 0.751843 0.042500 0.022932
0 0.566875 0.803030 0.041250 0.020475
0 0.393125 0.702703 0.041250 0.016380
0 0.601250 0.719083 0.037500 0.014742
0 0.580625 0.696560 0.033750 0.017199
0 0.418750 0.670455 0.037500 0.017404
0 0.541875 0.699836 0.021250 0.010647
0 0.660606 0.788698 0.036213 0.022932
0 0.333188 0.863227 0.038875 0.021294
0 0.846875 0.894758 0.041250 0.023751
0 0.971875 0.753890 0.011250 0.007371
0 0.135625 0.078624 0.103750 0.099918
0 0.312500 0.806306 0.050000 0.022113
0 0.093750 0.581081 0.105000 0.100737
0 0.026875 0.192965 0.053750 0.097641
0 0.199737 0.474279 0.019475 0.023088
0 0.047594 0.277215 0.095188 0.059754
0 0.550400 0.135954 0.038300 0.021294
0 0.621600 0.079013 0.035700 0.020434
0 0.717631 0.086073 0.040262 0.013260
0 0.613425 0.182203 0.016850 0.010598
0 0.727700 0.838260 0.027900 0.012310
0 0.762463 0.917043 0.047425 0.020819
0 0.907344 0.637195 0.009687 0.009853
0 0.889625 0.601974 0.014250 0.011482
0 0.906525 0.536618 0.015550 0.018362
