0 0.958750 0.239925 0.040000 0.013121
0 0.281875 0.465792 0.028750 0.037488
0 0.007500 0.605904 0.015000 0.019681
0 0.018125 0.520150 0.028750 0.014995
0 0.048750 0.587160 0.012500 0.006560
0 0.082500 0.606842 0.015000 0.006560
0 0.004375 0.374414 0.008750 0.040300
0 0.552500 0.611059 0.035000 0.018744
0 0.790000 0.604030 0.020000 0.023430
0 0.994375 0.427835 0.008750 0.019681
0 0.115625 0.731022 0.011250 0.011246
0 0.428125 0.686504 0.051250 0.019681
0 0.583750 0.768978 0.032500 0.025305
0 0.714638 0.841992 0.034275 0.023252
0 0.918006 0.674681 0.031012 0.022277
0 0.770625 0.783974 0.036250 0.021556
0 0.694375 0.761012 0.028750 0.022493
0 0.693125 0.736176 0.016250 0.010309
0 0.174375 0.347704 0.101250 0.080600
0 0.243750 0.597001 0.070000 0.043112
1 0.810625 0.557638 0.136250 0.108716
0 0.055000 0.774602 0.045000 0.051546
0 0.914375 0.764292 0.076250 0.040300
0 0.481588 0.511912 0.065675 0.043505
0 0.435000 0.526710 0.052500 0.029991
1 0.639481 0.504053 0.136463 0.100890
0 0.537500 0.663847 0.065000 0.041846
0 0.394263 0.506462 0.038525 0.030731
1 0.364400 0.435670 0.106300 0.054096
0 0.355119 0.444906 0.020238 0.010712
0 0.404631 0.373857 0.016762 0.012943
0 0.665375 0.492694 0.015750 0.012568
0 0.677906 0.593172 0.023312 0.020459
0 0.648144 0.611326 0.013787 0.013655
1 0.699762 0.578388 0.129525 0.082737
0 0.834119 0.521940 0.018238 0.018575
0 0.835106 0.539578 0.020213 0.016364
0 0.778100 0.643411 0.023700 0.008472
1 0.793769 0.614400 0.130038 0.077910
0 0.990762 0.671781 0.019025 0.007104
0 0.887394 0.668336 0.014788 0.009588
0 0.875156 0.659531 0.012812 0.008847
1 0.888400 0.648721 0.224300 0.142802
0 0.216562 0.448266 0.038125 0.054920
0 0.066412 0.592994 0.012825 0.006982
0 0.131025 0.706275 0.037050 0.029231
0 0.228400 0.613416 0.014300 0.008463
0 0.431131 0.272685 0.017263 0.003664
