0 0.115000 0.679007 0.030000 0.030928
0 0.146875 0.163074 0.038750 0.029991
0 0.103750 0.294283 0.045000 0.020619
0 0.020000 0.186504 0.025000 0.028116
0 0.296250 0.467666 0.037500 0.026242
0 0.590625 0.533739 0.033750 0.019681
0 0.604375 0.225398 0.036250 0.027179
0 0.638125 0.254920 0.031250 0.026242
1 0.426875 0.617151 0.143750 0.109653
0 0.443125 0.206654 0.098750 0.083411
0 0.396250 0.281162 0.147500 0.082474
0 0.323125 0.271321 0.066250 0.042174
0 0.935000 0.576382 0.047500 0.052484
0 0.110000 0.486879 0.087500 0.027179
0 0.981875 0.477038 0.036250 0.058107
0 0.320000 0.817245 0.050000 0.044986
0 0.673125 0.220712 0.078750 0.044049
0 0.623125 0.598407 0.056250 0.029053
0 0.815000 0.161668 0.072500 0.027179
0 0.975625 0.794752 0.036250 0.046860
0 0.491875 0.825211 0.061250 0.051546
0 0.530000 0.666823 0.037500 0.034677
0 0.365000 0.377226 0.027500 0.027179
0 0.528750 0.411903 0.030000 0.027179
0 0.550625 0.310216 0.026250 0.020619
0 0.671875 0.187441 0.016250 0.009372
0 0.640000 0.137769 0.032500 0.020619
0 0.655625 0.158857 0.011250 0.012184
1 0.644375 0.175726 0.111250 0.072165
0 0.416875 0.139175 0.021250 0.010309
0 0.171250 0.429709 0.027500 0.015933
0 0.015625 0.348172 0.023750 0.027179
0 0.060000 0.863168 0.040000 0.013121
0 0.220000 0.867385 0.030000 0.008435
0 0.194375 0.716495 0.043750 0.029053
0 0.733125 0.410965 0.051250 0.029053
0 0.815625 0.310216 0.026250 0.016870
0 0.823750 0.261949 0.012500 0.012184
0 0.922500 0.349578 0.027500 0.018744
0 0.971250 0.253515 0.012500 0.010309
0 0.657500 0.873946 0.025000 0.006560
