0 0.254375 0.214152 0.041250 0.021556
0 0.628125 0.063730 0.043750 0.024367
0 0.943125 0.229616 0.038750 0.028116
0 0.768125 0.198688 0.026250 0.033739
0 0.908750 0.130740 0.037500 0.025305
0 0.539375 0.346767 0.033750 0.028116
0 0.456875 0.568416 0.026250 0.025305
0 0.868125 0.573571 0.036250 0.026242
0 0.830000 0.599344 0.035000 0.023430
1 0.343125 0.446579 0.143750 0.105904
0 0.890000 0.452202 0.110000 0.072165
0 0.790000 0.418463 0.107500 0.109653
0 0.802500 0.363636 0.055000 0.048735
0 0.405625 0.827085 0.068750 0.034677
0 0.511250 0.207123 0.035000 0.065604
0 0.537500 0.868791 0.077500 0.041237
0 0.245625 0.111059 0.046250 0.029053
0 0.074375 0.370665 0.058750 0.036551
0 0.876250 0.625117 0.057500 0.058107
0 0.371250 0.594189 0.037500 0.041237
0 0.957500 0.730084 0.035000 0.054358
0 0.115000 0.865979 0.062500 0.033739
0 0.066250 0.499531 0.067500 0.044986
0 0.046875 0.015933 0.053750 0.022493
0 0.278750 0.525305 0.045000 0.027179
0 0.662181 0.396195 0.036862 0.020131
0 0.619100 0.520553 0.035700 0.021425
0 0.754700 0.534672 0.026900 0.019672
0 0.920169 0.622999 0.012837 0.012634
0 0.986287 0.598093 0.027575 0.024677
0 0.957881 0.610370 0.015762 0.007994
1 0.935581 0.602488 0.093663 0.082202
0 0.980456 0.431771 0.013413 0.016307
0 0.588319 0.252071 0.021637 0.020544
0 0.694094 0.128571 0.035688 0.028463
0 0.757331 0.068004 0.032163 0.025417
0 0.329681 0.043149 0.036862 0.020694
0 0.158644 0.023088 0.039787 0.018060
0 0.007956 0.176162 0.015912 0.029925
0 0.005613 0.296321 0.011225 0.022821
0 0.206325 0.274550 0.037650 0.031762
0 0.623594 0.672868 0.037187 0.037395
0 0.759850 0.733191 0.022200 0.019335
0 0.822919 0.738739 0.015838 0.009813
0 0.708937 0.813688 0.025375 0.021003
0 0.836787 0.849316 0.013575 0.009784
0 0.004350 0.624030 0.008700 0.018444
