0 0.690625 0.614339 0.086250 0.085286
0 0.839375 0.482193 0.041250 0.038425
0 0.521875 0.842549 0.038750 0.031865
0 0.113750 0.839269 0.040000 0.036551
0 0.708125 0.353327 0.046250 0.071228
0 0.775625 0.854733 0.031250 0.035614
0 0.346250 0.238519 0.125000 0.032802
0 0.389375 0.805530 0.046250 0.042174
0 0.582500 0.837395 0.037500 0.029053
0 0.678750 0.279288 0.045000 0.043112
0 0.904375 0.714152 0.041250 0.022493
0 0.826250 0.593252 0.025000 0.024367
0 0.803750 0.675726 0.035000 0.024367
0 0.765625 0.663543 0.026250 0.018744
0 0.540625 0.376289 0.026250 0.021556
0 0.405000 0.481724 0.040000 0.018744
0 0.348750 0.717432 0.032500 0.023430
0 0.371250 0.672446 0.027500 0.015933
0 0.404375 0.668229 0.031250 0.016870
0 0.537500 0.765698 0.015000 0.011246
0 0.394375 0.646673 0.031250 0.018744
0 0.626250 0.624649 0.022500 0.019681
0 0.271875 0.245080 0.023750 0.032802
0 0.090625 0.356607 0.023750 0.019681
0 0.108750 0.742737 0.027500 0.019681
0 0.893125 0.152296 0.013750 0.012184
0 0.951875 0.382381 0.026250 0.041237
0 0.933750 0.446111 0.022500 0.024367
0 0.912500 0.525773 0.045000 0.022493
0 0.642500 0.623711 0.012500 0.015933
0 0.737500 0.515464 0.037500 0.016870
0 0.726875 0.529991 0.023750 0.019681
0 0.369375 0.716495 0.036250 0.021556
0 0.249375 0.664011 0.036250 0.025305
0 0.382500 0.132615 0.045000 0.014058
0 0.330625 0.137301 0.058750 0.008435
0 0.352500 0.155108 0.072500 0.008435
0 0.321875 0.149016 0.188750 0.018744
0 0.306250 0.233365 0.025000 0.013121
0 0.295625 0.225867 0.031250 0.020619
