0 0.676875 0.626523 0.096250 0.090909
0 0.840000 0.504217 0.045000 0.041237
0 0.481250 0.842081 0.042500 0.034677
0 0.075625 0.812559 0.043750 0.039363
0 0.724375 0.366917 0.053750 0.074039
0 0.732500 0.870665 0.035000 0.037488
0 0.376875 0.229616 0.128750 0.041237
0 0.354375 0.796626 0.051250 0.044986
0 0.543125 0.841143 0.041250 0.030928
0 0.703750 0.291940 0.050000 0.045923
0 0.878125 0.739925 0.043750 0.025305
0 0.813750 0.613871 0.027500 0.026242
0 0.782500 0.694470 0.037500 0.026242
0 0.745625 0.680412 0.028750 0.020619
0 0.554375 0.379100 0.028750 0.023430
0 0.407500 0.475633 0.042500 0.021556
0 0.323750 0.706186 0.035000 0.025305
0 0.351875 0.663074 0.028750 0.017807
0 0.385000 0.660731 0.032500 0.018744
0 0.505625 0.767104 0.016250 0.012184
0 0.376875 0.639175 0.033750 0.020619
0 0.611250 0.632615 0.025000 0.020619
0 0.302500 0.231022 0.027500 0.034677
0 0.108125 0.330366 0.026250 0.021556
0 0.081250 0.715558 0.030000 0.021556
0 0.932500 0.179007 0.015000 0.013121
0 0.964375 0.412371 0.031250 0.043112
0 0.937500 0.474695 0.025000 0.025305
0 0.907500 0.552484 0.047500 0.025305
0 0.628125 0.632615 0.013750 0.016870
0 0.735625 0.530928 0.038750 0.019681
0 0.723125 0.544986 0.026250 0.021556
0 0.345625 0.707123 0.038750 0.023430
0 0.230625 0.647142 0.038750 0.027179
0 0.425625 0.126523 0.046250 0.016870
0 0.373750 0.127929 0.060000 0.012184
0 0.393125 0.147142 0.073750 0.013121
0 0.362500 0.139175 0.190000 0.030928
0 0.338125 0.222118 0.026250 0.014995
0 0.328125 0.213683 0.033750 0.022493
