0 0.290625 0.515933 0.078750 0.064667
0 0.474375 0.698688 0.113750 0.064667
1 0.766875 0.742737 0.223750 0.081537
0 0.625625 0.463918 0.046250 0.031865
0 0.939375 0.501874 0.038750 0.034677
0 0.673125 0.815839 0.046250 0.032802
0 0.661250 0.652296 0.047500 0.035614
0 0.596875 0.436270 0.041250 0.029053
0 0.420625 0.411434 0.061250 0.041237
0 0.959375 0.418463 0.046250 0.030928
0 0.263125 0.467198 0.093750 0.047798
0 0.100000 0.344424 0.070000 0.045923
0 0.073125 0.833177 0.046250 0.033739
1 0.401250 0.721649 0.220000 0.110590
0 0.204375 0.494845 0.051250 0.039363
0 0.601875 0.601687 0.046250 0.035614
1 0.845000 0.527179 0.090000 0.113402
0 0.668750 0.521556 0.037500 0.029053
0 0.453125 0.448454 0.041250 0.030928
0 0.128125 0.381912 0.038750 0.032802
0 0.015625 0.522493 0.031250 0.038425
0 0.031875 0.684630 0.028750 0.044049
0 0.148125 0.348172 0.038750 0.029053
0 0.522500 0.308341 0.040000 0.022493
0 0.495625 0.328960 0.028750 0.022493
0 0.125625 0.558575 0.033750 0.028116
0 0.323750 0.472352 0.035000 0.024367
0 0.162500 0.604499 0.012500 0.009372
0 0.031250 0.579663 0.020000 0.014058
0 0.057500 0.597001 0.020000 0.013121
0 0.307500 0.363636 0.027500 0.016870
0 0.322500 0.580600 0.015000 0.008435
0 0.098125 0.571228 0.038750 0.027179
0 0.191875 0.473290 0.013750 0.009372
0 0.483125 0.467666 0.028750 0.020619
0 0.382500 0.601687 0.022500 0.014995
0 0.443125 0.353796 0.026250 0.017807
0 0.471250 0.623711 0.022500 0.014058
0 0.520000 0.538894 0.012500 0.011246
0 0.490625 0.667760 0.021250 0.014058
0 0.658750 0.551546 0.015000 0.010309
0 0.719375 0.423149 0.026250 0.036551
0 0.746875 0.460637 0.023750 0.027179
0 0.990000 0.515464 0.020000 0.035614
0 0.041875 0.777882 0.026250 0.035614
0 0.033750 0.721649 0.022500 0.022493
0 0.249375 0.704780 0.031250 0.026242
0 0.593125 0.858013 0.016250 0.014058
0 0.628125 0.867854 0.013750 0.011246
0 0.545625 0.813964 0.016250 0.012184
0 0.475625 0.877694 0.016250 0.012184
0 0.866875 0.724930 0.023750 0.017807
0 0.995000 0.688847 0.010000 0.018744
0 0.725625 0.838332 0.021250 0.015933
0 0.990000 0.647610 0.020000 0.022493
0 0.995000 0.783505 0.010000 0.011246
0 0.980625 0.334583 0.006250 0.014995
1 0.621875 0.338800 0.076250 0.100281
1 0.563750 0.357076 0.075000 0.106842
0 0.227500 0.336926 0.025000 0.012184
0 0.938750 0.634958 0.015000 0.010309
0 0.310625 0.799438 0.011250 0.009372
1 0.225000 0.683224 0.107500 0.164948
0 0.045000 0.872540 0.007500 0.011246
1 0.692500 0.527648 0.187500 0.114339
1 0.640000 0.583411 0.115000 0.113402
