0 0.177500 0.517338 0.020000 0.022493
0 0.126875 0.267573 0.036250 0.019681
0 0.078750 0.317245 0.042500 0.023430
0 0.041250 0.364105 0.025000 0.017807
0 0.409375 0.726336 0.036250 0.033739
0 0.536875 0.652296 0.018750 0.014995
0 0.322500 0.627460 0.027500 0.030928
0 0.520000 0.382849 0.037500 0.044049
0 0.356250 0.615745 0.030000 0.029991
0 0.550625 0.619963 0.018750 0.021556
0 0.451875 0.483130 0.028750 0.021556
0 0.488125 0.343955 0.023750 0.020619
0 0.605625 0.338800 0.023750 0.015933
0 0.346875 0.198688 0.041250 0.022493
0 0.721250 0.661200 0.015000 0.015933
0 0.896875 0.716495 0.021250 0.021556
0 0.953125 0.777882 0.018750 0.018744
0 0.888750 0.524367 0.015000 0.010309
0 0.837500 0.213683 0.027500 0.014995
0 0.356250 0.836457 0.102500 0.070291
0 0.389375 0.786317 0.093750 0.086223
0 0.170000 0.734302 0.045000 0.030928
0 0.420000 0.527179 0.097500 0.064667
0 0.449375 0.572165 0.066250 0.047798
0 0.452500 0.855670 0.090000 0.039363
0 0.386875 0.498126 0.096250 0.049672
0 0.523125 0.858950 0.066250 0.036551
0 0.388125 0.256326 0.048750 0.029053
0 0.316250 0.218838 0.095000 0.062793
0 0.520625 0.710872 0.043750 0.032802
0 0.441250 0.742737 0.067500 0.072165
0 0.501875 0.730084 0.048750 0.041237
0 0.522500 0.361762 0.057500 0.029991
0 0.575625 0.239456 0.056250 0.053421
0 0.548750 0.199157 0.057500 0.030928
0 0.535625 0.222118 0.063750 0.039363
0 0.159375 0.214620 0.043750 0.029991
0 0.054375 0.727273 0.008750 0.007498
0 0.528125 0.638707 0.011250 0.015933
0 0.516875 0.638238 0.013750 0.013121
0 0.754375 0.182755 0.043750 0.026242
0 0.665000 0.423149 0.012500 0.008435
