0 0.186250 0.192127 0.117500 0.089972
0 0.308125 0.557638 0.116250 0.089972
0 0.313125 0.281162 0.086250 0.067479
0 0.839375 0.703843 0.093750 0.069353
0 0.217500 0.374883 0.062500 0.059981
0 0.853125 0.402999 0.053750 0.039363
0 0.553750 0.396907 0.052500 0.070291
0 0.167500 0.428304 0.042500 0.041237
0 0.083125 0.334583 0.063750 0.059981
0 0.388750 0.441893 0.055000 0.066542
0 0.064375 0.365979 0.043750 0.051546
0 0.321250 0.319119 0.080000 0.044049
0 0.975000 0.580600 0.050000 0.049672
0 0.011250 0.469541 0.022500 0.054358
0 0.173750 0.388472 0.070000 0.045923
0 0.787500 0.317713 0.050000 0.033739
0 0.960000 0.451265 0.050000 0.030928
0 0.808750 0.653233 0.080000 0.061856
0 0.785000 0.611059 0.080000 0.061856
0 0.630000 0.360825 0.070000 0.022493
0 0.319375 0.154639 0.153750 0.043112
0 0.360625 0.603561 0.051250 0.043112
0 0.731875 0.383318 0.026250 0.018744
0 0.758750 0.421275 0.017500 0.012184
0 0.746875 0.410497 0.016250 0.013121
0 0.708750 0.385661 0.027500 0.017807
0 0.801250 0.569353 0.017500 0.012184
0 0.790625 0.709934 0.026250 0.027179
0 0.989375 0.776945 0.013750 0.013121
0 0.506250 0.141050 0.032500 0.027179
0 0.660000 0.170103 0.030000 0.014058
0 0.363125 0.479381 0.026250 0.023430
0 0.683750 0.387067 0.030000 0.020619
0 0.531875 0.553889 0.021250 0.014995
0 0.511250 0.548266 0.025000 0.016870
0 0.738125 0.590909 0.031250 0.025305
0 0.340625 0.634489 0.021250 0.018744
0 0.408750 0.641987 0.032500 0.024367
0 0.568125 0.856139 0.028750 0.021556
0 0.591250 0.836457 0.017500 0.012184
0 0.580000 0.841143 0.022500 0.014058
0 0.420625 0.474695 0.033750 0.064667
0 0.438125 0.473758 0.013750 0.019681
0 0.186250 0.192127 0.117500 0.089972
0 0.308125 0.557638 0.116250 0.089972
0 0.313125 0.281162 0.086250 0.067479
0 0.839375 0.703843 0.093750 0.069353
0 0.217500 0.374883 0.062500 0.059981
0 0.853125 0.402999 0.053750 0.039363
0 0.553750 0.396907 0.052500 0.070291
0 0.167500 0.428304 0.042500 0.041237
0 0.083125 0.334583 0.063750 0.059981
0 0.388750 0.441893 0.055000 0.066542
0 0.064375 0.365979 0.043750 0.051546
0 0.321250 0.319119 0.080000 0.044049
0 0.975000 0.580600 0.050000 0.049672
0 0.011250 0.469541 0.022500 0.054358
0 0.173750 0.388472 0.070000 0.045923
0 0.787500 0.317713 0.050000 0.033739
0 0.960000 0.451265 0.050000 0.030928
0 0.808750 0.653233 0.080000 0.061856
0 0.785000 0.611059 0.080000 0.061856
0 0.630000 0.360825 0.070000 0.022493
0 0.319375 0.154639 0.153750 0.043112
0 0.360625 0.603561 0.051250 0.043112
0 0.731875 0.383318 0.026250 0.018744
0 0.758750 0.421275 0.017500 0.012184
0 0.746875 0.410497 0.016250 0.013121
0 0.708750 0.385661 0.027500 0.017807
0 0.801250 0.569353 0.017500 0.012184
0 0.790625 0.709934 0.026250 0.027179
0 0.989375 0.776945 0.013750 0.013121
0 0.506250 0.141050 0.032500 0.027179
0 0.660000 0.170103 0.030000 0.014058
0 0.363125 0.479381 0.026250 0.023430
0 0.683750 0.387067 0.030000 0.020619
0 0.531875 0.553889 0.021250 0.014995
0 0.511250 0.548266 0.025000 0.016870
0 0.738125 0.590909 0.031250 0.025305
0 0.340625 0.634489 0.021250 0.018744
0 0.408750 0.641987 0.032500 0.024367
0 0.568125 0.856139 0.028750 0.021556
0 0.591250 0.836457 0.017500 0.012184
0 0.580000 0.841143 0.022500 0.014058
0 0.420625 0.474695 0.033750 0.064667
0 0.438125 0.473758 0.013750 0.019681
