0 0.010000 0.614276 0.020000 0.021800
0 0.387500 0.474684 0.020000 0.014065
0 0.600625 0.602321 0.023750 0.020394
0 0.263750 0.254219 0.130000 0.068214
0 0.270000 0.368495 0.100000 0.057665
0 0.078750 0.450070 0.117500 0.067511
0 0.171250 0.412096 0.122500 0.061885
0 0.895000 0.307426 0.112500 0.062110
0 0.668125 0.428038 0.126250 0.062827
0 0.474375 0.305907 0.153750 0.064698
0 0.709375 0.375176 0.081250 0.051336
0 0.575769 0.532275 0.141538 0.057518
0 0.265625 0.714838 0.108750 0.051336
0 0.440000 0.827356 0.132500 0.047117
0 0.105000 0.505274 0.075000 0.055556
0 0.263125 0.663502 0.066250 0.034459
0 0.209375 0.606892 0.128750 0.059072
0 0.450000 0.754923 0.125000 0.038678
0 0.148750 0.592124 0.042500 0.023910
0 0.172500 0.772504 0.052500 0.024613
1 0.861875 0.546062 0.053750 0.026020
0 0.310750 0.561125 0.104000 0.071617
0 0.325131 0.596322 0.017763 0.014023
0 0.601575 0.552317 0.105650 0.027278
0 0.865956 0.544986 0.019412 0.011210
0 0.991156 0.241290 0.017312 0.021259
0 0.982900 0.225731 0.023300 0.005612
0 0.461812 0.731269 0.031125 0.012468
