0 0.725000 0.717901 0.035000 0.029991
0 0.829375 0.777413 0.036250 0.030928
0 0.543750 0.825211 0.045000 0.027179
0 0.668125 0.791940 0.036250 0.031865
0 0.546875 0.733833 0.013750 0.013121
0 0.673750 0.678069 0.017500 0.019681
0 0.283750 0.748360 0.040000 0.030928
0 0.715625 0.646204 0.041250 0.030928
0 0.743125 0.604030 0.026250 0.038425
0 0.924375 0.503280 0.018750 0.013121
0 0.659375 0.422680 0.016250 0.014995
0 0.498125 0.513590 0.016250 0.013121
0 0.399375 0.588097 0.023750 0.021556
0 0.590625 0.593252 0.023750 0.020619
0 0.513750 0.452202 0.012500 0.010309
0 0.573750 0.378632 0.040000 0.013121
0 0.130625 0.578257 0.043750 0.026242
0 0.278750 0.660731 0.037500 0.029991
0 0.068125 0.401125 0.043750 0.026242
0 0.330625 0.553421 0.041250 0.030928
0 0.203750 0.495314 0.065000 0.019681
0 0.275625 0.526242 0.061250 0.029053
0 0.928750 0.270853 0.025000 0.039363
0 0.016250 0.245548 0.032500 0.022493
0 0.266875 0.221649 0.031250 0.023430
0 0.123750 0.327554 0.037500 0.021556
0 0.191250 0.202905 0.017500 0.015933
0 0.128125 0.448454 0.113750 0.064667
0 0.713125 0.350515 0.116250 0.048735
0 0.919375 0.399719 0.061250 0.064667
0 0.190000 0.676664 0.085000 0.044986
0 0.383125 0.300843 0.153750 0.063730
0 0.785000 0.619963 0.092500 0.087160
0 0.214375 0.990628 0.051250 0.018744
0 0.480625 0.823805 0.053750 0.039363
0 0.082500 0.919869 0.082500 0.126523
0 0.332500 0.336926 0.065000 0.021556
0 0.217500 0.801781 0.125000 0.111528
0 0.601875 0.140581 0.066250 0.031865
0 0.234375 0.290066 0.141250 0.060918
0 0.352500 0.252577 0.152500 0.060918
0 0.561250 0.282568 0.192500 0.081537
0 0.217500 0.802249 0.125000 0.112465
0 0.551250 0.369260 0.095000 0.018744
0 0.019375 0.508903 0.033750 0.011246
0 0.015625 0.517338 0.016250 0.007498
0 0.380000 0.569353 0.017500 0.014058
0 0.386250 0.571228 0.025000 0.021556
0 0.441250 0.514058 0.017500 0.010309
0 0.582500 0.579194 0.007500 0.018744
0 0.575625 0.583411 0.011250 0.027179
0 0.499375 0.445642 0.013750 0.008435
0 0.498125 0.438613 0.013750 0.007498
0 0.574375 0.386129 0.026250 0.009372
0 0.765625 0.386598 0.053750 0.047798
0 0.596250 0.334583 0.145000 0.059981
0 0.745000 0.163074 0.092500 0.026242
0 0.723750 0.198219 0.060000 0.059044
0 0.769375 0.602624 0.026250 0.039363
0 0.743125 0.644799 0.013750 0.011246
0 0.687500 0.677132 0.012500 0.014058
0 0.930625 0.798500 0.038750 0.041237
0 0.524375 0.694939 0.008750 0.008435
0 0.530625 0.688379 0.008750 0.010309
