0 0.301875 0.268041 0.031250 0.028116
0 0.205000 0.201968 0.032500 0.029053
0 0.495000 0.173383 0.042500 0.024367
0 0.366250 0.198688 0.032500 0.029991
0 0.481250 0.263824 0.012500 0.012184
0 0.347537 0.311153 0.015075 0.018744
0 0.744375 0.266635 0.036250 0.029053
0 0.302500 0.340478 0.037500 0.028660
0 0.270000 0.380506 0.022500 0.037488
0 0.077500 0.469072 0.017500 0.012184
0 0.332669 0.566546 0.015337 0.014067
0 0.503750 0.486879 0.015000 0.012184
0 0.610625 0.418932 0.021250 0.020619
0 0.420625 0.401593 0.021250 0.019681
0 0.480625 0.547329 0.011250 0.009372
0 0.413125 0.616410 0.038750 0.010703
0 0.876875 0.446579 0.041250 0.023430
0 0.739375 0.354264 0.033750 0.028116
0 0.919375 0.627460 0.041250 0.023430
0 0.675144 0.458308 0.037788 0.028144
0 0.794375 0.524367 0.063750 0.015933
0 0.725625 0.488561 0.058750 0.024920
0 0.046250 0.700562 0.020000 0.038425
0 0.955625 0.785380 0.036250 0.020619
0 0.700625 0.792409 0.028750 0.021556
0 0.855000 0.696813 0.035000 0.019681
0 0.773125 0.816307 0.016250 0.014995
0 0.865000 0.576382 0.107500 0.058107
0 0.270000 0.635426 0.112500 0.041237
0 0.070625 0.573102 0.053750 0.060918
0 0.830000 0.344424 0.080000 0.040300
0 0.593750 0.706654 0.147500 0.054358
0 0.230813 0.362366 0.084125 0.081809
0 0.842500 0.018744 0.047500 0.037488
0 0.557500 0.178538 0.050000 0.036551
0 0.965625 0.109185 0.068750 0.122774
0 0.648125 0.673383 0.063750 0.017807
0 0.816875 0.217901 0.113750 0.104030
0 0.356875 0.851921 0.063750 0.028116
0 0.740625 0.726336 0.136250 0.052484
0 0.617500 0.756022 0.147500 0.051874
0 0.413750 0.713215 0.185000 0.069353
0 0.816875 0.217432 0.113750 0.104967
0 0.434375 0.626842 0.093750 0.012821
0 0.980187 0.523022 0.032875 0.009494
0 0.985294 0.514831 0.015588 0.006232
0 0.628013 0.438552 0.016025 0.012999
0 0.621331 0.436589 0.022662 0.020319
0 0.560506 0.490066 0.016012 0.009185
0 0.426412 0.416181 0.005325 0.018866
0 0.434125 0.412540 0.008250 0.026579
0 0.494906 0.554967 0.012312 0.007779
0 0.496156 0.561696 0.012312 0.006242
0 0.412744 0.608383 0.025487 0.007769
0 0.223225 0.595127 0.048950 0.044986
0 0.384731 0.658725 0.139462 0.050347
0 0.217338 0.819114 0.089675 0.020609
0 0.241969 0.786724 0.053937 0.055173
0 0.244256 0.381068 0.021012 0.038613
0 0.274731 0.340750 0.011963 0.010459
0 0.334081 0.311054 0.010662 0.012924
0 0.105631 0.174246 0.033763 0.039213
0 0.498688 0.304096 0.007375 0.008379
0 0.491187 0.310595 0.007375 0.010131
