0 0.163750 0.610590 0.042500 0.027179
0 0.061875 0.672446 0.043750 0.029053
0 0.069375 0.452671 0.038750 0.035614
0 0.082500 0.552484 0.045000 0.029053
0 0.186250 0.477038 0.017500 0.011246
0 0.227500 0.583411 0.027500 0.014058
0 0.230625 0.282568 0.043750 0.030928
0 0.259375 0.621368 0.043750 0.031865
0 0.307500 0.652296 0.052500 0.022493
0 0.393125 0.807873 0.018750 0.014995
0 0.561875 0.634489 0.021250 0.013121
0 0.483125 0.495783 0.018750 0.013121
0 0.411250 0.405811 0.030000 0.018744
0 0.358125 0.543580 0.028750 0.018744
0 0.559375 0.522024 0.013750 0.009372
0 0.640000 0.582943 0.020000 0.029991
0 0.488750 0.213215 0.037500 0.034677
0 0.346250 0.300375 0.042500 0.029053
0 0.733750 0.209466 0.037500 0.034677
0 0.472500 0.364574 0.042500 0.031865
0 0.578125 0.286317 0.031250 0.049672
0 0.521250 0.331303 0.042500 0.047798
0 0.693125 0.867854 0.053750 0.020619
0 0.947500 0.207123 0.032500 0.029991
0 0.917500 0.397376 0.032500 0.024367
0 0.815625 0.268510 0.031250 0.029053
0 0.960000 0.347235 0.022500 0.014058
0 0.658125 0.242268 0.093750 0.089035
0 0.642500 0.691659 0.072500 0.089972
0 0.529375 0.829897 0.088750 0.049672
0 0.347500 0.231490 0.065000 0.065604
0 0.787500 0.462980 0.095000 0.118088
0 0.276250 0.678538 0.120000 0.074977
0 0.085625 0.407685 0.056250 0.043112
0 0.108750 0.100281 0.070000 0.058107
0 0.751875 0.417526 0.033750 0.049672
0 0.178750 0.221649 0.155000 0.100281
0 0.941250 0.661200 0.047500 0.051546
0 0.836250 0.357076 0.090000 0.108716
0 0.856875 0.453140 0.091250 0.117151
0 0.767500 0.597001 0.120000 0.148079
0 0.178125 0.221649 0.156250 0.100281
0 0.657500 0.568885 0.032500 0.071228
0 0.606250 0.147610 0.017500 0.025305
0 0.595625 0.142924 0.011250 0.012184
0 0.440000 0.395970 0.020000 0.014058
0 0.435625 0.399719 0.031250 0.019681
0 0.496250 0.453608 0.015000 0.013121
0 0.378750 0.541237 0.025000 0.006560
0 0.374375 0.534677 0.036250 0.010309
0 0.571875 0.513121 0.011250 0.010309
0 0.580000 0.513121 0.010000 0.010309
0 0.629375 0.581537 0.013750 0.019681
0 0.582500 0.719775 0.067500 0.043112
0 0.691875 0.610590 0.088750 0.111528
0 0.876875 0.759606 0.041250 0.070291
0 0.836875 0.735708 0.081250 0.048735
0 0.303125 0.670572 0.053750 0.021556
0 0.255000 0.641987 0.015000 0.011246
0 0.225625 0.593721 0.018750 0.010309
0 0.018750 0.740862 0.037500 0.030928
0 0.242500 0.470947 0.012500 0.006560
0 0.248750 0.477038 0.015000 0.007498
