1 0.261250 0.671040 0.152500 0.114339
1 0.424375 0.507498 0.193750 0.197751
0 0.890000 0.125117 0.072500 0.055295
1 0.433750 0.288191 0.087500 0.079663
0 0.709375 0.268978 0.031250 0.018744
0 0.945000 0.713683 0.020000 0.015933
0 0.960625 0.695876 0.018750 0.014058
0 0.911875 0.654639 0.013750 0.010309
0 0.248750 0.205248 0.022500 0.014995
0 0.579375 0.216963 0.018750 0.017807
0 0.401875 0.261481 0.016250 0.013121
0 0.256875 0.216495 0.013750 0.009372
0 0.478125 0.338800 0.021250 0.015933
0 0.600000 0.191190 0.015000 0.009372
0 0.556875 0.203374 0.013750 0.011246
0 0.471875 0.329897 0.018750 0.013121
0 0.330625 0.617151 0.033750 0.027179
0 0.533125 0.555764 0.021250 0.014995
0 0.719375 0.507029 0.016250 0.013121
0 0.650000 0.856607 0.020000 0.014995
0 0.696250 0.852858 0.032500 0.014995
0 0.120625 0.193533 0.016250 0.012184
0 0.065000 0.609653 0.022500 0.015933
0 0.126250 0.738519 0.020000 0.016870
0 0.413750 0.318182 0.017500 0.010309
0 0.468125 0.309278 0.008750 0.007498
0 0.468125 0.317245 0.008750 0.008435
0 0.410625 0.528116 0.018750 0.014058
0 0.487500 0.532334 0.017500 0.011246
0 0.473125 0.622774 0.018750 0.014058
1 0.401875 0.604030 0.303750 0.220244
1 0.442500 0.632146 0.195000 0.104030
0 0.638125 0.329428 0.023750 0.014058
0 0.910625 0.155108 0.013750 0.012184
0 0.501250 0.124649 0.015000 0.005623
