0 0.943125 0.831771 0.028750 0.025305
0 0.260625 0.686504 0.023750 0.021556
0 0.245000 0.810216 0.025000 0.021556
0 0.823125 0.568885 0.031250 0.020619
0 0.494375 0.598875 0.026250 0.022493
0 0.442500 0.600281 0.030000 0.027179
0 0.250000 0.468604 0.022500 0.014995
0 0.658750 0.902530 0.175000 0.121837
0 0.120625 0.196813 0.118750 0.071228
0 0.770625 0.682287 0.196250 0.153702
1 0.746875 0.220712 0.098750 0.107779
0 0.726875 0.587160 0.163750 0.105904
0 0.391875 0.136832 0.118750 0.080600
0 0.433750 0.947516 0.057500 0.029991
0 0.785625 0.504217 0.173750 0.121837
1 0.791875 0.400187 0.098750 0.093721
1 0.899375 0.779288 0.083750 0.079663
0 0.473125 0.607310 0.066250 0.050609
1 0.716250 0.113871 0.105000 0.113402
1 0.803750 0.401125 0.055000 0.028116
0 0.304375 0.554358 0.011250 0.010309
0 0.513125 0.544986 0.023750 0.017807
0 0.538750 0.555764 0.022500 0.022493
0 0.520625 0.552484 0.026250 0.030928
0 0.277500 0.703374 0.022500 0.015933
0 0.285000 0.689316 0.037500 0.038425
0 0.266875 0.813964 0.021250 0.019681
0 0.255000 0.823805 0.020000 0.020619
0 0.668125 0.773196 0.028750 0.018744
0 0.675000 0.768510 0.022500 0.018744
0 0.832500 0.913777 0.025000 0.028116
