0 0.027500 0.807873 0.035000 0.022493
0 0.268750 0.308341 0.030000 0.018744
0 0.106250 0.287254 0.030000 0.019681
0 0.387500 0.736645 0.030000 0.024367
0 0.369375 0.488754 0.031250 0.021556
0 0.371250 0.450328 0.037500 0.023430
0 0.559375 0.315370 0.021250 0.017807
0 0.019375 0.596064 0.038750 0.125586
0 0.930625 0.237113 0.101250 0.091846
0 0.240000 0.689784 0.215000 0.155576
1 0.855000 0.703843 0.147500 0.080600
0 0.368750 0.663074 0.150000 0.128397
0 0.966875 0.442362 0.066250 0.089972
0 0.475625 0.713683 0.171250 0.135895
1 0.613750 0.725867 0.130000 0.079663
1 0.101250 0.778819 0.110000 0.067479
0 0.359375 0.472352 0.071250 0.052484
1 0.946875 0.681350 0.051250 0.071228
1 0.611875 0.733833 0.041250 0.043112
0 0.441875 0.350515 0.013750 0.009372
0 0.440000 0.507029 0.025000 0.018744
0 0.423750 0.524836 0.030000 0.018744
0 0.430000 0.511246 0.042500 0.021556
0 0.245000 0.319119 0.022500 0.017807
0 0.263750 0.326148 0.052500 0.029991
0 0.100000 0.303655 0.027500 0.016870
0 0.086875 0.293814 0.028750 0.015933
0 0.124375 0.606373 0.026250 0.022493
0 0.131875 0.612465 0.026250 0.017807
