0 0.729375 0.214620 0.048750 0.029991
0 0.146250 0.336457 0.037500 0.016870
0 0.008125 0.604030 0.016250 0.017807
0 0.729375 0.539363 0.021250 0.014058
0 0.691875 0.678538 0.023750 0.016870
0 0.966875 0.635895 0.028750 0.038425
0 0.613750 0.343018 0.130000 0.118088
0 0.835625 0.621837 0.143750 0.137769
1 0.386250 0.371134 0.240000 0.144330
1 0.315000 0.537488 0.205000 0.199625
0 0.753125 0.855670 0.051250 0.039363
0 0.074375 0.445642 0.083750 0.044049
0 0.491875 0.939082 0.056250 0.035614
0 0.815625 0.742737 0.126250 0.130272
0 0.023125 0.517338 0.046250 0.039363
0 0.119375 0.610590 0.163750 0.137769
0 0.635625 0.522024 0.053750 0.024367
0 0.630625 0.492971 0.038750 0.026242
0 0.593125 0.410028 0.018750 0.014058
0 0.817500 0.428772 0.025000 0.015933
0 0.944375 0.562324 0.041250 0.033739
0 0.996875 0.453140 0.006250 0.017807
0 0.661250 0.148079 0.047500 0.031865
0 0.496250 0.084817 0.022500 0.010309
0 0.430000 0.091378 0.020000 0.010309
0 0.145625 0.141050 0.023750 0.012184
0 0.365625 0.299906 0.023750 0.013121
0 0.304375 0.314433 0.021250 0.019681
0 0.523125 0.623243 0.061250 0.099344
0 0.791250 0.695876 0.020000 0.014058
0 0.581250 0.911903 0.040000 0.031865
0 0.443125 0.733833 0.018750 0.014995
0 0.428750 0.726336 0.022500 0.014995
0 0.426875 0.793814 0.201250 0.181818
