0 0.298750 0.797095 0.047500 0.027179
0 0.869375 0.644799 0.036250 0.014995
0 0.986250 0.369728 0.027500 0.015933
0 0.267500 0.473290 0.020000 0.013121
0 0.292500 0.332240 0.022500 0.015933
0 0.021875 0.389878 0.026250 0.037488
0 0.401875 0.663074 0.121250 0.113402
0 0.155000 0.396907 0.132500 0.132146
1 0.626250 0.623711 0.230000 0.134021
1 0.681875 0.454077 0.188750 0.192127
0 0.215000 0.158857 0.047500 0.036551
0 0.929375 0.531865 0.081250 0.040300
0 0.468125 0.061856 0.053750 0.033739
0 0.163125 0.275070 0.116250 0.126523
0 0.976250 0.457357 0.047500 0.037488
0 0.869375 0.371134 0.153750 0.131209
0 0.364375 0.485473 0.051250 0.022493
0 0.371250 0.514527 0.037500 0.024367
0 0.416250 0.595127 0.017500 0.013121
0 0.190625 0.587629 0.023750 0.014995
0 0.051875 0.462043 0.038750 0.031865
0 0.005000 0.572634 0.010000 0.016870
0 0.372500 0.860356 0.045000 0.029991
0 0.542500 0.914714 0.022500 0.009372
0 0.607500 0.904405 0.020000 0.009372
0 0.886875 0.839738 0.023750 0.011246
0 0.653125 0.693065 0.023750 0.012184
0 0.713125 0.675726 0.018750 0.018744
0 0.466250 0.379569 0.052500 0.097470
0 0.191875 0.320525 0.018750 0.013121
0 0.381250 0.094658 0.037500 0.029991
0 0.535000 0.263824 0.017500 0.014058
0 0.550625 0.271321 0.021250 0.014058
0 0.546250 0.203374 0.187500 0.174321
0 0.298750 0.797095 0.047500 0.027179
0 0.869375 0.644799 0.036250 0.014995
0 0.986250 0.369728 0.027500 0.015933
0 0.267500 0.473290 0.020000 0.013121
0 0.292500 0.332240 0.022500 0.015933
0 0.021875 0.389878 0.026250 0.037488
0 0.401875 0.663074 0.121250 0.113402
0 0.155000 0.396907 0.132500 0.132146
1 0.626250 0.623711 0.230000 0.134021
1 0.681875 0.454077 0.188750 0.192127
0 0.215000 0.158857 0.047500 0.036551
0 0.929375 0.531865 0.081250 0.040300
0 0.468125 0.061856 0.053750 0.033739
0 0.163125 0.275070 0.116250 0.126523
0 0.976250 0.457357 0.047500 0.037488
0 0.869375 0.371134 0.153750 0.131209
0 0.364375 0.485473 0.051250 0.022493
0 0.371250 0.514527 0.037500 0.024367
0 0.416250 0.595127 0.017500 0.013121
0 0.190625 0.587629 0.023750 0.014995
0 0.051875 0.462043 0.038750 0.031865
0 0.005000 0.572634 0.010000 0.016870
0 0.372500 0.860356 0.045000 0.029991
0 0.542500 0.914714 0.022500 0.009372
0 0.607500 0.904405 0.020000 0.009372
0 0.886875 0.839738 0.023750 0.011246
0 0.653125 0.693065 0.023750 0.012184
0 0.713125 0.675726 0.018750 0.018744
0 0.466250 0.379569 0.052500 0.097470
0 0.191875 0.320525 0.018750 0.013121
0 0.381250 0.094658 0.037500 0.029991
0 0.535000 0.263824 0.017500 0.014058
0 0.550625 0.271321 0.021250 0.014058
0 0.546250 0.203374 0.187500 0.174321
