0 0.353125 0.890815 0.026250 0.021556
0 0.299375 0.708529 0.038750 0.029991
0 0.321250 0.814433 0.025000 0.024367
0 0.189375 0.468604 0.011250 0.009372
0 0.731250 0.843486 0.025000 0.016870
0 0.598750 0.704780 0.030000 0.026242
0 0.645000 0.822399 0.015000 0.012184
0 0.631250 0.668697 0.025000 0.044049
0 0.506250 0.797563 0.037500 0.031865
0 0.515000 0.768510 0.047500 0.028116
0 0.548125 0.533271 0.046250 0.031865
0 0.322500 0.635426 0.017500 0.013121
0 0.663125 0.586692 0.021250 0.016870
0 0.376875 0.625117 0.018750 0.014995
0 0.488125 0.523899 0.018750 0.014995
0 0.498750 0.489222 0.012500 0.009372
0 0.413125 0.141987 0.023750 0.019681
0 0.318750 0.253983 0.030000 0.039363
0 0.263125 0.289128 0.018750 0.014058
0 0.798125 0.722118 0.013750 0.010309
0 0.758125 0.297095 0.013750 0.011246
0 0.775000 0.093721 0.015000 0.013121
0 0.253750 0.659325 0.070000 0.059044
0 0.449375 0.410965 0.078750 0.066542
0 0.667500 0.385192 0.077500 0.056232
0 0.346875 0.569353 0.081250 0.064667
0 0.615625 0.417994 0.076250 0.052484
0 0.587500 0.855670 0.072500 0.035614
1 0.521875 0.294283 0.211250 0.084349
0 0.390625 0.785380 0.048750 0.059981
1 0.256875 0.432052 0.223750 0.089972
0 0.286875 0.240862 0.046250 0.056232
1 0.301875 0.379569 0.096250 0.048735
0 0.605625 0.233365 0.103750 0.058107
0 0.360625 0.767104 0.046250 0.057170
0 0.170000 0.341612 0.050000 0.038425
1 0.393750 0.486879 0.097500 0.167760
1 0.511875 0.613871 0.096250 0.148079
0 0.334375 0.494845 0.056250 0.041237
0 0.300000 0.531865 0.035000 0.008435
0 0.295000 0.522024 0.082500 0.039363
0 0.199375 0.283505 0.021250 0.021556
0 0.478750 0.155576 0.105000 0.050609
0 0.615000 0.215558 0.025000 0.013121
0 0.528125 0.310216 0.008750 0.007498
0 0.767500 0.544049 0.007500 0.004686
0 0.651250 0.477507 0.020000 0.006560
0 0.630000 0.571228 0.062500 0.029053
0 0.653750 0.650422 0.025000 0.022493
0 0.513125 0.670572 0.011250 0.010309
1 0.451875 0.547329 0.106250 0.157451
0 0.570000 0.838800 0.070000 0.035614
0 0.873750 0.754452 0.045000 0.031865
0 0.543750 0.588097 0.015000 0.012184
