0 0.012500 0.323336 0.025000 0.016870
0 0.261250 0.315370 0.035000 0.025305
0 0.118750 0.313027 0.030000 0.014995
0 0.595625 0.275539 0.011250 0.007498
0 0.009375 0.611059 0.018750 0.016870
0 0.214375 0.537020 0.031250 0.018744
0 0.051875 0.551078 0.013750 0.009372
0 0.256250 0.567010 0.057500 0.011246
0 0.108750 0.453140 0.037500 0.023430
0 0.145000 0.463918 0.030000 0.031865
0 0.448125 0.529522 0.036250 0.029991
0 0.353750 0.344892 0.015000 0.011246
0 0.357500 0.605436 0.020000 0.013121
0 0.357500 0.387535 0.017500 0.012184
0 0.471250 0.486879 0.017500 0.012184
0 0.514375 0.500937 0.011250 0.008435
0 0.986250 0.497657 0.022500 0.014995
0 0.854375 0.408622 0.048750 0.016870
0 0.818125 0.361293 0.016250 0.012184
0 0.156875 0.681350 0.011250 0.009372
0 0.721875 0.725867 0.013750 0.008435
0 0.986250 0.773196 0.015000 0.009372
0 0.333750 0.290066 0.070000 0.044049
0 0.625625 0.477507 0.078750 0.049672
0 0.621875 0.642924 0.063750 0.050609
0 0.436250 0.374414 0.075000 0.051546
0 0.587500 0.599344 0.060000 0.049672
0 0.018288 0.502287 0.036575 0.050497
1 0.767125 0.551931 0.079250 0.149784
0 0.145000 0.369728 0.075000 0.027179
1 0.632500 0.331771 0.085000 0.159325
0 0.877500 0.387067 0.070000 0.026242
1 0.692500 0.374611 0.050000 0.066935
0 0.832500 0.623707 0.062500 0.070281
0 0.173125 0.350515 0.071250 0.026242
0 0.765000 0.283974 0.045000 0.031865
1 0.537069 0.423950 0.216638 0.045651
1 0.347931 0.489128 0.188362 0.048547
0 0.535281 0.378177 0.048063 0.036579
0 0.492800 0.346729 0.005600 0.026167
0 0.506150 0.344419 0.039800 0.057160
0 0.837944 0.315890 0.025888 0.013224
0 0.956781 0.543641 0.051063 0.073224
0 0.854244 0.634349 0.013487 0.016589
0 0.744119 0.552943 0.008238 0.005604
0 0.395119 0.689531 0.005238 0.005117
0 0.504050 0.615590 0.005600 0.014686
0 0.384081 0.582587 0.028163 0.044274
0 0.276894 0.587249 0.026288 0.016111
0 0.274750 0.480122 0.012000 0.006167
1 0.446387 0.455619 0.200275 0.054630
0 0.043425 0.492962 0.036850 0.048716
0 0.102156 0.731354 0.036812 0.028782
0 0.377094 0.516289 0.014187 0.009147
