0 0.148000 0.513475 0.101333 0.110638
0 0.187333 0.721277 0.086667 0.114894
0 0.186000 0.281560 0.092000 0.112057
0 0.276667 0.503546 0.086667 0.113475
0 0.316667 0.869504 0.097333 0.104965
0 0.312000 0.306383 0.098667 0.136170
0 0.349333 0.690780 0.106667 0.104965
0 0.387333 0.434752 0.092000 0.120567
0 0.373333 0.109929 0.114667 0.117730
0 0.398667 0.568794 0.096000 0.102128
0 0.432000 0.231915 0.090667 0.114894
0 0.486667 0.661702 0.117333 0.097872
0 0.504000 0.332624 0.093333 0.100709
0 0.518667 0.763830 0.098667 0.097872
0 0.546667 0.902128 0.104000 0.113475
0 0.579333 0.247518 0.113333 0.112057
0 0.606000 0.426241 0.100000 0.112057
0 0.614000 0.553901 0.102667 0.112057
0 0.617333 0.092908 0.104000 0.092199
0 0.652667 0.685816 0.097333 0.123404
0 0.698667 0.343262 0.104000 0.144681
0 0.737333 0.531915 0.093333 0.104965
0 0.764667 0.226950 0.097333 0.107801
0 0.782667 0.740426 0.125333 0.130496
0 0.846000 0.480142 0.089333 0.095035
