0 0.276852 0.479407 0.033333 0.039539
0 0.700463 0.102965 0.121296 0.093904
0 0.603241 0.083196 0.015741 0.024712
0 0.611574 0.064250 0.021296 0.042834
0 0.623148 0.014827 0.079630 0.029654
0 0.467130 0.051895 0.039815 0.028007
0 0.389815 0.080725 0.092593 0.105437
0 0.438426 0.233937 0.119444 0.118616
0 0.308796 0.224876 0.091667 0.120264
0 0.213889 0.149918 0.046296 0.200988
0 0.332407 0.380560 0.251852 0.230643
0 0.497685 0.556837 0.041667 0.049423
0 0.483333 0.687809 0.179630 0.149918
0 0.657407 0.644975 0.064815 0.080725
0 0.728241 0.630972 0.060185 0.079077
0 0.731019 0.692751 0.043519 0.067545
0 0.714352 0.829489 0.139815 0.156507
0 0.791204 0.747117 0.015741 0.044481
0 0.558796 0.967875 0.060185 0.057661
0 0.478704 0.823723 0.068519 0.092257
0 0.231019 0.606260 0.015741 0.026359
0 0.305556 0.788303 0.050000 0.080725
0 0.291204 0.957990 0.097222 0.084020
