0 0.084545 0.449091 0.076364 0.129091
0 0.065455 0.183636 0.101818 0.160000
0 0.100455 0.686364 0.079091 0.083636
0 0.124091 0.860000 0.090000 0.076364
0 0.147273 0.787727 0.080000 0.059091
0 0.137727 0.604091 0.090000 0.082727
0 0.167273 0.690000 0.067273 0.076364
0 0.178182 0.874545 0.074545 0.069091
0 0.170000 0.404091 0.094545 0.095455
0 0.193182 0.612727 0.066364 0.080000
0 0.180000 0.476364 0.096364 0.096364
0 0.175455 0.112273 0.127273 0.077273
0 0.182727 0.215000 0.125455 0.095455
0 0.235455 0.786364 0.078182 0.065455
0 0.252727 0.870909 0.056364 0.089091
0 0.241818 0.675455 0.063636 0.083636
0 0.260909 0.392273 0.078182 0.088182
0 0.270909 0.485000 0.076364 0.077273
0 0.263182 0.246364 0.093636 0.110909
0 0.284545 0.130455 0.065455 0.102727
0 0.370909 0.713182 0.140000 0.157273
0 0.405000 0.423182 0.130000 0.208182
0 0.411364 0.215455 0.115455 0.189091
0 0.448636 0.714091 0.117273 0.135455
0 0.425455 0.839545 0.181818 0.088182
0 0.445000 0.592727 0.166364 0.090909
0 0.551364 0.726818 0.079091 0.166364
0 0.540455 0.177727 0.179091 0.131818
0 0.557727 0.467727 0.175455 0.128182
0 0.554091 0.310909 0.190000 0.125455
0 0.675000 0.854091 0.130000 0.208182
0 0.680455 0.646364 0.115455 0.189091
0 0.743182 0.097273 0.191818 0.187273
0 0.764091 0.422727 0.182727 0.196364
0 0.768182 0.256364 0.229091 0.132727
0 0.810000 0.608636 0.178182 0.131818
0 0.826818 0.898636 0.175455 0.128182
0 0.824091 0.740909 0.190000 0.123636
0 0.896818 0.132273 0.111818 0.199091
0 0.870455 0.375909 0.190000 0.113636
