0 0.434091 0.913182 0.126364 0.071818
0 0.168182 0.923636 0.156364 0.096364
0 0.672273 0.906364 0.080909 0.076364
0 0.846818 0.888182 0.073636 0.087273
0 0.775455 0.862727 0.056364 0.078182
0 0.590909 0.865455 0.080000 0.087273
0 0.678182 0.839545 0.074545 0.064545
0 0.863182 0.834545 0.066364 0.072727
0 0.392727 0.826818 0.092727 0.091818
0 0.601818 0.810909 0.078182 0.063636
0 0.464545 0.819545 0.092727 0.093636
0 0.100909 0.811364 0.072727 0.124545
0 0.203636 0.807727 0.090909 0.122727
0 0.776818 0.774545 0.062727 0.076364
0 0.861818 0.760455 0.087273 0.053636
0 0.666364 0.764091 0.081818 0.060909
0 0.383636 0.735000 0.085455 0.075455
0 0.476364 0.728636 0.074545 0.073636
0 0.237727 0.727727 0.108182 0.090000
0 0.123182 0.702727 0.100909 0.061818
0 0.708182 0.636364 0.152727 0.134545
0 0.420000 0.592273 0.203636 0.122727
0 0.212727 0.579091 0.185455 0.109091
0 0.712273 0.559091 0.131818 0.112727
0 0.836364 0.586818 0.081818 0.179091
0 0.590909 0.558182 0.085455 0.163636
0 0.728182 0.456818 0.163636 0.073636
0 0.179091 0.448182 0.125455 0.174545
0 0.469545 0.441818 0.122727 0.170909
0 0.312273 0.439545 0.119091 0.186364
0 0.860000 0.337727 0.203636 0.122727
0 0.652727 0.324545 0.185455 0.109091
0 0.105909 0.242727 0.180909 0.185455
0 0.431364 0.233636 0.190000 0.176364
0 0.265909 0.224091 0.124545 0.224545
0 0.619091 0.194091 0.125455 0.173636
0 0.909545 0.187273 0.122727 0.170909
0 0.752273 0.185000 0.117273 0.186364
0 0.145909 0.090909 0.195455 0.105455
0 0.389091 0.125909 0.107273 0.186364
