0 0.245455 0.892996 0.185455 0.169909
0 0.248182 0.695850 0.167273 0.242542
0 0.306364 0.412451 0.196364 0.321660
0 0.407727 0.847601 0.204545 0.304799
0 0.429091 0.548638 0.196364 0.272374
0 0.613182 0.957198 0.122727 0.085603
0 0.579091 0.869650 0.138182 0.159533
0 0.586818 0.718547 0.140909 0.181582
0 0.712727 0.944877 0.121818 0.110246
0 0.693636 0.794423 0.121818 0.190661
0 0.280000 0.056420 0.076364 0.112840
0 0.351818 0.097276 0.092727 0.145266
0 0.354091 0.011025 0.091818 0.022049
0 0.431364 0.145914 0.093636 0.141375
0 0.463182 0.038262 0.115455 0.076524
0 0.611818 0.448768 0.170909 0.241245
0 0.627273 0.206874 0.181818 0.237354
0 0.635909 0.054475 0.146364 0.093385
0 0.758182 0.319066 0.149091 0.246433
0 0.768182 0.108301 0.140000 0.159533
0 0.245455 0.892996 0.185455 0.169909
0 0.248182 0.695850 0.167273 0.242542
0 0.306364 0.412451 0.196364 0.321660
0 0.407727 0.847601 0.204545 0.304799
0 0.429091 0.548638 0.196364 0.272374
0 0.613182 0.957198 0.122727 0.085603
0 0.579091 0.869650 0.138182 0.159533
0 0.586818 0.718547 0.140909 0.181582
0 0.712727 0.944877 0.121818 0.110246
0 0.693636 0.794423 0.121818 0.190661
0 0.280000 0.056420 0.076364 0.112840
0 0.351818 0.097276 0.092727 0.145266
0 0.354091 0.011025 0.091818 0.022049
0 0.431364 0.145914 0.093636 0.141375
0 0.463182 0.038262 0.115455 0.076524
0 0.611818 0.448768 0.170909 0.241245
0 0.627273 0.206874 0.181818 0.237354
0 0.635909 0.054475 0.146364 0.093385
0 0.758182 0.319066 0.149091 0.246433
0 0.768182 0.108301 0.140000 0.159533
