0 0.147273 0.179637 0.205455 0.250324
0 0.338182 0.162776 0.154545 0.216602
0 0.541364 0.215953 0.208182 0.250324
0 0.239091 0.405966 0.214545 0.264591
0 0.459091 0.404021 0.172727 0.255512
0 0.142727 0.710765 0.149091 0.166018
0 0.250455 0.651751 0.099091 0.182879
0 0.357273 0.646563 0.114545 0.185473
0 0.191818 0.852140 0.107273 0.160830
0 0.315909 0.804799 0.122727 0.156939
0 0.802273 0.140726 0.104545 0.094682
0 0.765000 0.247730 0.093636 0.119326
0 0.869091 0.241245 0.092727 0.127108
0 0.740000 0.366407 0.090909 0.120623
0 0.845909 0.400130 0.097273 0.156939
0 0.547727 0.653048 0.153636 0.221790
0 0.717727 0.649805 0.150000 0.238651
0 0.865909 0.645914 0.131818 0.202335
0 0.653636 0.846952 0.160000 0.189364
0 0.833636 0.839818 0.165455 0.185473
