1 0.487500 0.405889 0.302500 0.105081
0 0.278125 0.495958 0.151250 0.063510
0 0.376875 0.690531 0.146250 0.058891
1 0.580625 0.622402 0.301250 0.154734
0 0.325000 0.595266 0.150000 0.061201
0 0.885000 0.196016 0.132500 0.067552
1 0.546250 0.496247 0.315000 0.073326
0 0.892500 0.815531 0.057500 0.034065
0 0.731250 0.170612 0.062500 0.029446
0 0.398125 0.757506 0.073750 0.039261
0 0.398750 0.374711 0.075000 0.050808
0 0.883750 0.497691 0.067500 0.049654
0 0.883750 0.675520 0.087500 0.046189
0 0.808125 0.661952 0.073750 0.050231
0 0.025625 0.582564 0.051250 0.054273
0 0.530000 0.177540 0.052500 0.029446
0 0.353125 0.275115 0.053750 0.038684
0 0.617500 0.688222 0.105000 0.105081
0 0.289375 0.170323 0.056250 0.038106
0 0.058750 0.134238 0.027500 0.016744
0 0.011875 0.325635 0.023750 0.013857
0 0.007500 0.306582 0.015000 0.016166
0 0.533750 0.264434 0.025000 0.015012
0 0.505625 0.740185 0.036250 0.011547
0 0.579519 0.332601 0.044037 0.012777
0 0.597500 0.257442 0.020000 0.011420
0 0.576175 0.254555 0.022350 0.011420
1 0.542594 0.243733 0.185188 0.109867
1 0.547819 0.268943 0.225637 0.159134
