1 0.701250 0.482679 0.262500 0.151270
0 0.482500 0.397806 0.155000 0.077367
0 0.075625 0.466801 0.143750 0.074480
1 0.246875 0.551963 0.368750 0.157044
0 0.273750 0.431293 0.150000 0.076212
1 0.514375 0.520785 0.196250 0.153580
0 0.756875 0.438222 0.118750 0.040416
0 0.552500 0.675520 0.115000 0.036952
0 0.170000 0.697748 0.110000 0.045612
0 0.190000 0.661374 0.117500 0.039838
0 0.265000 0.292725 0.122500 0.030023
0 0.951875 0.406467 0.061250 0.027714
0 0.121250 0.576501 0.217500 0.059469
0 0.815000 0.255196 0.032500 0.012702
0 0.855625 0.250866 0.036250 0.008661
0 0.870000 0.515878 0.032500 0.021363
1 0.962500 0.492783 0.075000 0.088337
1 0.908125 0.498845 0.183750 0.113164
