1 0.300000 0.518764 0.267500 0.153002
0 0.522500 0.601905 0.157500 0.077945
0 0.925625 0.530023 0.146250 0.075058
1 0.751875 0.446305 0.373750 0.159353
0 0.728750 0.566975 0.152500 0.077367
1 0.485625 0.479503 0.201250 0.154157
0 0.245625 0.564088 0.118750 0.041570
0 0.441875 0.324769 0.116250 0.037529
0 0.823125 0.300231 0.111250 0.046189
0 0.805000 0.336894 0.117500 0.040993
0 0.743125 0.705543 0.123750 0.031178
0 0.052500 0.597864 0.062500 0.028291
0 0.876875 0.420901 0.218750 0.061201
0 0.195000 0.747691 0.032500 0.012702
0 0.154375 0.752309 0.036250 0.009238
0 0.130625 0.487298 0.033750 0.021940
1 0.037500 0.510393 0.075000 0.088915
1 0.092500 0.504619 0.185000 0.114319
