1 0.771250 0.634489 0.292500 0.108716
0 0.526875 0.814433 0.066250 0.043112
1 0.185000 0.395501 0.357500 0.125586
0 0.338750 0.517338 0.050000 0.037488
1 0.510000 0.515464 0.330000 0.121837
1 0.176875 0.500000 0.353750 0.130272
0 0.960625 0.210872 0.058750 0.037488
0 0.453125 0.674321 0.086250 0.053421
0 0.652500 0.817713 0.040000 0.027179
0 0.655625 0.284911 0.046250 0.033739
1 0.725625 0.170103 0.083750 0.072165
0 0.589375 0.149016 0.063750 0.028116
0 0.652500 0.743205 0.092500 0.031865
0 0.354375 0.790066 0.058750 0.041237
0 0.020625 0.581537 0.041250 0.042174
0 0.703750 0.259138 0.132500 0.062793
0 0.350000 0.214152 0.052500 0.027179
1 0.926875 0.506092 0.116250 0.035614
1 0.620000 0.856607 0.112500 0.031865
0 0.210000 0.615276 0.050000 0.029053
0 0.280625 0.249297 0.038750 0.028116
0 0.093750 0.302249 0.040000 0.023430
0 0.286250 0.286317 0.022500 0.019681
0 0.289375 0.183693 0.031250 0.016870
0 0.151875 0.253983 0.031250 0.029991
0 0.603125 0.875820 0.023750 0.012184
0 0.498750 0.678538 0.037500 0.018744
0 0.525000 0.860825 0.022500 0.010309
0 0.508125 0.848172 0.018750 0.014995
0 0.376875 0.611059 0.041250 0.024367
0 0.666250 0.437676 0.022500 0.016870
0 0.682500 0.467198 0.025000 0.015933
0 0.304375 0.585754 0.021250 0.018744
0 0.601250 0.504217 0.025000 0.013121
0 0.421250 0.330366 0.032500 0.017807
0 0.520000 0.234302 0.050000 0.026242
0 0.625000 0.194939 0.050000 0.026242
0 0.456250 0.236645 0.040000 0.021556
0 0.320625 0.278819 0.041250 0.032802
0 0.398750 0.220712 0.052500 0.027179
0 0.463125 0.172446 0.018750 0.013121
0 0.415000 0.142924 0.020000 0.014058
0 0.708125 0.179007 0.053750 0.022493
0 0.527500 0.172446 0.017500 0.013121
0 0.445000 0.343486 0.022500 0.015933
0 0.721875 0.231490 0.048750 0.024367
0 0.407500 0.192127 0.032500 0.022493
0 0.486250 0.191659 0.027500 0.014058
0 0.589375 0.173383 0.018750 0.013121
0 0.541875 0.337863 0.021250 0.017807
0 0.417500 0.131209 0.017500 0.011246
0 0.301875 0.286785 0.011250 0.018744
0 0.698125 0.223524 0.013750 0.008435
0 0.847500 0.873946 0.027500 0.015933
0 0.775625 0.679944 0.033750 0.017807
0 0.711875 0.810216 0.033750 0.025305
0 0.860625 0.718369 0.023750 0.021556
0 0.871875 0.828022 0.028750 0.019681
0 0.791875 0.758201 0.021250 0.014995
0 0.744375 0.822399 0.018750 0.014058
0 0.919375 0.745080 0.031250 0.022493
0 0.692500 0.870665 0.030000 0.022493
0 0.694375 0.856139 0.018750 0.010309
0 0.872500 0.263824 0.022500 0.015933
0 0.853750 0.197282 0.040000 0.023430
0 0.928125 0.198219 0.013750 0.008435
0 0.890625 0.275539 0.013750 0.009372
0 0.798750 0.240394 0.012500 0.010309
0 0.781875 0.261949 0.013750 0.010309
0 0.547500 0.863168 0.020000 0.011246
0 0.442500 0.870197 0.015000 0.006560
1 0.508750 0.867854 0.240000 0.029991
1 0.453750 0.845829 0.247500 0.051546
0 0.721250 0.882849 0.017500 0.011246
0 0.658750 0.799438 0.045000 0.029991
0 0.960625 0.851921 0.011250 0.007498
0 0.852500 0.665417 0.015000 0.009372
0 0.688125 0.490159 0.051250 0.028116
0 0.523125 0.496720 0.018750 0.011246
0 0.428125 0.391753 0.016250 0.013121
0 0.518125 0.331771 0.013750 0.014995
0 0.530625 0.332709 0.011250 0.014995
0 0.889375 0.258201 0.011250 0.012184
0 0.237500 0.613871 0.017500 0.013121
0 0.156875 0.587629 0.036250 0.028116
0 0.270000 0.650890 0.035000 0.025305
0 0.203750 0.796157 0.050000 0.036551
0 0.261250 0.853327 0.017500 0.021556
0 0.248125 0.851921 0.018750 0.022493
0 0.169375 0.474227 0.188750 0.058107
0 0.364375 0.121837 0.023750 0.009372
1 0.692500 0.144799 0.057500 0.023430
1 0.865000 0.146204 0.042500 0.007498
0 0.705625 0.192596 0.046250 0.021556
0 0.681875 0.201500 0.051250 0.024367
