0 0.523182 0.857257 0.182727 0.170654
0 0.668182 0.779904 0.098182 0.303030
0 0.382273 0.769537 0.082727 0.285486
0 0.520455 0.688995 0.170000 0.143541
0 0.281364 0.764753 0.102727 0.298246
0 0.294545 0.456140 0.169091 0.169059
0 0.740000 0.454545 0.114545 0.290271
0 0.584091 0.457735 0.195455 0.299841
0 0.167273 0.367624 0.070909 0.291866
0 0.290000 0.294258 0.152727 0.154705
0 0.883182 0.350080 0.155455 0.311005
0 0.086364 0.235247 0.078182 0.253589
0 0.499091 0.220893 0.205455 0.298246
0 0.228182 0.139553 0.167273 0.135566
0 0.704545 0.165869 0.187273 0.255183
