0 0.540909 0.853270 0.190909 0.197767
0 0.681818 0.753589 0.112727 0.317384
0 0.396364 0.786284 0.096364 0.296651
0 0.530000 0.685805 0.176364 0.169059
0 0.295909 0.797448 0.117273 0.312600
0 0.293182 0.488038 0.177273 0.194577
0 0.736818 0.417863 0.128182 0.306220
0 0.582273 0.444976 0.210000 0.328549
0 0.161818 0.418660 0.085455 0.301435
0 0.280909 0.327751 0.160000 0.177033
0 0.874091 0.292663 0.170000 0.333333
0 0.075455 0.299841 0.090909 0.264753
0 0.485909 0.223285 0.219091 0.328549
0 0.211364 0.182616 0.173636 0.161085
0 0.686818 0.137959 0.199091 0.275917
0 0.540909 0.853270 0.190909 0.197767
0 0.681818 0.753589 0.112727 0.317384
0 0.396364 0.786284 0.096364 0.296651
0 0.530000 0.685805 0.176364 0.169059
0 0.295909 0.797448 0.117273 0.312600
0 0.293182 0.488038 0.177273 0.194577
0 0.736818 0.417863 0.128182 0.306220
0 0.582273 0.444976 0.210000 0.328549
0 0.161818 0.418660 0.085455 0.301435
0 0.280909 0.327751 0.160000 0.177033
0 0.874091 0.292663 0.170000 0.333333
0 0.075455 0.299841 0.090909 0.264753
0 0.485909 0.223285 0.219091 0.328549
0 0.211364 0.182616 0.173636 0.161085
0 0.686818 0.137959 0.199091 0.275917
