0 0.116667 0.344527 0.169333 0.181592
0 0.118000 0.453980 0.158667 0.221393
0 0.163333 0.267413 0.148000 0.166667
0 0.270667 0.221393 0.122667 0.169154
0 0.307333 0.323383 0.145333 0.184080
0 0.268000 0.427861 0.152000 0.203980
0 0.216667 0.570896 0.190667 0.256219
0 0.362667 0.696517 0.173333 0.268657
0 0.416000 0.544776 0.186667 0.218905
0 0.398000 0.202736 0.137333 0.171642
0 0.461333 0.304726 0.165333 0.171642
0 0.544000 0.233831 0.133333 0.144279
0 0.558667 0.737562 0.205333 0.256219
0 0.626667 0.588308 0.170667 0.201493
0 0.632000 0.373134 0.136000 0.184080
0 0.702667 0.481343 0.152000 0.201493
0 0.688000 0.294776 0.138667 0.156716
0 0.794667 0.388060 0.160000 0.184080
0 0.880000 0.504975 0.170667 0.189055
0 0.864667 0.638060 0.156000 0.231343
0 0.768667 0.748756 0.198667 0.258706
0 0.116667 0.344527 0.169333 0.181592
0 0.118000 0.453980 0.158667 0.221393
0 0.163333 0.267413 0.148000 0.166667
0 0.270667 0.221393 0.122667 0.169154
0 0.307333 0.323383 0.145333 0.184080
0 0.268000 0.427861 0.152000 0.203980
0 0.216667 0.570896 0.190667 0.256219
0 0.362667 0.696517 0.173333 0.268657
0 0.416000 0.544776 0.186667 0.218905
0 0.398000 0.202736 0.137333 0.171642
0 0.461333 0.304726 0.165333 0.171642
0 0.544000 0.233831 0.133333 0.144279
0 0.558667 0.737562 0.205333 0.256219
0 0.626667 0.588308 0.170667 0.201493
0 0.632000 0.373134 0.136000 0.184080
0 0.702667 0.481343 0.152000 0.201493
0 0.688000 0.294776 0.138667 0.156716
0 0.794667 0.388060 0.160000 0.184080
0 0.880000 0.504975 0.170667 0.189055
0 0.864667 0.638060 0.156000 0.231343
0 0.768667 0.748756 0.198667 0.258706
