0 0.102667 0.376923 0.112000 0.138462
0 0.161333 0.313462 0.096000 0.134615
0 0.100000 0.515385 0.133333 0.192308
0 0.175333 0.653846 0.153333 0.192308
0 0.202000 0.426923 0.100000 0.146154
0 0.254667 0.261538 0.090667 0.115385
0 0.250000 0.353846 0.078667 0.123077
0 0.277333 0.513462 0.128000 0.180769
0 0.335333 0.444231 0.094667 0.150000
0 0.362667 0.355769 0.069333 0.134615
0 0.354000 0.300000 0.086667 0.115385
0 0.396667 0.236538 0.070667 0.119231
0 0.470000 0.286538 0.078667 0.096154
0 0.548000 0.242308 0.074667 0.100000
0 0.588667 0.296154 0.081333 0.123077
0 0.491333 0.338462 0.100000 0.123077
0 0.606000 0.363462 0.100000 0.134615
0 0.721333 0.307692 0.082667 0.115385
0 0.721333 0.367308 0.088000 0.134615
0 0.674000 0.434615 0.078667 0.130769
0 0.459333 0.500000 0.110667 0.169231
0 0.393333 0.607692 0.130667 0.176923
0 0.617333 0.503846 0.117333 0.138462
0 0.592000 0.592308 0.117333 0.184615
0 0.538000 0.696154 0.140000 0.207692
0 0.764000 0.680769 0.133333 0.207692
0 0.750000 0.555769 0.110667 0.173077
0 0.819333 0.473077 0.110667 0.153846
0 0.832667 0.388462 0.076000 0.138462
0 0.905333 0.553846 0.114667 0.161538
