0 0.532667 0.086538 0.057333 0.173077
0 0.563333 0.117308 0.052000 0.211538
0 0.581333 0.119231 0.045333 0.207692
0 0.600000 0.226923 0.048000 0.215385
0 0.577333 0.432692 0.040000 0.234615
0 0.584667 0.657692 0.041333 0.223077
0 0.563333 0.773077 0.049333 0.246154
0 0.557333 0.488462 0.050667 0.300000
0 0.538000 0.819231 0.054667 0.300000
0 0.509333 0.942308 0.048000 0.115385
0 0.503333 0.382692 0.068000 0.334615
0 0.472000 0.190385 0.072000 0.380769
0 0.488667 0.830769 0.057333 0.338462
0 0.460667 0.753846 0.073333 0.353846
0 0.428667 0.594231 0.084000 0.419231
