0 0.096667 0.651408 0.137333 0.211268
0 0.111333 0.503521 0.089333 0.154930
0 0.171333 0.413732 0.078667 0.144366
0 0.202667 0.515845 0.090667 0.165493
0 0.178000 0.762324 0.164000 0.250000
0 0.265333 0.339789 0.096000 0.137324
0 0.265333 0.426056 0.082667 0.147887
0 0.274667 0.582746 0.141333 0.214789
0 0.334000 0.473592 0.094667 0.179577
0 0.373333 0.399648 0.088000 0.144366
0 0.356000 0.352113 0.090667 0.140845
0 0.388000 0.283451 0.074667 0.123239
0 0.470000 0.290493 0.086667 0.123239
0 0.480000 0.341549 0.090667 0.140845
0 0.456000 0.505282 0.125333 0.200704
0 0.388000 0.639085 0.157333 0.242958
0 0.538667 0.241197 0.069333 0.123239
0 0.591333 0.267606 0.089333 0.133803
0 0.598000 0.320423 0.092000 0.154930
0 0.663333 0.366197 0.110667 0.169014
0 0.710000 0.241197 0.100000 0.144366
0 0.712667 0.295775 0.097333 0.169014
0 0.822000 0.274648 0.078667 0.147887
0 0.801333 0.352113 0.122667 0.169014
0 0.597333 0.454225 0.112000 0.176056
0 0.571333 0.565141 0.126667 0.214789
0 0.516667 0.704225 0.164000 0.267606
0 0.743333 0.468310 0.140000 0.211268
0 0.764000 0.595070 0.149333 0.232394
0 0.896000 0.417254 0.146667 0.214789
