0 0.493333 0.935185 0.061333 0.129630
0 0.554667 0.894444 0.080000 0.203704
0 0.599333 0.751852 0.094667 0.466667
0 0.428667 0.877778 0.052000 0.244444
0 0.440000 0.705556 0.050667 0.262963
0 0.465333 0.831481 0.061333 0.292593
0 0.516000 0.824074 0.069333 0.344444
0 0.544667 0.535185 0.078667 0.396296
0 0.508000 0.398148 0.069333 0.285185
0 0.451333 0.524074 0.054667 0.262963
0 0.412667 0.462963 0.052000 0.259259
0 0.426667 0.257407 0.058667 0.285185
0 0.450000 0.233333 0.060000 0.274074
0 0.478000 0.144444 0.062667 0.288889
0 0.517333 0.087037 0.061333 0.174074
0 0.571333 0.170370 0.094667 0.340741
0 0.406667 0.109259 0.045333 0.174074
0 0.493333 0.935185 0.061333 0.129630
0 0.554667 0.894444 0.080000 0.203704
0 0.599333 0.751852 0.094667 0.466667
0 0.428667 0.877778 0.052000 0.244444
0 0.440000 0.705556 0.050667 0.262963
0 0.465333 0.831481 0.061333 0.292593
0 0.516000 0.824074 0.069333 0.344444
0 0.544667 0.535185 0.078667 0.396296
0 0.508000 0.398148 0.069333 0.285185
0 0.451333 0.524074 0.054667 0.262963
0 0.412667 0.462963 0.052000 0.259259
0 0.426667 0.257407 0.058667 0.285185
0 0.450000 0.233333 0.060000 0.274074
0 0.478000 0.144444 0.062667 0.288889
0 0.517333 0.087037 0.061333 0.174074
0 0.571333 0.170370 0.094667 0.340741
0 0.406667 0.109259 0.045333 0.174074
