0 0.080667 0.442675 0.102667 0.159236
0 0.140667 0.316879 0.121333 0.117834
0 0.191333 0.363057 0.116000 0.133758
0 0.226000 0.240446 0.081333 0.111465
0 0.270667 0.285032 0.093333 0.124204
0 0.360000 0.224522 0.104000 0.111465
0 0.316000 0.407643 0.090667 0.140127
0 0.110000 0.595541 0.137333 0.191083
0 0.201333 0.472930 0.112000 0.175159
0 0.302667 0.593949 0.157333 0.207006
0 0.374000 0.745223 0.137333 0.178344
0 0.376667 0.492038 0.148000 0.168790
0 0.382000 0.326433 0.102667 0.136943
0 0.448667 0.269108 0.092000 0.117834
0 0.497333 0.323248 0.098667 0.124204
0 0.529333 0.226115 0.093333 0.108280
0 0.598000 0.285032 0.102667 0.124204
0 0.670000 0.237261 0.089333 0.105096
0 0.611333 0.356688 0.116000 0.140127
0 0.643333 0.457006 0.100000 0.124204
0 0.544000 0.506369 0.120000 0.159236
0 0.494000 0.605096 0.142667 0.197452
0 0.628000 0.727707 0.146667 0.232484
0 0.688667 0.558917 0.124000 0.207006
0 0.757333 0.297771 0.090667 0.111465
0 0.744667 0.369427 0.097333 0.140127
0 0.782667 0.466561 0.120000 0.162420
0 0.872000 0.383758 0.112000 0.143312
0 0.918000 0.519108 0.121333 0.184713
0 0.842667 0.636943 0.152000 0.235669
