0 0.514019 0.303309 0.077437 0.172794
0 0.422563 0.323529 0.110814 0.169118
0 0.343124 0.340074 0.093458 0.194853
0 0.246996 0.369485 0.152203 0.187500
0 0.198932 0.391544 0.141522 0.209559
0 0.134846 0.516544 0.202937 0.283088
0 0.269025 0.545956 0.214953 0.386029
0 0.612817 0.312500 0.109479 0.169118
0 0.711615 0.312500 0.117490 0.220588
0 0.795060 0.343750 0.142857 0.216912
0 0.877837 0.391544 0.209613 0.253676
0 0.879840 0.492647 0.181575 0.316176
0 0.811081 0.564338 0.249666 0.393382
0 0.654206 0.601103 0.210948 0.378676
0 0.451268 0.588235 0.165554 0.441176
