0 0.554000 0.262963 0.086667 0.111111
0 0.417333 0.257407 0.088000 0.107407
0 0.486000 0.311111 0.100000 0.118519
0 0.402000 0.312963 0.094667 0.129630
0 0.354000 0.361111 0.118667 0.144444
0 0.299333 0.300000 0.097333 0.125926
0 0.198667 0.359259 0.122667 0.155556
0 0.275333 0.438889 0.177333 0.181481
0 0.353333 0.503704 0.157333 0.207407
0 0.584667 0.327778 0.110667 0.159259
0 0.674667 0.296296 0.136000 0.133333
0 0.661333 0.359259 0.122667 0.148148
0 0.781333 0.385185 0.120000 0.155556
0 0.696667 0.422222 0.158667 0.148148
0 0.698000 0.494444 0.198667 0.203704
0 0.880667 0.522222 0.164000 0.222222
0 0.735333 0.666667 0.214667 0.296296
0 0.546000 0.531481 0.230667 0.188889
0 0.485333 0.662963 0.168000 0.281481
0 0.136000 0.524074 0.208000 0.255556
0 0.246000 0.631481 0.177333 0.270370
