0 0.549333 0.239464 0.098667 0.134100
0 0.414667 0.203065 0.098667 0.137931
0 0.486667 0.279693 0.101333 0.160920
0 0.400667 0.277778 0.097333 0.157088
0 0.285333 0.233716 0.096000 0.153257
0 0.186667 0.298851 0.125333 0.191571
0 0.350000 0.340996 0.094667 0.176245
0 0.276667 0.408046 0.190667 0.218391
0 0.356667 0.501916 0.148000 0.229885
0 0.153333 0.496169 0.210667 0.310345
0 0.677333 0.304598 0.136000 0.157088
0 0.593333 0.321839 0.122667 0.191571
0 0.670000 0.381226 0.124000 0.164751
0 0.796000 0.450192 0.117333 0.203065
0 0.704000 0.477011 0.165333 0.218391
0 0.698000 0.565134 0.209333 0.272031
0 0.873333 0.605364 0.160000 0.260536
0 0.542667 0.555556 0.229333 0.222222
0 0.703333 0.756705 0.214667 0.333333
0 0.492667 0.710728 0.188000 0.295019
0 0.297333 0.662835 0.194667 0.306513
