0 0.548667 0.306122 0.078667 0.130612
0 0.439333 0.291837 0.073333 0.175510
0 0.496667 0.344898 0.118667 0.175510
0 0.393333 0.328571 0.122667 0.151020
0 0.374000 0.408163 0.089333 0.220408
0 0.410667 0.506122 0.128000 0.253061
0 0.606000 0.334694 0.081333 0.171429
0 0.707333 0.344898 0.094667 0.183673
0 0.686667 0.385714 0.098667 0.232653
0 0.812667 0.393878 0.102667 0.208163
0 0.743333 0.463265 0.118667 0.257143
0 0.614000 0.489796 0.142667 0.285714
0 0.896667 0.493878 0.116000 0.277551
0 0.776000 0.602041 0.173333 0.363265
0 0.565333 0.630612 0.178667 0.338776
0 0.283333 0.314286 0.078667 0.195918
0 0.274667 0.387755 0.125333 0.195918
0 0.223333 0.455102 0.121333 0.265306
0 0.129333 0.448980 0.152000 0.261224
0 0.126667 0.600000 0.178667 0.261224
0 0.331333 0.634694 0.225333 0.363265
