0 0.503338 0.733746 0.101469 0.111455
0 0.533378 0.702786 0.081442 0.130031
0 0.652203 0.724458 0.086782 0.142415
0 0.630841 0.698142 0.105474 0.164087
0 0.360481 0.722910 0.098798 0.114551
0 0.442590 0.704334 0.089453 0.145511
0 0.349132 0.671827 0.110814 0.136223
0 0.228972 0.673375 0.105474 0.145511
0 0.311081 0.640867 0.096128 0.148607
0 0.320427 0.537152 0.154873 0.219814
0 0.157543 0.575851 0.149533 0.191950
0 0.151535 0.438080 0.174900 0.250774
0 0.459279 0.507740 0.136182 0.241486
0 0.386515 0.328173 0.220294 0.309598
0 0.766355 0.688854 0.101469 0.145511
0 0.689586 0.636223 0.134846 0.157895
0 0.690254 0.563467 0.138852 0.185759
0 0.602136 0.523220 0.144192 0.260062
0 0.682243 0.356037 0.216288 0.303406
0 0.842457 0.608359 0.117490 0.207430
0 0.855808 0.476780 0.192256 0.235294
0 0.503338 0.733746 0.101469 0.111455
0 0.533378 0.702786 0.081442 0.130031
0 0.652203 0.724458 0.086782 0.142415
0 0.630841 0.698142 0.105474 0.164087
0 0.360481 0.722910 0.098798 0.114551
0 0.442590 0.704334 0.089453 0.145511
0 0.349132 0.671827 0.110814 0.136223
0 0.228972 0.673375 0.105474 0.145511
0 0.311081 0.640867 0.096128 0.148607
0 0.320427 0.537152 0.154873 0.219814
0 0.157543 0.575851 0.149533 0.191950
0 0.151535 0.438080 0.174900 0.250774
0 0.459279 0.507740 0.136182 0.241486
0 0.386515 0.328173 0.220294 0.309598
0 0.766355 0.688854 0.101469 0.145511
0 0.689586 0.636223 0.134846 0.157895
0 0.690254 0.563467 0.138852 0.185759
0 0.602136 0.523220 0.144192 0.260062
0 0.682243 0.356037 0.216288 0.303406
0 0.842457 0.608359 0.117490 0.207430
0 0.855808 0.476780 0.192256 0.235294
