0 0.603471 0.451890 0.064085 0.250859
0 0.588117 0.575601 0.062750 0.209622
0 0.577437 0.329897 0.065421 0.261168
0 0.574099 0.099656 0.072096 0.199313
0 0.555407 0.113402 0.069426 0.226804
0 0.532710 0.091065 0.090788 0.182131
0 0.493992 0.108247 0.104139 0.216495
0 0.490654 0.331615 0.121495 0.388316
0 0.608812 0.864261 0.074766 0.223368
0 0.590120 0.780069 0.082777 0.281787
0 0.576769 0.915808 0.077437 0.147766
0 0.545394 0.902062 0.105474 0.195876
0 0.511348 0.725086 0.120160 0.405498
0 0.426569 0.166667 0.161549 0.333333
0 0.453271 0.735395 0.158879 0.529210
