0 0.599466 0.516605 0.050734 0.250923
0 0.578104 0.653137 0.053405 0.221402
0 0.578104 0.378229 0.050734 0.247232
0 0.584112 0.099631 0.062750 0.199262
0 0.567423 0.140221 0.058745 0.280443
0 0.584112 0.907749 0.062750 0.184502
0 0.568758 0.843173 0.066756 0.254613
0 0.556075 0.950185 0.068091 0.099631
0 0.527370 0.931734 0.096128 0.136531
0 0.504673 0.776753 0.096128 0.380074
0 0.440587 0.747232 0.136182 0.505535
0 0.497997 0.345018 0.098798 0.394834
0 0.507343 0.097786 0.101469 0.195572
0 0.439920 0.142066 0.137517 0.284133
