0 0.516689 0.230627 0.093458 0.158672
0 0.563418 0.302583 0.082777 0.162362
0 0.463952 0.274908 0.092123 0.158672
0 0.360481 0.223247 0.085447 0.188192
0 0.377837 0.278598 0.104139 0.180812
0 0.253004 0.249077 0.118825 0.188192
0 0.678238 0.319188 0.117490 0.195572
0 0.631509 0.348708 0.096128 0.202952
0 0.702270 0.398524 0.109479 0.214022
0 0.788385 0.385609 0.097463 0.188192
0 0.714953 0.485240 0.169559 0.298893
0 0.869826 0.509225 0.124166 0.243542
0 0.824433 0.660517 0.174900 0.354244
0 0.599466 0.518450 0.144192 0.291513
0 0.602804 0.693727 0.230975 0.420664
0 0.443258 0.492620 0.149533 0.298893
0 0.319092 0.424354 0.154873 0.309963
0 0.158211 0.321033 0.124166 0.243542
0 0.148865 0.455720 0.148198 0.298893
0 0.309746 0.614391 0.221629 0.424354
