0 0.508011 0.226937 0.089453 0.136531
0 0.556075 0.289668 0.078772 0.143911
0 0.456609 0.282288 0.088117 0.136531
0 0.352470 0.258303 0.080107 0.169742
0 0.371829 0.308118 0.100134 0.158672
0 0.244993 0.309963 0.113485 0.162362
0 0.671562 0.276753 0.112150 0.169742
0 0.626168 0.315498 0.090788 0.180812
0 0.698264 0.352399 0.104139 0.188192
0 0.784379 0.319188 0.092123 0.166052
0 0.713618 0.433579 0.161549 0.261993
0 0.869159 0.422509 0.117490 0.217712
0 0.827770 0.583026 0.165554 0.317343
0 0.599466 0.494465 0.136182 0.258303
0 0.609479 0.667897 0.220294 0.369004
0 0.443258 0.505535 0.141522 0.265683
0 0.316422 0.470480 0.146862 0.276753
0 0.153538 0.404059 0.117490 0.217712
0 0.148865 0.538745 0.140187 0.265683
0 0.315087 0.660517 0.210948 0.376384
