0 0.731250 0.182812 0.029167 0.064062
0 0.639062 0.109766 0.016667 0.030469
0 0.587500 0.178516 0.026042 0.027344
0 0.545573 0.043750 0.018229 0.029687
0 0.496875 0.183594 0.018750 0.026562
0 0.402865 0.189844 0.030729 0.062500
0 0.407031 0.118359 0.024479 0.027344
0 0.450000 0.042188 0.019792 0.029687
0 0.356510 0.116016 0.015104 0.028906
0 0.263021 0.042578 0.018750 0.030469
0 0.168490 0.114453 0.022396 0.024219
0 0.071875 0.822656 0.021875 0.034375
1 0.790365 0.082422 0.167187 0.164844
1 0.527083 0.037500 0.014583 0.075000
0 0.165625 0.825391 0.021875 0.022656
0 0.217708 0.751953 0.023958 0.024219
0 0.125000 0.754297 0.025000 0.021094
0 0.073177 0.679297 0.020313 0.028906
0 0.169271 0.610547 0.020833 0.022656
0 0.013802 0.533984 0.025521 0.030469
0 0.070573 0.470703 0.032813 0.041406
0 0.168750 0.467578 0.018750 0.033594
0 0.071094 0.326172 0.019271 0.017969
0 0.119010 0.327344 0.025521 0.034375
0 0.165885 0.253516 0.019271 0.019531
0 0.311458 0.185547 0.025000 0.025781
0 0.451823 0.255469 0.020313 0.018750
0 0.214062 0.398047 0.018750 0.022656
0 0.264844 0.394922 0.020313 0.030469
0 0.261198 0.325391 0.016146 0.033594
0 0.311979 0.467969 0.015625 0.021875
0 0.357812 0.465625 0.016667 0.025000
0 0.404687 0.325781 0.017708 0.026562
0 0.404427 0.395703 0.017188 0.024219
0 0.447656 0.470703 0.025521 0.038281
0 0.357031 0.607031 0.017188 0.023438
0 0.262760 0.688672 0.026562 0.042969
0 0.261979 0.822656 0.023958 0.021875
0 0.360417 0.818750 0.020833 0.020313
0 0.403646 0.750391 0.020833 0.019531
0 0.497656 0.678906 0.022396 0.018750
0 0.451823 0.821094 0.021354 0.029687
0 0.636198 0.250781 0.021354 0.020313
0 0.545573 0.324219 0.019271 0.029687
0 0.684635 0.321875 0.026562 0.029687
0 0.736458 0.393750 0.021875 0.023438
0 0.682031 0.462500 0.026562 0.026562
0 0.546354 0.462500 0.016667 0.037500
0 0.495312 0.539453 0.021875 0.022656
0 0.544792 0.537891 0.019792 0.022656
0 0.640104 0.607422 0.021875 0.016406
0 0.733854 0.532422 0.018750 0.024219
0 0.590885 0.748047 0.022396 0.021094
0 0.640104 0.817578 0.019792 0.019531
0 0.730469 0.749219 0.059896 0.034375
0 0.779427 0.820703 0.027604 0.024219
0 0.828906 0.892578 0.018229 0.017969
0 0.924479 0.820312 0.023958 0.025000
0 0.973437 0.748047 0.018750 0.021094
0 0.876823 0.746094 0.034896 0.035937
0 0.778385 0.677344 0.018229 0.017188
0 0.925781 0.607422 0.030729 0.027344
0 0.969792 0.535937 0.021875 0.018750
0 0.873437 0.463281 0.019792 0.018750
0 0.969010 0.393750 0.021354 0.025000
0 0.921615 0.325391 0.016146 0.025781
0 0.072396 0.115234 0.023958 0.021094
0 0.118229 0.041406 0.021875 0.021875
0 0.830729 0.325000 0.021875 0.025000
0 0.779427 0.252344 0.020313 0.029687
0 0.873437 0.253906 0.018750 0.021875
0 0.971354 0.253906 0.026042 0.029687
0 0.919792 0.180469 0.027083 0.028125
0 0.919792 0.044141 0.023958 0.025781
0 0.969531 0.037500 0.023438 0.020313
0 0.820833 0.124609 0.023958 0.032031
0 0.763542 0.097266 0.020833 0.024219
0 0.802604 0.084375 0.020833 0.018750
0 0.855729 0.058203 0.010417 0.024219
0 0.796875 0.016016 0.028125 0.030469
0 0.764062 0.010547 0.012500 0.017969
