0 0.506699 0.725462 0.014354 0.019915
0 0.813397 0.145092 0.051675 0.056899
0 0.755981 0.158606 0.022967 0.027027
0 0.726794 0.158606 0.022010 0.027027
0 0.751675 0.199858 0.031579 0.044097
0 0.781340 0.199858 0.018182 0.024182
0 0.811005 0.241110 0.035407 0.075391
0 0.808612 0.287340 0.015311 0.025605
0 0.781340 0.243243 0.018182 0.025605
0 0.778947 0.283073 0.019139 0.028450
0 0.774641 0.331437 0.018182 0.022760
0 0.774641 0.374822 0.023923 0.029872
0 0.800478 0.376245 0.033493 0.106686
0 0.833014 0.421764 0.023923 0.035562
0 0.896651 0.426031 0.019139 0.029872
0 0.857895 0.470839 0.037321 0.085349
0 0.829187 0.471550 0.027751 0.032717
0 0.795694 0.472973 0.018182 0.024182
0 0.764115 0.467283 0.043062 0.052632
0 0.897608 0.528450 0.040191 0.089616
0 0.823445 0.567568 0.020096 0.025605
0 0.787560 0.559744 0.022967 0.032717
0 0.758373 0.556899 0.023923 0.038407
0 0.788038 0.611664 0.022010 0.031294
0 0.853110 0.620199 0.025837 0.039829
0 0.850718 0.670697 0.021053 0.027027
0 0.880383 0.674964 0.032536 0.058321
0 0.844019 0.719061 0.022967 0.029872
0 0.815789 0.660740 0.039234 0.035562
0 0.755981 0.651494 0.019139 0.028450
0 0.726316 0.647937 0.032536 0.055477
0 0.750239 0.698435 0.019139 0.028450
0 0.721531 0.694879 0.017225 0.024182
0 0.713876 0.376245 0.024880 0.049787
0 0.699043 0.599573 0.020096 0.027027
0 0.944498 0.789474 0.034450 0.059744
0 0.908612 0.782361 0.023923 0.031294
0 0.840191 0.763869 0.026794 0.036984
0 0.775598 0.754623 0.037321 0.029872
0 0.805742 0.805121 0.017225 0.022760
0 0.744019 0.793030 0.020096 0.029872
0 0.740670 0.838549 0.017225 0.021337
0 0.768421 0.847084 0.019139 0.027027
0 0.801914 0.855619 0.017225 0.021337
0 0.864593 0.874111 0.023923 0.029872
0 0.892344 0.935277 0.022010 0.027027
0 0.736842 0.884780 0.017225 0.025605
0 0.760287 0.943101 0.018182 0.022760
0 0.792344 0.952347 0.019139 0.024182
0 0.826794 0.914651 0.019139 0.022760
0 0.823923 0.963016 0.015311 0.025605
0 0.677033 0.138691 0.016268 0.021337
0 0.689952 0.222617 0.021053 0.032717
0 0.659809 0.227596 0.031579 0.036984
0 0.692344 0.271693 0.016268 0.025605
0 0.601914 0.241110 0.022967 0.035562
0 0.612440 0.108108 0.021053 0.034139
0 0.548325 0.081081 0.017225 0.019915
0 0.561722 0.162162 0.015311 0.022760
0 0.525359 0.132290 0.034450 0.051209
0 0.488517 0.096728 0.037321 0.039829
0 0.493780 0.134424 0.017225 0.018492
0 0.457416 0.095306 0.026794 0.048364
0 0.465550 0.139403 0.022010 0.039829
0 0.478947 0.224751 0.016268 0.019915
0 0.506220 0.224040 0.028708 0.044097
0 0.519617 0.309388 0.015311 0.024182
0 0.524880 0.354908 0.037321 0.046942
0 0.610048 0.383357 0.069856 0.069701
0 0.587560 0.387624 0.013397 0.021337
0 0.654067 0.459459 0.016268 0.025605
0 0.659809 0.501422 0.014354 0.021337
0 0.625359 0.462304 0.069856 0.096728
0 0.569856 0.483642 0.020096 0.034139
0 0.575120 0.526316 0.022967 0.042674
0 0.578469 0.571835 0.016268 0.019915
0 0.540191 0.492176 0.022010 0.028450
0 0.613876 0.610242 0.022010 0.031294
0 0.585167 0.617354 0.016268 0.022760
0 0.590909 0.660740 0.016268 0.021337
0 0.598086 0.701280 0.024880 0.039829
0 0.606220 0.790896 0.031579 0.048364
0 0.611962 0.834282 0.012440 0.021337
0 0.630144 0.967283 0.016268 0.025605
0 0.576077 0.932432 0.030622 0.035562
0 0.550718 0.891892 0.010526 0.017070
0 0.545455 0.848506 0.013397 0.021337
0 0.522010 0.849218 0.010526 0.014225
0 0.543541 0.800142 0.030622 0.041252
0 0.494258 0.812233 0.022010 0.025605
0 0.489474 0.769559 0.014354 0.019915
0 0.554067 0.723329 0.024880 0.038407
0 0.546411 0.670697 0.022967 0.029872
0 0.514833 0.637980 0.011483 0.018492
0 0.467943 0.649360 0.017225 0.027027
0 0.448325 0.652205 0.027751 0.032717
0 0.456459 0.860597 0.009569 0.014225
0 0.434450 0.860597 0.011483 0.017070
0 0.430144 0.823613 0.006699 0.011380
0 0.406220 0.783784 0.008612 0.014225
0 0.387560 0.789474 0.019139 0.028450
0 0.374641 0.829303 0.008612 0.014225
0 0.422010 0.742532 0.017225 0.025605
0 0.365072 0.753912 0.022010 0.034139
0 0.332057 0.761735 0.011483 0.015647
0 0.416268 0.706970 0.007656 0.011380
0 0.378947 0.714794 0.009569 0.012802
0 0.321531 0.694879 0.021053 0.024182
0 0.354067 0.682788 0.011483 0.017070
0 0.410048 0.666430 0.031579 0.038407
0 0.421053 0.623044 0.019139 0.028450
0 0.431579 0.576814 0.019139 0.029872
0 0.413397 0.582504 0.017225 0.021337
0 0.393780 0.592461 0.012440 0.021337
0 0.375598 0.596728 0.029665 0.041252
0 0.340670 0.610953 0.057416 0.066856
0 0.473206 0.562589 0.029665 0.038407
0 0.444019 0.529161 0.013397 0.017070
0 0.464115 0.519915 0.017225 0.024182
0 0.364593 0.559744 0.019139 0.027027
0 0.393780 0.507112 0.022010 0.029872
0 0.384689 0.471550 0.022967 0.027027
0 0.403828 0.460171 0.022967 0.035562
0 0.500478 0.463016 0.024880 0.038407
0 0.492344 0.418919 0.018182 0.035562
0 0.449761 0.440967 0.044019 0.045519
0 0.435407 0.399004 0.026794 0.027027
0 0.447847 0.344950 0.028708 0.041252
0 0.427751 0.362020 0.017225 0.032717
0 0.357895 0.352774 0.021053 0.034139
0 0.376077 0.341394 0.017225 0.028450
0 0.416746 0.313656 0.029665 0.029872
0 0.457895 0.242532 0.027751 0.046942
0 0.422967 0.210526 0.022967 0.036984
0 0.388995 0.285917 0.023923 0.034139
0 0.383254 0.243954 0.023923 0.041252
0 0.364115 0.258890 0.018182 0.034139
0 0.395694 0.185633 0.029665 0.044097
0 0.391866 0.152916 0.016268 0.032717
0 0.408134 0.088905 0.020096 0.035562
0 0.427273 0.066856 0.020096 0.034139
0 0.389474 0.047653 0.024880 0.038407
0 0.352153 0.096017 0.011483 0.021337
0 0.342584 0.103129 0.015311 0.029872
0 0.348804 0.137980 0.014354 0.025605
0 0.319617 0.133001 0.013397 0.024182
0 0.303828 0.156472 0.016268 0.028450
0 0.295694 0.156472 0.007656 0.019915
0 0.288038 0.172119 0.009569 0.019915
0 0.316746 0.211949 0.030622 0.045519
0 0.339234 0.232575 0.018182 0.029872
0 0.251196 0.208393 0.012440 0.024182
0 0.240670 0.229018 0.012440 0.022760
0 0.210048 0.233997 0.016268 0.027027
0 0.292344 0.310100 0.018182 0.031294
0 0.257416 0.301565 0.021053 0.025605
0 0.225837 0.293741 0.015311 0.029872
0 0.228708 0.355619 0.013397 0.025605
0 0.169378 0.287340 0.013397 0.017070
0 0.177033 0.347795 0.013397 0.024182
0 0.190431 0.381935 0.013397 0.021337
0 0.287560 0.395448 0.022010 0.051209
0 0.355981 0.438122 0.013397 0.022760
0 0.338278 0.450213 0.018182 0.024182
0 0.241148 0.414651 0.015311 0.027027
0 0.251196 0.430299 0.018182 0.038407
0 0.286124 0.475818 0.019139 0.027027
0 0.311962 0.509957 0.030622 0.029872
0 0.186603 0.438122 0.030622 0.034139
0 0.202871 0.472262 0.026794 0.039829
0 0.184211 0.498578 0.022010 0.035562
0 0.200478 0.499289 0.010526 0.019915
0 0.151196 0.519915 0.013397 0.024182
0 0.265072 0.504979 0.009569 0.022760
0 0.269856 0.517781 0.015311 0.025605
0 0.243062 0.507112 0.021053 0.035562
0 0.272249 0.578236 0.014354 0.027027
0 0.245933 0.573969 0.017225 0.029872
0 0.297129 0.585349 0.020096 0.024182
0 0.287560 0.609531 0.018182 0.024182
0 0.258852 0.633001 0.029665 0.036984
0 0.244976 0.628023 0.011483 0.027027
0 0.263158 0.696302 0.011483 0.018492
0 0.276555 0.731152 0.007656 0.014225
0 0.289952 0.734708 0.011483 0.018492
0 0.303828 0.740398 0.010526 0.018492
0 0.325359 0.793741 0.009569 0.017070
0 0.304785 0.773115 0.006699 0.012802
0 0.254067 0.782361 0.012440 0.014225
0 0.238278 0.689189 0.015311 0.024182
0 0.166029 0.701991 0.008612 0.009957
0 0.177512 0.684211 0.012440 0.014225
0 0.158852 0.655050 0.009569 0.012802
0 0.212919 0.652916 0.008612 0.011380
0 0.172249 0.630868 0.013397 0.018492
0 0.153589 0.599573 0.012440 0.018492
0 0.185646 0.611664 0.019139 0.025605
0 0.200957 0.588193 0.013397 0.018492
0 0.167464 0.552632 0.017225 0.024182
