0 0.157031 0.129688 0.189062 0.234375
0 0.050781 0.469531 0.101562 0.560937
0 0.106250 0.717969 0.103125 0.145313
0 0.307812 0.657031 0.096875 0.151562
0 0.615625 0.874219 0.115625 0.151562
0 0.877344 0.764062 0.160938 0.196875
0 0.394531 0.221875 0.185938 0.334375
0 0.157031 0.129688 0.189062 0.234375
0 0.050781 0.469531 0.101562 0.560937
0 0.106250 0.717969 0.103125 0.145313
0 0.307812 0.657031 0.096875 0.151562
0 0.615625 0.874219 0.115625 0.151562
0 0.877344 0.764062 0.160938 0.196875
0 0.394531 0.221875 0.185938 0.334375
