0 0.504926 0.310858 0.008867 0.022767
0 0.491626 0.302977 0.013793 0.035026
0 0.501970 0.196147 0.012808 0.031524
0 0.478818 0.201401 0.009852 0.024518
0 0.479310 0.129597 0.010837 0.024518
0 0.475369 0.009632 0.010837 0.019264
0 0.421182 0.153240 0.071921 0.131349
0 0.605911 0.307356 0.005911 0.015762
0 0.022167 0.196147 0.044335 0.087566
0 0.025123 0.484238 0.028571 0.064799
0 0.211823 0.161996 0.039409 0.131349
0 0.249754 0.208406 0.012808 0.038529
0 0.287192 0.043783 0.044335 0.087566
0 0.314286 0.009632 0.011823 0.019264
0 0.344335 0.038529 0.014778 0.024518
0 0.245320 0.357268 0.053202 0.189142
0 0.317241 0.347636 0.017734 0.040280
0 0.225123 0.915937 0.075862 0.168126
0 0.337931 0.981611 0.025616 0.036778
0 0.348768 0.683012 0.055172 0.154116
0 0.492611 0.718914 0.011823 0.026270
0 0.498030 0.641856 0.014778 0.033275
0 0.501970 0.545534 0.012808 0.036778
0 0.612808 0.417688 0.007882 0.019264
0 0.620690 0.401051 0.009852 0.021016
0 0.640887 0.284588 0.008867 0.019264
0 0.484729 0.399299 0.007882 0.024518
0 0.901478 0.709282 0.061084 0.157618
0 0.894089 0.626970 0.010837 0.021016
0 0.994089 0.593695 0.011823 0.042032
0 0.963054 0.546410 0.010837 0.021016
0 0.921675 0.487741 0.069951 0.113835
0 0.812315 0.435201 0.069951 0.089317
0 0.996552 0.253065 0.006897 0.033275
0 0.997537 0.112960 0.004926 0.061296
0 0.877340 0.255692 0.069951 0.108581
0 0.882266 0.086690 0.014778 0.015762
0 0.745320 0.119965 0.018719 0.022767
0 0.708867 0.083187 0.012808 0.033275
0 0.685714 0.088441 0.007882 0.019264
0 0.638424 0.063047 0.009852 0.017513
0 0.645813 0.100701 0.010837 0.026270
0 0.634975 0.183012 0.006897 0.015762
0 0.654680 0.186515 0.010837 0.022767
0 0.730542 0.201401 0.010837 0.021016
0 0.694089 0.288091 0.064039 0.085814
0 0.733498 0.308231 0.012808 0.017513
0 0.748768 0.324869 0.019704 0.033275
0 0.749754 0.380035 0.011823 0.024518
0 0.751232 0.434326 0.008867 0.028021
0 0.662069 0.488616 0.011823 0.028021
0 0.722167 0.558669 0.009852 0.017513
0 0.738916 0.577058 0.015764 0.033275
0 0.777833 0.626095 0.012808 0.026270
0 0.723153 0.613835 0.011823 0.022767
0 0.659606 0.586690 0.010837 0.028021
0 0.626108 0.639229 0.012808 0.035026
0 0.658128 0.685639 0.035468 0.082312
0 0.620197 0.792469 0.010837 0.026270
0 0.610837 0.756567 0.009852 0.028021
0 0.655665 0.744308 0.010837 0.024518
0 0.756650 0.734676 0.011823 0.029772
0 0.710345 0.946585 0.011823 0.019264
0 0.796552 0.964974 0.014778 0.028021
0 0.524138 0.978109 0.019704 0.043783
0 0.425616 0.973730 0.013793 0.028021
0 0.468966 0.912434 0.011823 0.031524
0 0.474877 0.839755 0.017734 0.054291
0 0.531527 0.802977 0.008867 0.026270
1 0.129557 0.913310 0.081773 0.173380
1 0.209360 0.556918 0.054187 0.203152
1 0.519704 0.139229 0.030542 0.085814
1 0.510837 0.159370 0.036453 0.143608
1 0.562069 0.105079 0.028571 0.129597
1 0.568473 0.056042 0.039409 0.112084
1 0.699507 0.104203 0.037438 0.061296
1 0.803941 0.086690 0.061084 0.061296
1 0.885714 0.112960 0.045320 0.082312
1 0.624631 0.280210 0.043350 0.101576
1 0.624631 0.288091 0.049261 0.152364
1 0.566502 0.327496 0.041379 0.182137
1 0.521182 0.482487 0.033498 0.141856
1 0.519704 0.599825 0.036453 0.092820
1 0.573399 0.712785 0.035468 0.063047
1 0.576847 0.743433 0.071921 0.166375
1 0.611823 0.851138 0.031527 0.073555
1 0.557143 0.950963 0.036453 0.077058
1 0.559606 0.872154 0.039409 0.084063
0 0.372906 0.482487 0.032512 0.050788
1 0.574877 0.878284 0.067980 0.117338
1 0.696552 0.851138 0.061084 0.073555
1 0.790148 0.843257 0.066995 0.082312
1 0.775862 0.890543 0.066010 0.075306
1 0.943842 0.946585 0.076847 0.075306
1 0.947291 0.839755 0.085714 0.155867
