0 0.519704 0.313485 0.010837 0.024518
0 0.506897 0.302977 0.016749 0.038529
0 0.525616 0.199650 0.014778 0.035026
0 0.502463 0.198774 0.011823 0.026270
0 0.507882 0.128722 0.012808 0.026270
0 0.513300 0.008757 0.011823 0.017513
0 0.448768 0.136602 0.081773 0.147110
0 0.620197 0.336252 0.006897 0.017513
0 0.051232 0.080560 0.051232 0.098074
0 0.031527 0.366900 0.033498 0.071804
0 0.241379 0.092820 0.049261 0.140105
0 0.274877 0.148862 0.015764 0.042032
0 0.325123 0.021891 0.051232 0.043783
0 0.380788 0.008757 0.016749 0.017513
0 0.258621 0.295972 0.067980 0.199650
0 0.331527 0.303853 0.020690 0.043783
0 0.195074 0.844133 0.088670 0.185639
0 0.301970 0.936953 0.028571 0.042032
0 0.335961 0.643608 0.066995 0.166375
0 0.475862 0.715412 0.013793 0.029772
0 0.487192 0.640105 0.016749 0.036778
0 0.498522 0.545534 0.015764 0.040280
0 0.618227 0.446585 0.008867 0.021016
0 0.627586 0.431699 0.011823 0.022767
0 0.657143 0.320490 0.009852 0.021016
0 0.492611 0.396673 0.009852 0.026270
0 0.880788 0.807356 0.072906 0.171629
0 0.880296 0.722417 0.012808 0.022767
0 0.981773 0.715412 0.014778 0.043783
0 0.955172 0.659370 0.012808 0.022767
0 0.918719 0.591944 0.077833 0.129597
0 0.814286 0.513135 0.075862 0.105079
0 0.893103 0.351138 0.077833 0.124343
0 0.910345 0.184764 0.015764 0.019264
0 0.772906 0.183888 0.020690 0.028021
0 0.738916 0.139229 0.015764 0.036778
0 0.716749 0.138354 0.008867 0.021016
0 0.671429 0.102452 0.010837 0.019264
0 0.675369 0.140105 0.012808 0.028021
0 0.658128 0.220665 0.007882 0.017513
0 0.677340 0.227671 0.012808 0.024518
0 0.752217 0.261821 0.012808 0.022767
0 0.708867 0.338004 0.069951 0.101576
0 0.745813 0.367776 0.013793 0.021016
0 0.759606 0.388792 0.021675 0.038529
0 0.756650 0.443082 0.013793 0.028021
0 0.754187 0.498249 0.010837 0.029772
0 0.661084 0.528897 0.013793 0.031524
0 0.714778 0.613835 0.010837 0.019264
0 0.731034 0.634851 0.017734 0.036778
0 0.765025 0.694396 0.014778 0.029772
0 0.712315 0.668126 0.013793 0.026270
0 0.650739 0.626095 0.012808 0.029772
0 0.613793 0.669002 0.015764 0.038529
0 0.641379 0.723292 0.041379 0.091068
0 0.596552 0.819615 0.012808 0.028021
0 0.589163 0.780210 0.011823 0.029772
0 0.634975 0.780210 0.012808 0.026270
0 0.735961 0.795972 0.013793 0.033275
0 0.673399 0.991243 0.012808 0.017513
0 0.486207 0.977233 0.022660 0.045534
0 0.389163 0.950963 0.015764 0.031524
0 0.437438 0.901051 0.013793 0.033275
0 0.448276 0.829247 0.021675 0.057793
0 0.507882 0.807356 0.010837 0.028021
1 0.100493 0.817863 0.094581 0.192644
1 0.207389 0.484238 0.069951 0.215412
1 0.547783 0.146235 0.037438 0.092820
1 0.537931 0.166375 0.047291 0.150613
1 0.592611 0.123468 0.038424 0.134851
1 0.602463 0.077933 0.048276 0.120841
1 0.728571 0.157618 0.042365 0.070053
1 0.833498 0.165499 0.065025 0.075306
1 0.912315 0.212785 0.051232 0.092820
1 0.641379 0.313485 0.051232 0.112084
1 0.640394 0.321366 0.061084 0.162872
1 0.579310 0.345884 0.055172 0.190893
1 0.522660 0.487741 0.044335 0.148862
1 0.511330 0.602452 0.043350 0.101576
1 0.556158 0.729422 0.040394 0.071804
1 0.556650 0.760070 0.084729 0.182137
1 0.583251 0.875657 0.037438 0.080560
1 0.520690 0.958844 0.042365 0.082312
1 0.530049 0.883538 0.045320 0.092820
0 0.374877 0.450963 0.036453 0.057793
1 0.544828 0.893170 0.076847 0.133100
1 0.667488 0.896673 0.066010 0.087566
1 0.760591 0.912434 0.072906 0.098074
1 0.741872 0.954466 0.070936 0.091068
1 0.915764 0.929072 0.097537 0.141856
