1 0.988562 0.670410 0.022876 0.037109
0 0.159041 0.598877 0.023965 0.014160
0 0.238562 0.568604 0.071895 0.039551
0 0.179194 0.504395 0.066449 0.041992
0 0.064815 0.453369 0.059913 0.021973
0 0.028867 0.458740 0.022876 0.014160
0 0.025599 0.392578 0.051198 0.027344
0 0.155773 0.412109 0.047930 0.021484
0 0.194989 0.379150 0.028322 0.011230
0 0.237473 0.363770 0.047930 0.017578
0 0.248911 0.328613 0.053377 0.024414
0 0.271786 0.293945 0.044662 0.009766
0 0.238562 0.415771 0.039216 0.018066
0 0.321351 0.407227 0.071895 0.022461
0 0.366013 0.410645 0.074074 0.021484
0 0.395425 0.457275 0.050109 0.017090
0 0.415577 0.515381 0.059913 0.028809
0 0.484205 0.478760 0.025054 0.016113
0 0.529956 0.505371 0.022876 0.014648
0 0.555011 0.575195 0.062092 0.047852
0 0.496187 0.313721 0.044662 0.020020
0 0.514161 0.391357 0.071895 0.023926
0 0.599673 0.381592 0.044662 0.017090
0 0.644880 0.382080 0.069717 0.032715
0 0.751089 0.361816 0.040305 0.014648
0 0.792484 0.380371 0.031590 0.010742
0 0.761983 0.280029 0.051198 0.022949
0 0.882353 0.243652 0.037037 0.005859
0 0.902505 0.300049 0.064270 0.035645
0 0.113290 0.752686 0.045752 0.014160
0 0.202070 0.734619 0.027233 0.017090
0 0.193900 0.707764 0.047930 0.024902
0 0.228758 0.665039 0.021786 0.011719
0 0.331699 0.616211 0.027233 0.012695
0 0.407952 0.612793 0.025054 0.015625
0 0.464052 0.609619 0.023965 0.014160
0 0.404139 0.732910 0.028322 0.006836
0 0.502723 0.664307 0.035948 0.020020
0 0.519608 0.692139 0.034858 0.019043
0 0.525054 0.719238 0.056645 0.016602
0 0.575708 0.662109 0.053377 0.033203
0 0.654684 0.688477 0.039216 0.022461
0 0.675926 0.642578 0.092593 0.037109
0 0.745643 0.610352 0.027233 0.011719
0 0.704793 0.598389 0.041394 0.020996
0 0.680828 0.540039 0.041394 0.016602
0 0.758170 0.508301 0.023965 0.012695
0 0.751089 0.477539 0.062092 0.041016
0 0.801198 0.489258 0.033769 0.020508
0 0.783224 0.458740 0.045752 0.030762
0 0.886166 0.480957 0.131808 0.053711
0 0.917756 0.437744 0.040305 0.021973
0 0.967865 0.570068 0.062092 0.023926
0 0.888344 0.578369 0.038126 0.021973
0 0.965142 0.637451 0.045752 0.020996
0 0.977124 0.613525 0.045752 0.021973
0 0.984205 0.686768 0.018519 0.006348
0 0.990196 0.662109 0.019608 0.035156
