0 0.617647 0.283203 0.069717 0.020508
1 0.076797 0.776123 0.153595 0.107910
1 0.247277 0.750977 0.270153 0.176758
1 0.739107 0.780273 0.129630 0.048828
1 0.633442 0.701660 0.391068 0.144531
1 0.531046 0.610352 0.133987 0.077148
1 0.236383 0.527588 0.193900 0.061035
1 0.255991 0.495850 0.196078 0.061035
1 0.668301 0.524902 0.399782 0.154297
1 0.800654 0.465576 0.398693 0.110840
1 0.887800 0.424561 0.224401 0.061035
1 0.191721 0.338379 0.333333 0.117188
1 0.796841 0.307617 0.186275 0.074219
0 0.005447 0.740479 0.010893 0.011230
0 0.895425 0.841064 0.067538 0.054199
0 0.800109 0.830566 0.072985 0.018555
0 0.549020 0.843750 0.030501 0.012695
0 0.645425 0.803223 0.029412 0.013672
0 0.559913 0.743896 0.034858 0.012207
0 0.435730 0.738281 0.050109 0.021484
0 0.412854 0.677002 0.058824 0.025879
0 0.530501 0.685791 0.047930 0.019043
0 0.816449 0.729736 0.038126 0.014160
0 0.678105 0.708252 0.079521 0.035645
0 0.595861 0.675049 0.045752 0.018066
0 0.518519 0.620850 0.050109 0.023926
0 0.644336 0.597412 0.112200 0.045410
0 0.765795 0.645020 0.047930 0.021484
0 0.894880 0.651367 0.094771 0.037109
0 0.959150 0.616455 0.038126 0.025879
0 0.942810 0.601074 0.053377 0.026367
0 0.973312 0.582031 0.025054 0.019531
0 0.190087 0.667969 0.022876 0.009766
0 0.302832 0.635986 0.087146 0.053223
0 0.184641 0.633545 0.103486 0.043457
0 0.297386 0.604980 0.030501 0.012695
0 0.185730 0.564453 0.072985 0.030273
0 0.298475 0.566895 0.043573 0.026367
0 0.389434 0.553955 0.027233 0.011230
0 0.547930 0.572754 0.043573 0.020508
0 0.603486 0.558838 0.056645 0.020020
0 0.491830 0.541748 0.029412 0.014160
0 0.642702 0.543701 0.030501 0.016113
0 0.681917 0.517090 0.076253 0.028320
0 0.618192 0.482422 0.027233 0.023438
0 0.007625 0.502441 0.015251 0.023438
0 0.053922 0.465332 0.044662 0.017578
0 0.114924 0.433350 0.042484 0.017090
0 0.202614 0.415283 0.043573 0.017090
0 0.235294 0.397461 0.043573 0.017578
0 0.448802 0.481201 0.037037 0.017090
0 0.614924 0.427246 0.038126 0.019531
0 0.839325 0.453125 0.059913 0.017578
0 0.720044 0.410400 0.061002 0.025879
0 0.967865 0.350098 0.064270 0.028320
0 0.965686 0.238770 0.068627 0.039062
0 0.342048 0.356201 0.065359 0.027832
0 0.499455 0.379883 0.042484 0.020508
0 0.536492 0.359619 0.040305 0.018066
0 0.740196 0.368896 0.081699 0.040527
0 0.779412 0.346191 0.057734 0.026367
0 0.676471 0.323975 0.061002 0.038574
0 0.082789 0.279297 0.054466 0.021484
0 0.614924 0.266113 0.057734 0.028320
0 0.491830 0.285645 0.133987 0.052734
0 0.112200 0.298340 0.058824 0.020508
0 0.166667 0.205811 0.098039 0.026855
0 0.273965 0.240234 0.062092 0.028320
0 0.356209 0.279785 0.063181 0.029297
0 0.413399 0.319336 0.064270 0.029297
