0 0.796549 0.451172 0.216797 0.174805
0 0.817057 0.343506 0.295573 0.142090
0 0.658529 0.269775 0.275391 0.131348
0 0.697266 0.168457 0.096354 0.043945
0 0.751628 0.145752 0.120443 0.055176
0 0.578776 0.139893 0.075521 0.032715
0 0.448242 0.118164 0.083984 0.035156
0 0.467122 0.081543 0.155599 0.069336
0 0.331706 0.441406 0.037109 0.011719
0 0.118490 0.452148 0.074219 0.117188
0 0.116536 0.333008 0.153646 0.070312
0 0.786784 0.558594 0.164714 0.114258
0 0.210286 0.550049 0.029948 0.028809
0 0.499349 0.614990 0.029948 0.064941
0 0.494466 0.691162 0.024089 0.054199
0 0.266927 0.838623 0.069010 0.089355
0 0.382161 0.969482 0.066406 0.051270
