0 0.086263 0.750000 0.046224 0.031250
0 0.363932 0.701416 0.106771 0.111816
0 0.793294 0.346436 0.094401 0.081543
0 0.875000 0.372314 0.083333 0.063965
0 0.908529 0.488037 0.099609 0.053223
0 0.780273 0.536377 0.119141 0.070801
0 0.738607 0.630371 0.133464 0.079102
0 0.982747 0.671143 0.034505 0.075684
0 0.087565 0.835693 0.073568 0.026855
0 0.203776 0.833496 0.085938 0.031250
0 0.278971 0.830811 0.069661 0.027832
0 0.409180 0.805664 0.146484 0.062500
0 0.386068 0.866699 0.110677 0.033203
0 0.042318 0.695068 0.084635 0.109863
0 0.991536 0.305420 0.016927 0.015137
0 0.960612 0.240234 0.030599 0.028320
0 0.860026 0.199219 0.020833 0.011719
0 0.887044 0.202881 0.027995 0.020996
0 0.653320 0.180176 0.011068 0.016602
0 0.372070 0.107910 0.078776 0.044922
0 0.302083 0.088867 0.062500 0.089844
0 0.578451 0.279297 0.102214 0.102539
0 0.207682 0.254883 0.046875 0.046875
0 0.112956 0.258545 0.018880 0.057129
0 0.121745 0.338867 0.026042 0.068359
0 0.372721 0.383301 0.027995 0.030273
0 0.262370 0.503174 0.035156 0.012207
0 0.198242 0.489014 0.067057 0.070801
0 0.404622 0.463867 0.069661 0.067383
0 0.482422 0.477051 0.074219 0.114258
