0 0.220052 0.161621 0.046875 0.038086
0 0.250326 0.374268 0.160807 0.093262
0 0.667643 0.736816 0.119141 0.080078
0 0.623698 0.794678 0.095052 0.069824
0 0.466471 0.805908 0.082682 0.080566
0 0.417969 0.704346 0.108073 0.097168
0 0.298828 0.661377 0.121094 0.108887
0 0.214844 0.838623 0.104167 0.034668
0 0.106771 0.152100 0.044271 0.058105
0 0.095052 0.239014 0.052083 0.067871
0 0.089193 0.295166 0.045573 0.055176
0 0.106771 0.395264 0.100260 0.116699
0 0.034180 0.370850 0.046224 0.085449
0 0.297852 0.135742 0.155599 0.076172
0 0.697917 0.889648 0.022135 0.014648
0 0.788086 0.874512 0.041016 0.026367
0 0.854818 0.804932 0.018229 0.017090
0 0.846354 0.824219 0.031250 0.023438
0 0.904948 0.653076 0.023438 0.010254
0 0.783203 0.585205 0.148438 0.088379
0 0.860677 0.312256 0.067708 0.040527
0 0.867188 0.241455 0.078125 0.020996
0 0.759766 0.238037 0.093750 0.027832
0 0.670247 0.419434 0.043620 0.024414
0 0.525065 0.322510 0.020182 0.027832
0 0.552083 0.276855 0.101562 0.058594
0 0.559896 0.433350 0.097656 0.060059
0 0.533203 0.489746 0.160156 0.069336
