0 0.104492 0.601807 0.065755 0.060059
0 0.393880 0.599609 0.041667 0.031250
0 0.365234 0.625732 0.042969 0.023926
0 0.223307 0.715332 0.082031 0.054688
0 0.453776 0.752686 0.087240 0.062012
0 0.291341 0.800781 0.073568 0.045898
0 0.161458 0.755615 0.040365 0.026855
0 0.129883 0.892334 0.068359 0.041504
0 0.983398 0.382812 0.014974 0.016602
1 0.953776 0.433350 0.092448 0.137207
0 0.065430 0.475098 0.055339 0.046875
0 0.618815 0.241699 0.097005 0.075195
0 0.521810 0.245361 0.093099 0.076660
0 0.461589 0.102539 0.106771 0.088867
1 0.553385 0.431641 0.180990 0.239258
1 0.386393 0.440186 0.184245 0.238770
