0 0.579753 0.807861 0.080078 0.049316
0 0.616536 0.593262 0.041667 0.031250
0 0.646810 0.618164 0.031901 0.032227
0 0.746094 0.735352 0.072917 0.061523
0 0.827148 0.569824 0.082682 0.065430
0 0.868490 0.697021 0.061198 0.055176
0 0.790039 0.787109 0.035807 0.030273
0 0.955404 0.828857 0.034505 0.050293
0 0.412760 0.124756 0.022135 0.011230
1 0.475586 0.153076 0.182943 0.069824
0 0.406250 0.819580 0.062500 0.041504
0 0.175781 0.376221 0.100260 0.072754
0 0.166992 0.448486 0.102214 0.069824
0 0.014648 0.475098 0.029297 0.075195
1 0.416667 0.451172 0.319010 0.135742
1 0.405273 0.575928 0.318359 0.138184
0 0.579753 0.807861 0.080078 0.049316
0 0.616536 0.593262 0.041667 0.031250
0 0.646810 0.618164 0.031901 0.032227
0 0.746094 0.735352 0.072917 0.061523
0 0.827148 0.569824 0.082682 0.065430
0 0.868490 0.697021 0.061198 0.055176
0 0.790039 0.787109 0.035807 0.030273
0 0.955404 0.828857 0.034505 0.050293
0 0.412760 0.124756 0.022135 0.011230
1 0.475586 0.153076 0.182943 0.069824
0 0.406250 0.819580 0.062500 0.041504
0 0.175781 0.376221 0.100260 0.072754
0 0.166992 0.448486 0.102214 0.069824
0 0.014648 0.475098 0.029297 0.075195
1 0.416667 0.451172 0.319010 0.135742
1 0.405273 0.575928 0.318359 0.138184
