0 0.379232 0.135010 0.076172 0.048340
0 0.472005 0.198975 0.053385 0.039551
0 0.638672 0.260498 0.032552 0.023926
0 0.736328 0.199707 0.074219 0.073242
0 0.524089 0.344482 0.169271 0.102051
0 0.770182 0.392334 0.164062 0.126465
0 0.929688 0.378174 0.140625 0.161621
0 0.851562 0.770020 0.149740 0.124023
0 0.594727 0.758789 0.150391 0.118164
0 0.392578 0.721191 0.141927 0.098633
0 0.115560 0.423096 0.089193 0.070801
0 0.043294 0.292725 0.043620 0.079590
0 0.125651 0.121582 0.088542 0.058594
0 0.246745 0.105469 0.020833 0.005859
