0 0.288737 0.158936 0.074870 0.047363
0 0.396159 0.208496 0.052734 0.039062
0 0.574870 0.245117 0.032552 0.023438
0 0.655599 0.171387 0.072917 0.072266
0 0.484049 0.343994 0.167318 0.100098
0 0.737305 0.355713 0.162109 0.124512
0 0.905599 0.316895 0.166667 0.160156
0 0.913737 0.715088 0.147786 0.122559
0 0.659180 0.740234 0.147786 0.116211
0 0.450846 0.732666 0.139974 0.097168
0 0.103190 0.479248 0.087891 0.069824
0 0.009766 0.361572 0.019531 0.079590
0 0.039714 0.181641 0.079427 0.057617
0 0.151042 0.148926 0.020833 0.005859
