0 0.218750 0.264062 0.187500 0.215625
0 0.183594 0.460938 0.117188 0.146875
0 0.189844 0.700781 0.142187 0.154688
0 0.355469 0.793750 0.157812 0.140625
0 0.323437 0.678125 0.140625 0.146875
0 0.264844 0.567969 0.167187 0.167187
0 0.272656 0.455469 0.107813 0.114062
0 0.350000 0.146875 0.118750 0.131250
0 0.487500 0.169531 0.096875 0.107813
0 0.456250 0.335156 0.159375 0.204687
0 0.374219 0.487500 0.104688 0.100000
0 0.423438 0.584375 0.112500 0.137500
0 0.450000 0.702344 0.125000 0.132812
0 0.525781 0.625781 0.123438 0.135937
0 0.587500 0.695312 0.128125 0.115625
0 0.619531 0.528906 0.107813 0.126562
0 0.571094 0.422656 0.117188 0.139063
0 0.612500 0.321875 0.128125 0.125000
0 0.571094 0.232031 0.101562 0.123438
0 0.756250 0.335938 0.181250 0.181250
0 0.670312 0.411719 0.100000 0.101562
0 0.731250 0.502344 0.109375 0.126562
0 0.826562 0.464062 0.125000 0.165625
0 0.868750 0.626563 0.125000 0.156250
0 0.725000 0.646094 0.156250 0.198437
