0 0.434375 0.617969 0.096875 0.220312
0 0.242969 0.751563 0.110937 0.278125
0 0.045312 0.882031 0.037500 0.073438
0 0.144531 0.850000 0.057813 0.068750
0 0.114062 0.924219 0.184375 0.129688
0 0.421094 0.806250 0.139063 0.356250
0 0.468750 0.253125 0.065625 0.156250
0 0.719531 0.364844 0.204687 0.348438
0 0.892969 0.282813 0.142187 0.331250
0 0.878125 0.671094 0.062500 0.132812
0 0.434375 0.617969 0.096875 0.220312
0 0.242969 0.751563 0.110937 0.278125
0 0.045312 0.882031 0.037500 0.073438
0 0.144531 0.850000 0.057813 0.068750
0 0.114062 0.924219 0.184375 0.129688
0 0.421094 0.806250 0.139063 0.356250
0 0.468750 0.253125 0.065625 0.156250
0 0.719531 0.364844 0.204687 0.348438
0 0.892969 0.282813 0.142187 0.331250
0 0.878125 0.671094 0.062500 0.132812
