0 0.099091 0.818182 0.045455 0.067273
0 0.092273 0.516818 0.059091 0.075455
0 0.125455 0.756818 0.058182 0.060909
0 0.145455 0.868182 0.056364 0.038182
0 0.081364 0.193182 0.071818 0.070000
0 0.095000 0.295909 0.064545 0.066364
0 0.155909 0.822727 0.057273 0.056364
0 0.142727 0.592727 0.070909 0.078182
0 0.178182 0.780909 0.049091 0.056364
0 0.172273 0.717727 0.066364 0.059091
0 0.154545 0.493182 0.070909 0.108182
0 0.140000 0.231364 0.074545 0.084545
0 0.207727 0.843636 0.051818 0.058182
0 0.220000 0.752273 0.054545 0.042727
0 0.178636 0.292727 0.068182 0.078182
0 0.170455 0.176364 0.066364 0.065455
0 0.243182 0.790909 0.051818 0.040000
0 0.374545 0.785455 0.100000 0.109091
0 0.339545 0.356818 0.097273 0.093636
0 0.340000 0.265909 0.114545 0.097273
0 0.386364 0.675455 0.103636 0.105455
0 0.422273 0.401364 0.088182 0.088182
0 0.428182 0.321364 0.092727 0.091818
0 0.427727 0.231818 0.090000 0.083636
0 0.474545 0.833636 0.109091 0.098182
0 0.475000 0.743636 0.108182 0.100000
0 0.474545 0.652727 0.094545 0.090909
0 0.609091 0.779091 0.101818 0.163636
0 0.580909 0.316818 0.107273 0.119091
0 0.616818 0.641818 0.111818 0.110909
0 0.571818 0.191818 0.123636 0.125455
0 0.662727 0.381818 0.105455 0.116364
0 0.705455 0.593636 0.074545 0.123636
0 0.671364 0.257273 0.090000 0.112727
0 0.660000 0.131818 0.094545 0.140000
0 0.720000 0.830000 0.121818 0.112727
0 0.711818 0.713636 0.132727 0.114545
0 0.885909 0.460000 0.162727 0.281818
0 0.918636 0.841364 0.162727 0.202727
0 0.909545 0.671818 0.151818 0.132727
0 0.852273 0.150455 0.213636 0.300909
