0 0.606875 0.684630 0.181250 0.107779
1 0.210000 0.526242 0.420000 0.349578
0 0.818750 0.295689 0.087500 0.066542
1 0.729375 0.491097 0.541250 0.344892
0 0.515625 0.486879 0.073750 0.055295
0 0.742500 0.233365 0.085000 0.059981
0 0.915000 0.161200 0.085000 0.046860
0 0.863750 0.194939 0.060000 0.037488
0 0.452500 0.651359 0.040000 0.029991
0 0.464375 0.276007 0.176250 0.070291
1 0.448125 0.490159 0.536250 0.397376
0 0.638125 0.208997 0.081250 0.031865
0 0.301875 0.270853 0.061250 0.044986
0 0.463125 0.703374 0.098750 0.057170
0 0.094375 0.343018 0.158750 0.067479
0 0.295625 0.524367 0.088750 0.040300
0 0.882500 0.485942 0.042500 0.047798
1 0.845625 0.562324 0.148750 0.093721
0 0.629375 0.767573 0.091250 0.056232
0 0.521875 0.257732 0.048750 0.024367
0 0.961875 0.273196 0.023750 0.038425
0 0.353750 0.238519 0.110000 0.059044
0 0.858750 0.155576 0.035000 0.018744
0 0.500000 0.215558 0.017500 0.013121
0 0.682500 0.173852 0.022500 0.012184
0 0.471875 0.196345 0.026250 0.012184
0 0.241875 0.704311 0.038750 0.027179
0 0.410000 0.334114 0.025000 0.019681
0 0.143750 0.282568 0.020000 0.014058
0 0.191875 0.347235 0.051250 0.021556
0 0.118125 0.744611 0.036250 0.014058
0 0.070000 0.323336 0.022500 0.013121
0 0.447500 0.236645 0.047500 0.034677
0 0.447500 0.230553 0.087500 0.037488
0 0.801250 0.227273 0.055000 0.021556
1 0.541875 0.381912 0.291250 0.180881
0 0.372500 0.582474 0.030000 0.042174
