0 0.424375 0.307873 0.171250 0.096532
1 0.799375 0.500000 0.401250 0.325211
0 0.150625 0.673852 0.081250 0.061856
1 0.261875 0.486879 0.523750 0.312090
0 0.483125 0.512184 0.068750 0.051546
0 0.216875 0.742737 0.078750 0.055295
0 0.036250 0.798032 0.072500 0.042174
0 0.089375 0.770853 0.056250 0.034677
0 0.572500 0.354264 0.037500 0.028116
0 0.500000 0.725867 0.170000 0.059044
1 0.550000 0.514527 0.497500 0.367385
0 0.316250 0.776476 0.077500 0.027179
0 0.660000 0.746485 0.057500 0.042174
0 0.570625 0.302249 0.093750 0.051546
0 0.975625 0.753515 0.038750 0.048735
0 0.877500 0.693533 0.152500 0.058107
0 0.706875 0.495314 0.086250 0.034677
0 0.118750 0.478913 0.037500 0.044986
1 0.167500 0.407216 0.140000 0.085286
0 0.415625 0.223055 0.086250 0.050609
0 0.439375 0.738988 0.046250 0.021556
0 0.007500 0.682287 0.015000 0.037488
0 0.602500 0.773196 0.105000 0.052484
0 0.087500 0.809278 0.032500 0.015933
0 0.453125 0.783037 0.016250 0.012184
0 0.266875 0.808341 0.021250 0.010309
0 0.478750 0.803655 0.025000 0.010309
0 0.790000 0.321462 0.035000 0.024367
0 0.998125 0.348641 0.003750 0.024367
0 0.563750 0.673383 0.022500 0.017807
0 0.818125 0.748828 0.018750 0.013121
0 0.780625 0.680412 0.048750 0.018744
0 0.920000 0.293346 0.035000 0.011246
0 0.899375 0.715089 0.021250 0.011246
0 0.984375 0.730084 0.018750 0.013121
0 0.510000 0.767104 0.045000 0.032802
0 0.508750 0.773196 0.085000 0.031865
0 0.157500 0.744142 0.052500 0.018744
1 0.440625 0.613402 0.273750 0.164011
0 0.640625 0.429709 0.026250 0.040300
