0 0.755625 0.440019 0.126250 0.126523
1 0.503750 0.777816 0.427500 0.402868
0 0.261875 0.240862 0.081250 0.059981
1 0.513594 0.305408 0.407187 0.419625
0 0.483750 0.487348 0.067500 0.050609
0 0.171250 0.291471 0.072500 0.058107
0 0.510625 0.048735 0.058750 0.044986
0 0.093750 0.149953 0.055000 0.069353
0 0.132500 0.196813 0.045000 0.041237
0 0.695625 0.551546 0.036250 0.027179
0 0.199375 0.503749 0.076250 0.126523
1 0.480625 0.537587 0.481250 0.366645
0 0.128750 0.366448 0.035000 0.058107
0 0.175000 0.623711 0.055000 0.042174
0 0.765000 0.549203 0.067500 0.069353
0 0.169375 0.873946 0.063750 0.053421
0 0.248750 0.785848 0.075000 0.113402
0 0.510000 0.655108 0.045000 0.063730
0 0.521250 0.213215 0.060000 0.027179
1 0.618125 0.249297 0.111250 0.103093
0 0.868125 0.432052 0.066250 0.063730
0 0.180000 0.458763 0.027500 0.034677
0 0.247531 0.115417 0.050062 0.047142
0 0.138125 0.581537 0.068750 0.077788
0 0.433125 0.010778 0.038750 0.021556
0 0.080631 0.195769 0.021263 0.024152
0 0.121875 0.470009 0.016250 0.012184
0 0.085625 0.330366 0.013750 0.015933
0 0.094375 0.489222 0.013750 0.018744
0 0.743750 0.714152 0.032500 0.026242
0 0.710000 0.883318 0.032500 0.027179
0 0.248125 0.895033 0.018750 0.014995
0 0.270625 0.550141 0.023750 0.016870
0 0.173750 0.742737 0.017500 0.014058
0 0.264375 0.713683 0.023750 0.036551
0 0.783750 0.810684 0.015000 0.026242
0 0.220000 0.802718 0.015000 0.015933
0 0.202500 0.866448 0.017500 0.014058
0 0.143881 0.512081 0.042763 0.032596
0 0.136900 0.511092 0.041300 0.062484
0 0.169394 0.247404 0.023788 0.039325
1 0.347125 0.456607 0.214250 0.202812
0 0.596731 0.604396 0.053463 0.018538
