0 0.218750 0.040625 0.118750 0.059375
0 0.352344 0.022656 0.073438 0.032813
0 0.328906 0.067187 0.057813 0.046875
0 0.053906 0.094531 0.029687 0.045312
0 0.138281 0.185938 0.276562 0.231250
0 0.289844 0.300781 0.073438 0.076563
0 0.367188 0.249219 0.109375 0.098437
0 0.017188 0.317969 0.034375 0.048438
0 0.010156 0.372656 0.020313 0.029687
0 0.031250 0.423438 0.031250 0.021875
0 0.324219 0.362500 0.035937 0.034375
0 0.457031 0.127344 0.057813 0.060937
0 0.553906 0.051562 0.092188 0.096875
0 0.807031 0.025000 0.064062 0.050000
0 0.697656 0.110937 0.060937 0.040625
0 0.733594 0.171094 0.060937 0.045312
0 0.701562 0.235937 0.134375 0.128125
0 0.809375 0.288281 0.028125 0.029687
0 0.848437 0.215625 0.059375 0.043750
0 0.944531 0.219531 0.085938 0.054688
0 0.909375 0.305469 0.028125 0.026562
0 0.946094 0.342187 0.092188 0.059375
0 0.970313 0.400781 0.056250 0.092188
0 0.870313 0.396094 0.093750 0.045312
0 0.892969 0.475000 0.067187 0.043750
0 0.967187 0.586719 0.065625 0.060937
0 0.880469 0.640625 0.120313 0.103125
0 0.881250 0.703906 0.062500 0.042188
0 0.793750 0.551562 0.034375 0.028125
0 0.979688 0.758594 0.037500 0.029687
0 0.982812 0.788281 0.034375 0.057813
0 0.981250 0.890625 0.037500 0.059375
0 0.933594 0.889844 0.054688 0.060937
0 0.856250 0.848437 0.071875 0.031250
0 0.800781 0.874219 0.067187 0.035937
0 0.766406 0.744531 0.054688 0.070312
0 0.758594 0.779687 0.073438 0.062500
0 0.564844 0.842969 0.032813 0.023438
0 0.555469 0.790625 0.048438 0.021875
0 0.555469 0.910156 0.026562 0.020313
0 0.600000 0.916406 0.025000 0.020313
0 0.476562 0.866406 0.071875 0.070312
0 0.207031 0.821875 0.035937 0.025000
0 0.249219 0.828125 0.035937 0.025000
0 0.132812 0.849219 0.050000 0.029687
0 0.164062 0.872656 0.043750 0.029687
0 0.119531 0.751563 0.076563 0.071875
0 0.041406 0.745313 0.057813 0.028125
0 0.031250 0.689844 0.025000 0.026562
0 0.040625 0.659375 0.028125 0.025000
0 0.043750 0.627344 0.037500 0.039062
0 0.076563 0.594531 0.015625 0.020313
0 0.164844 0.629687 0.026562 0.021875
0 0.189844 0.559375 0.026562 0.034375
0 0.287500 0.632031 0.040625 0.026562
0 0.368750 0.600000 0.059375 0.046875
0 0.374219 0.560156 0.051562 0.035937
0 0.481250 0.634375 0.093750 0.065625
0 0.502344 0.591406 0.060937 0.048438
0 0.582812 0.633594 0.075000 0.060937
0 0.542188 0.520312 0.050000 0.046875
0 0.513281 0.548438 0.032813 0.034375
0 0.691406 0.510938 0.126562 0.087500
0 0.721875 0.466406 0.037500 0.042188
0 0.425781 0.517969 0.117188 0.092188
0 0.235156 0.485156 0.107813 0.067187
0 0.287500 0.521094 0.034375 0.023438
0 0.050781 0.527344 0.101562 0.104688
0 0.500000 0.350000 0.100000 0.071875
0 0.574219 0.297656 0.092188 0.060937
0 0.531250 0.233594 0.078125 0.101562
0 0.717969 0.339062 0.164062 0.143750
