0 0.723437 0.979688 0.118750 0.040625
0 0.588281 0.987500 0.073438 0.025000
0 0.618750 0.951562 0.059375 0.046875
0 0.893750 0.957031 0.031250 0.045312
0 0.829688 0.857031 0.296875 0.235937
0 0.685937 0.725000 0.075000 0.078125
0 0.602344 0.764844 0.110937 0.101562
0 0.962500 0.739062 0.046875 0.050000
0 0.975000 0.686719 0.028125 0.029687
0 0.956250 0.634375 0.031250 0.021875
0 0.657031 0.659375 0.035937 0.034375
0 0.497656 0.875781 0.057813 0.060937
0 0.392188 0.939844 0.093750 0.098437
0 0.136719 0.935156 0.064062 0.054688
0 0.171094 0.971094 0.042188 0.017188
0 0.257812 0.861719 0.062500 0.042188
0 0.228125 0.800000 0.062500 0.046875
0 0.267969 0.739062 0.135937 0.131250
0 0.167187 0.672656 0.028125 0.029687
0 0.119531 0.739844 0.060937 0.045312
0 0.033594 0.725000 0.067187 0.056250
0 0.070312 0.644531 0.028125 0.026562
0 0.042188 0.602344 0.084375 0.060937
0 0.025000 0.539844 0.050000 0.092188
0 0.121094 0.557813 0.095312 0.046875
0 0.107813 0.477344 0.068750 0.045312
0 0.043750 0.356250 0.071875 0.062500
0 0.139063 0.314844 0.121875 0.104688
0 0.147656 0.251563 0.064062 0.043750
0 0.215625 0.414062 0.034375 0.028125
0 0.056250 0.185938 0.037500 0.031250
0 0.047656 0.153906 0.051562 0.057813
0 0.061719 0.051562 0.054688 0.059375
0 0.117188 0.061719 0.056250 0.060937
0 0.189062 0.111719 0.071875 0.032813
0 0.249219 0.093750 0.067187 0.037500
0 0.265625 0.225781 0.056250 0.070312
0 0.278125 0.191406 0.075000 0.064062
0 0.478906 0.152344 0.032813 0.023438
0 0.482031 0.204687 0.048438 0.021875
0 0.496094 0.086719 0.026562 0.020313
0 0.453125 0.075781 0.025000 0.020313
0 0.567969 0.140625 0.073438 0.071875
0 0.830469 0.217188 0.035937 0.025000
0 0.789844 0.204687 0.035937 0.025000
0 0.907813 0.199219 0.050000 0.029687
0 0.878125 0.171875 0.043750 0.031250
0 0.909375 0.297656 0.078125 0.073438
0 0.978125 0.312500 0.043750 0.028125
0 0.987500 0.367969 0.025000 0.026562
0 0.976562 0.398438 0.028125 0.025000
0 0.969531 0.431250 0.039062 0.040625
0 0.932813 0.459375 0.015625 0.021875
0 0.849219 0.414062 0.026562 0.021875
0 0.814844 0.479687 0.026562 0.034375
0 0.728125 0.395313 0.040625 0.028125
0 0.642969 0.416406 0.060937 0.048438
0 0.633594 0.457031 0.051562 0.035937
0 0.536719 0.369531 0.095312 0.067187
0 0.509375 0.409375 0.062500 0.050000
0 0.434375 0.359375 0.075000 0.062500
0 0.461719 0.475000 0.051562 0.046875
0 0.492969 0.451562 0.032813 0.034375
0 0.311719 0.466406 0.126562 0.089063
0 0.277344 0.506250 0.039062 0.043750
0 0.576562 0.492188 0.118750 0.093750
0 0.760938 0.547656 0.109375 0.070312
0 0.714063 0.505469 0.034375 0.023438
0 0.948438 0.526563 0.103125 0.106250
0 0.483594 0.650781 0.101562 0.073438
0 0.402344 0.693750 0.092188 0.062500
0 0.438281 0.760938 0.079687 0.103125
0 0.264844 0.632812 0.167187 0.146875
