0 0.882273 0.842727 0.171818 0.143636
0 0.591364 0.848636 0.179091 0.186364
0 0.194545 0.809545 0.163636 0.150000
0 0.349545 0.801818 0.135455 0.147273
0 0.735000 0.760000 0.133636 0.116364
0 0.106364 0.699091 0.150909 0.116364
0 0.402727 0.685909 0.140000 0.117273
0 0.623636 0.685000 0.143636 0.135455
0 0.255000 0.667727 0.139091 0.128182
0 0.861364 0.671364 0.120909 0.142727
0 0.400455 0.486818 0.182727 0.122727
0 0.593636 0.481818 0.176364 0.136364
0 0.333636 0.372273 0.123636 0.128182
0 0.612273 0.360909 0.146364 0.123636
0 0.466818 0.361364 0.133636 0.137273
0 0.202273 0.255000 0.068182 0.060909
0 0.125000 0.250000 0.068182 0.067273
0 0.686818 0.233182 0.111818 0.086364
0 0.254091 0.221364 0.070000 0.068182
0 0.795000 0.232727 0.068182 0.103636
0 0.176818 0.211818 0.079091 0.069091
0 0.083182 0.209545 0.088182 0.064545
0 0.876364 0.192273 0.090909 0.071818
0 0.274545 0.160455 0.069091 0.051818
0 0.199545 0.162727 0.066364 0.067273
0 0.063636 0.151818 0.067273 0.049091
0 0.790909 0.149545 0.098182 0.051818
0 0.131364 0.152273 0.057273 0.057273
0 0.617273 0.169545 0.074545 0.093636
0 0.698182 0.150000 0.081818 0.087273
0 0.255909 0.110455 0.068182 0.046364
0 0.181364 0.112727 0.062727 0.056364
0 0.105455 0.098182 0.067273 0.040000
0 0.869545 0.101818 0.060909 0.076364
0 0.647273 0.090455 0.072727 0.068182
0 0.245000 0.065909 0.059091 0.048182
0 0.129091 0.065909 0.049091 0.053636
0 0.801818 0.078182 0.074545 0.094545
0 0.715000 0.066818 0.070000 0.073636
0 0.188182 0.058636 0.063636 0.057273
