1 0.662500 0.438967 0.132500 0.096714
1 0.185875 0.267695 0.276750 0.150413
1 0.187231 0.360009 0.286963 0.145371
1 0.483125 0.430516 0.083750 0.061033
1 0.581444 0.495254 0.155388 0.167972
0 0.768750 0.358685 0.030000 0.058216
0 0.768106 0.255399 0.098712 0.069484
1 0.367500 0.445540 0.042500 0.030986
0 0.814331 0.325925 0.071163 0.079080
1 0.195475 0.380371 0.223450 0.060272
0 0.025000 0.140845 0.040000 0.011268
0 0.023750 0.082160 0.025000 0.014085
0 0.110625 0.290141 0.011250 0.011268
0 0.031250 0.191080 0.010000 0.017840
0 0.013750 0.207981 0.010000 0.017840
0 0.048125 0.129577 0.011250 0.018779
0 0.085625 0.218310 0.018750 0.010329
0 0.076875 0.136150 0.018750 0.011268
0 0.046250 0.181221 0.017500 0.011268
0 0.022500 0.207512 0.010000 0.015023
0 0.141250 0.073239 0.010000 0.007512
0 0.555000 0.105634 0.027500 0.027230
0 0.475625 0.256808 0.011250 0.010329
0 0.586875 0.169953 0.013750 0.013146
0 0.693750 0.232864 0.045000 0.024413
0 0.925000 0.284977 0.030000 0.021596
0 0.909375 0.302347 0.031250 0.022535
0 0.733750 0.159155 0.010000 0.008451
0 0.709375 0.245540 0.013750 0.010329
0 0.835625 0.129108 0.011250 0.014085
0 0.991875 0.053052 0.011250 0.008451
0 0.829375 0.219718 0.008750 0.013146
0 0.188125 0.446948 0.036250 0.030047
0 0.036875 0.624883 0.018750 0.012207
0 0.012500 0.424413 0.025000 0.033803
0 0.215625 0.420188 0.028750 0.019718
0 0.015625 0.482160 0.031250 0.034742
0 0.005625 0.445540 0.011250 0.010329
0 0.200000 0.523944 0.012500 0.016901
0 0.447500 0.468075 0.035000 0.019718
0 0.438750 0.508451 0.035000 0.021596
0 0.335662 0.414554 0.041325 0.023474
1 0.410625 0.491080 0.038750 0.030047
0 0.567500 0.460094 0.012500 0.011268
0 0.491875 0.437089 0.008750 0.008451
0 0.736250 0.505634 0.045000 0.023474
0 0.941250 0.559624 0.030000 0.020657
0 0.878125 0.456338 0.021250 0.015023
0 0.759375 0.397183 0.016250 0.013146
0 0.761250 0.417371 0.015000 0.012207
0 0.783125 0.559155 0.016250 0.006573
0 0.773125 0.589202 0.016250 0.006573
0 0.746250 0.470423 0.015000 0.007512
0 0.019137 0.046854 0.010775 0.014836
0 0.003006 0.481174 0.006012 0.010235
0 0.003363 0.521160 0.006725 0.015089
0 0.015175 0.554502 0.030350 0.044216
0 0.171388 0.579648 0.010275 0.015634
0 0.409288 0.484066 0.006075 0.004751
0 0.354950 0.433803 0.012400 0.003756
0 0.248194 0.333282 0.008887 0.009286
