0 0.166250 0.322399 0.030000 0.016870
0 0.275625 0.299438 0.033750 0.019681
0 0.322500 0.239925 0.037500 0.029991
0 0.275000 0.198688 0.035000 0.022493
0 0.568125 0.284442 0.028750 0.019681
0 0.786875 0.231022 0.028750 0.021556
0 0.673750 0.302718 0.022500 0.013121
0 0.927500 0.146204 0.027500 0.022493
0 0.270625 0.367385 0.033750 0.026242
0 0.213125 0.653702 0.033750 0.030928
0 0.117500 0.430178 0.035000 0.028116
0 0.271875 0.456420 0.036250 0.026242
0 0.306250 0.645736 0.020000 0.014995
0 0.240625 0.568416 0.038750 0.019681
0 0.118750 0.646673 0.020000 0.013121
0 0.229375 0.628866 0.021250 0.016870
0 0.011875 0.557638 0.013750 0.016870
0 0.062500 0.572634 0.012500 0.013121
0 0.028750 0.632615 0.020000 0.016870
0 0.031250 0.551078 0.017500 0.016870
0 0.640625 0.574508 0.013750 0.009372
0 0.967500 0.389410 0.037500 0.032802
0 0.671875 0.315370 0.028750 0.017807
0 0.802500 0.369728 0.025000 0.017807
0 0.186875 0.773664 0.036250 0.025305
0 0.202500 0.747891 0.037500 0.026242
0 0.248750 0.731022 0.027500 0.024367
0 0.141250 0.803187 0.017500 0.013121
0 0.436875 0.343955 0.091250 0.073102
0 0.426250 0.473758 0.095000 0.085286
1 0.615625 0.538425 0.181250 0.135895
1 0.691875 0.502812 0.183750 0.126523
0 0.502500 0.303655 0.087500 0.078725
1 0.685000 0.421743 0.175000 0.093721
0 0.820000 0.460637 0.112500 0.045923
0 0.369375 0.552952 0.076250 0.052484
0 0.919375 0.263355 0.046250 0.029991
0 0.867500 0.111528 0.045000 0.028116
0 0.137500 0.558575 0.040000 0.029991
0 0.796250 0.490628 0.067500 0.038425
0 0.165625 0.572634 0.036250 0.026242
1 0.505000 0.574977 0.242500 0.188379
0 0.190000 0.529053 0.047500 0.059044
0 0.213125 0.545455 0.043750 0.058107
0 0.071250 0.586223 0.010000 0.012184
0 0.066250 0.637301 0.007500 0.005623
0 0.175625 0.258669 0.038750 0.029991
0 0.415625 0.139175 0.031250 0.019681
0 0.716250 0.136364 0.020000 0.010309
0 0.716250 0.147610 0.027500 0.017807
0 0.569375 0.274133 0.016250 0.008435
0 0.512500 0.622306 0.015000 0.011246
0 0.887500 0.461575 0.052500 0.040300
0 0.790625 0.382849 0.021250 0.012184
0 0.831875 0.625586 0.011250 0.008435
0 0.045000 0.612465 0.007500 0.010309
