0 0.064494 0.398950 0.041487 0.012521
0 0.426875 0.567010 0.038750 0.022493
0 0.479375 0.613402 0.038750 0.021556
0 0.559375 0.462512 0.031250 0.017807
0 0.483750 0.432521 0.035000 0.017807
0 0.658856 0.643529 0.042713 0.019953
0 0.420000 0.647142 0.020000 0.015933
0 0.756250 0.612933 0.035000 0.014995
0 0.770625 0.502343 0.028750 0.031865
0 0.801875 0.569353 0.041250 0.015933
0 0.985000 0.630272 0.027500 0.021556
0 0.709794 0.582835 0.034588 0.014780
0 0.891875 0.513121 0.028750 0.015933
0 0.254375 0.806467 0.026250 0.019681
0 0.233750 0.782568 0.015000 0.011246
0 0.289375 0.703843 0.016250 0.013121
0 0.421250 0.721649 0.020000 0.014995
0 0.543125 0.684161 0.021250 0.014995
0 0.493125 0.783037 0.011250 0.006560
0 0.550625 0.748360 0.011250 0.008435
0 0.478750 0.779288 0.012500 0.008435
0 0.832825 0.746261 0.088150 0.069841
0 0.133750 0.682755 0.097500 0.068416
0 0.701250 0.729616 0.080000 0.051546
0 0.668750 0.455014 0.092500 0.064667
0 0.863263 0.675366 0.091525 0.072381
0 0.139375 0.353796 0.108750 0.066542
0 0.168125 0.465792 0.083750 0.059981
0 0.943125 0.587629 0.068750 0.052484
0 0.232638 0.465323 0.055275 0.059044
0 0.149375 0.526589 0.048750 0.033496
0 0.414375 0.465323 0.063750 0.068416
0 0.540000 0.514995 0.090000 0.036551
0 0.518069 0.347235 0.058637 0.042174
0 0.575000 0.555295 0.087500 0.034677
0 0.903125 0.539831 0.051250 0.046860
0 0.249375 0.609185 0.046250 0.031865
0 0.763750 0.342081 0.057500 0.044986
0 0.769431 0.673538 0.051363 0.038735
0 0.285562 0.674274 0.058625 0.045829
0 0.844375 0.439082 0.058750 0.021556
0 0.071250 0.731022 0.040000 0.028116
0 0.397500 0.509841 0.055000 0.039363
0 0.802500 0.656045 0.042500 0.046860
0 0.353125 0.589972 0.058750 0.042174
0 0.233750 0.537957 0.045000 0.031865
0 0.979825 0.383402 0.039650 0.013290
0 0.277500 0.569353 0.047500 0.030928
0 0.608600 0.491968 0.044700 0.029859
0 0.984375 0.447048 0.031250 0.054358
0 0.006550 0.789353 0.013100 0.015445
0 0.393775 0.649039 0.027550 0.015979
0 0.492837 0.665923 0.010675 0.004761
0 0.510481 0.651537 0.043463 0.020975
0 0.595337 0.672259 0.010675 0.006186
0 0.881944 0.790965 0.011388 0.007423
1 0.985475 0.710881 0.028450 0.023449
0 0.965337 0.645436 0.010675 0.006898
0 0.602881 0.487390 0.028262 0.020703
0 0.589012 0.418276 0.028025 0.017432
0 0.569663 0.369888 0.046825 0.021874
0 0.980287 0.369888 0.040575 0.012502
1 0.542563 0.665530 0.170125 0.065829
1 0.538306 0.603022 0.269112 0.066401
1 0.544681 0.667540 0.314362 0.069850
1 0.701594 0.710623 0.165688 0.054799
0 0.604087 0.758786 0.010675 0.004920
0 0.025788 0.347484 0.034075 0.020178
0 0.132219 0.341481 0.021938 0.006298
0 0.066894 0.411425 0.038788 0.011228
0 0.002694 0.490337 0.005387 0.007854
