0 0.435000 0.838332 0.022500 0.032802
0 0.600625 0.543580 0.036250 0.031865
0 0.652500 0.497657 0.035000 0.031865
0 0.441875 0.462043 0.028750 0.026242
0 0.414375 0.522493 0.028750 0.029053
0 0.663750 0.360356 0.032500 0.034677
0 0.706875 0.536082 0.023750 0.016870
0 0.608750 0.292409 0.025000 0.028116
0 0.460625 0.299906 0.046250 0.026242
0 0.545000 0.265698 0.027500 0.032802
0 0.596250 0.120431 0.032500 0.023430
0 0.576250 0.331771 0.025000 0.028116
0 0.456250 0.207591 0.025000 0.023430
0 0.942500 0.634489 0.030000 0.022493
0 0.913750 0.652296 0.017500 0.013121
0 0.801250 0.624649 0.020000 0.014058
0 0.805000 0.523899 0.022500 0.016870
0 0.736250 0.439082 0.022500 0.017807
0 0.873750 0.461106 0.010000 0.009372
0 0.820000 0.423618 0.012500 0.009372
0 0.871250 0.471884 0.012500 0.010309
0 0.773125 0.214620 0.106250 0.076851
0 0.798750 0.743205 0.105000 0.082474
0 0.771250 0.314902 0.080000 0.067479
0 0.415000 0.382381 0.100000 0.078725
0 0.674375 0.204311 0.108750 0.078725
0 0.363750 0.790534 0.105000 0.090909
0 0.507500 0.751640 0.092500 0.071228
0 0.546250 0.157919 0.080000 0.059044
0 0.496875 0.703374 0.086250 0.049672
0 0.590000 0.755389 0.052500 0.041237
0 0.467500 0.568885 0.100000 0.058107
0 0.513750 0.468135 0.062500 0.072165
0 0.296250 0.510309 0.065000 0.049672
0 0.561875 0.436270 0.058750 0.070291
0 0.490000 0.195876 0.070000 0.044986
0 0.683125 0.669166 0.048750 0.039363
0 0.250625 0.329428 0.068750 0.049672
0 0.686875 0.273196 0.058750 0.044049
0 0.763750 0.631678 0.070000 0.050609
0 0.366250 0.254920 0.037500 0.046860
0 0.871875 0.781631 0.043750 0.033739
0 0.528750 0.574508 0.060000 0.046860
0 0.658125 0.251640 0.068750 0.038425
0 0.641250 0.594658 0.065000 0.049672
0 0.591875 0.691190 0.048750 0.038425
0 0.271875 0.163074 0.023750 0.031865
0 0.626875 0.653702 0.048750 0.040300
0 0.473125 0.421275 0.046250 0.038425
0 0.354375 0.149953 0.076250 0.031865
0 0.958125 0.820993 0.021250 0.011246
0 0.713750 0.555764 0.025000 0.022493
0 0.720000 0.478913 0.007500 0.009372
0 0.698125 0.469541 0.033750 0.035614
0 0.712500 0.402999 0.010000 0.009372
0 0.823125 0.171509 0.011250 0.009372
1 0.702500 0.107310 0.035000 0.025305
0 0.618750 0.133083 0.010000 0.009372
0 0.468125 0.426429 0.031250 0.024367
0 0.378750 0.446579 0.027500 0.023430
0 0.318125 0.468604 0.036250 0.037488
0 0.253750 0.164948 0.022500 0.031865
1 0.711250 0.442830 0.112500 0.135895
1 0.630000 0.455951 0.130000 0.208997
1 0.713125 0.441425 0.141250 0.243674
1 0.746250 0.318650 0.097500 0.131209
0 0.825000 0.383318 0.007500 0.009372
0 0.373750 0.875351 0.032500 0.028116
0 0.348750 0.797095 0.012500 0.017807
0 0.450625 0.834114 0.021250 0.029991
0 0.565625 0.870197 0.011250 0.004686
