0 0.536538 0.119512 0.040575 0.024939
0 0.709325 0.320188 0.043650 0.069484
0 0.504375 0.441784 0.058750 0.044131
0 0.408750 0.534742 0.050000 0.076056
0 0.170344 0.150967 0.020688 0.031512
0 0.725456 0.366667 0.038413 0.034742
0 0.223125 0.427230 0.043750 0.031925
0 0.612025 0.273512 0.049050 0.036225
0 0.316250 0.133803 0.032500 0.029108
0 0.686338 0.223014 0.032675 0.040394
0 0.819375 0.122535 0.051250 0.021596
0 0.520625 0.339437 0.041250 0.040376
0 0.522500 0.320188 0.040000 0.045070
0 0.283125 0.237559 0.031250 0.026291
0 0.189375 0.225352 0.021250 0.020657
0 0.229375 0.261502 0.021250 0.029108
0 0.261875 0.118779 0.031250 0.023474
0 0.225425 0.322512 0.023350 0.047840
0 0.471250 0.165728 0.030000 0.027230
0 0.468750 0.268545 0.030000 0.026291
0 0.499375 0.219718 0.013750 0.015023
0 0.198750 0.514554 0.030000 0.020657
0 0.320000 0.578873 0.025000 0.019718
0 0.179375 0.636620 0.028750 0.020657
0 0.256250 0.449765 0.030000 0.022535
0 0.206250 0.595305 0.012500 0.007512
0 0.207500 0.364789 0.027500 0.030986
0 0.082500 0.381690 0.010000 0.014085
0 0.135625 0.661502 0.011250 0.008451
0 0.087700 0.334235 0.010400 0.016826
0 0.147500 0.633333 0.015000 0.008451
0 0.208750 0.527700 0.015000 0.007512
0 0.627500 0.500469 0.027500 0.020657
0 0.649375 0.631455 0.018750 0.014085
0 0.518750 0.470892 0.020000 0.014085
0 0.493750 0.407512 0.020000 0.015023
0 0.635000 0.517371 0.012500 0.013146
0 0.751875 0.588732 0.026250 0.020657
0 0.760000 0.510798 0.017500 0.009390
0 0.771250 0.430986 0.017500 0.009390
0 0.803125 0.404695 0.011250 0.009390
0 0.211875 0.692488 0.028750 0.021596
0 0.201381 0.344469 0.022763 0.027906
0 0.222337 0.360446 0.024675 0.054225
0 0.309106 0.186531 0.030713 0.025643
0 0.190800 0.150732 0.026600 0.027286
0 0.711594 0.186296 0.033188 0.042075
0 0.720450 0.206906 0.038400 0.049493
0 0.635644 0.284160 0.006288 0.010573
0 0.704356 0.321291 0.011213 0.011596
0 0.705225 0.376592 0.005450 0.011399
0 0.526450 0.366113 0.035400 0.039268
0 0.665713 0.682531 0.011425 0.009192
0 0.377669 0.669174 0.007837 0.008770
0 0.159062 0.551258 0.025625 0.047117
0 0.176762 0.435333 0.021025 0.018085
0 0.187987 0.453089 0.030975 0.055474
