0 0.994375 0.527700 0.011250 0.030047
0 0.740000 0.657746 0.092500 0.032864
0 0.578125 0.502817 0.058750 0.044131
0 0.454375 0.431925 0.101250 0.037559
0 0.965000 0.253052 0.042500 0.015962
0 0.678125 0.669953 0.046250 0.029108
0 0.597500 0.292488 0.042500 0.032864
0 0.801875 0.584507 0.048750 0.036620
0 0.984375 0.361502 0.031250 0.024413
0 0.869375 0.640376 0.053750 0.024413
0 0.993750 0.739437 0.012500 0.038498
0 0.714375 0.515962 0.053750 0.030986
0 0.740000 0.517371 0.060000 0.030047
0 0.850000 0.337559 0.035000 0.023474
0 0.866250 0.267136 0.027500 0.015962
0 0.818125 0.297183 0.038750 0.015962
0 0.995625 0.320657 0.008750 0.023474
0 0.736875 0.294366 0.063750 0.017840
0 0.945625 0.478873 0.036250 0.022535
0 0.808750 0.476995 0.035000 0.022535
0 0.873750 0.500000 0.020000 0.010329
0 0.481250 0.274178 0.027500 0.022535
0 0.395625 0.365258 0.026250 0.018779
0 0.318750 0.259624 0.027500 0.021596
0 0.567500 0.317371 0.030000 0.022535
0 0.373750 0.279812 0.010000 0.009390
0 0.680625 0.280751 0.041250 0.020657
0 0.658125 0.186854 0.018750 0.007512
0 0.285625 0.226761 0.011250 0.008451
0 0.721250 0.190610 0.022500 0.007512
0 0.323125 0.235681 0.011250 0.011268
0 0.463750 0.281690 0.010000 0.011268
0 0.500000 0.596244 0.027500 0.020657
0 0.325625 0.612676 0.018750 0.014085
0 0.539375 0.514554 0.018750 0.015023
0 0.623750 0.495775 0.020000 0.015023
0 0.477500 0.601878 0.017500 0.009390
0 0.382500 0.689671 0.027500 0.019718
0 0.486250 0.695775 0.012500 0.013146
0 0.592500 0.704225 0.012500 0.013146
0 0.627500 0.728169 0.012500 0.008451
0 0.244375 0.284038 0.028750 0.021596
0 0.707500 0.276056 0.037500 0.016901
0 0.686250 0.292019 0.072500 0.018779
0 0.918125 0.356338 0.033750 0.023474
0 0.964375 0.268075 0.036250 0.019718
0 0.918125 0.659624 0.056250 0.025352
0 0.890625 0.666197 0.066250 0.029108
0 0.788125 0.602347 0.013750 0.004695
0 0.737500 0.653991 0.015000 0.008451
0 0.663750 0.654460 0.015000 0.003756
0 0.678750 0.520188 0.052500 0.026291
0 0.257500 0.624883 0.012500 0.008451
0 0.275625 0.408451 0.011250 0.005634
0 0.431250 0.244131 0.062500 0.018779
0 0.585625 0.257746 0.023750 0.015962
0 0.563125 0.266197 0.073750 0.023474
