0 0.393125 0.872770 0.043750 0.029108
0 0.259375 0.656338 0.056250 0.073239
0 0.485625 0.557277 0.066250 0.049765
0 0.596875 0.475117 0.063750 0.080751
0 0.761250 0.879812 0.027500 0.033803
0 0.252500 0.608920 0.045000 0.038498
0 0.760625 0.601408 0.048750 0.036620
0 0.347500 0.712676 0.055000 0.041315
0 0.615000 0.882629 0.037500 0.031925
0 0.265000 0.754930 0.040000 0.043192
0 0.113750 0.840376 0.055000 0.026291
0 0.450625 0.657746 0.048750 0.044131
0 0.445000 0.676056 0.047500 0.048826
0 0.666875 0.782629 0.036250 0.029108
0 0.757500 0.804695 0.025000 0.022535
0 0.724375 0.764789 0.026250 0.030986
0 0.665000 0.902347 0.035000 0.026291
0 0.738750 0.704695 0.032500 0.049765
0 0.466250 0.833803 0.035000 0.030047
0 0.488750 0.732864 0.035000 0.029108
0 0.449375 0.777934 0.016250 0.015962
0 0.801875 0.516901 0.033750 0.023474
0 0.693125 0.441315 0.028750 0.022535
0 0.843750 0.398592 0.032500 0.023474
0 0.731875 0.575117 0.033750 0.025352
0 0.809375 0.436150 0.013750 0.008451
0 0.765000 0.664789 0.032500 0.033803
0 0.891250 0.661033 0.012500 0.015023
0 0.891250 0.378404 0.012500 0.009390
0 0.877500 0.707512 0.012500 0.017840
0 0.874375 0.405164 0.016250 0.010329
0 0.794375 0.503286 0.016250 0.009390
0 0.374375 0.486854 0.031250 0.023474
0 0.376875 0.354460 0.021250 0.015962
0 0.476250 0.527230 0.022500 0.015962
0 0.488750 0.592488 0.022500 0.016901
0 0.370000 0.469014 0.015000 0.014085
0 0.267500 0.386385 0.030000 0.023474
0 0.244375 0.461972 0.018750 0.011268
0 0.219375 0.539906 0.018750 0.011268
0 0.182500 0.562911 0.012500 0.010329
0 0.821250 0.339906 0.032500 0.024413
0 0.767500 0.685446 0.027500 0.030047
0 0.748750 0.667606 0.035000 0.056338
0 0.631875 0.830986 0.036250 0.028169
0 0.741875 0.877934 0.031250 0.030047
0 0.231875 0.788732 0.041250 0.045070
0 0.227500 0.767606 0.047500 0.053521
0 0.326250 0.699531 0.007500 0.011268
0 0.264375 0.655869 0.013750 0.012207
0 0.273750 0.600939 0.007500 0.011268
0 0.448750 0.629577 0.042500 0.042254
0 0.370000 0.301878 0.012500 0.010329
0 0.651875 0.345540 0.008750 0.009390
0 0.846875 0.484507 0.033750 0.048826
0 0.808125 0.597653 0.023750 0.019718
0 0.800625 0.579343 0.041250 0.058216
