0 0.580000 0.754920 0.042500 0.023430
0 0.542500 0.862699 0.040000 0.021556
0 0.488750 0.631209 0.017500 0.014058
0 0.420625 0.343486 0.021250 0.012184
0 0.411875 0.265230 0.023750 0.013121
0 0.415000 0.305530 0.025000 0.014995
0 0.471250 0.403936 0.047500 0.031865
0 0.408750 0.183693 0.047500 0.031865
1 0.068125 0.673383 0.136250 0.150890
0 0.484375 0.568416 0.043750 0.032802
0 0.212500 0.845829 0.045000 0.023430
0 0.476875 0.471884 0.046250 0.030928
1 0.060625 0.464855 0.121250 0.221181
0 0.076875 0.947516 0.046250 0.024367
0 0.028125 0.675726 0.016250 0.011246
0 0.104375 0.730084 0.018750 0.011246
0 0.115625 0.735708 0.016250 0.011246
0 0.468750 0.963449 0.015000 0.013121
0 0.624375 0.710872 0.013750 0.017807
0 0.956875 0.552952 0.016250 0.018744
0 0.718125 0.460637 0.011250 0.012184
0 0.710625 0.452671 0.008750 0.011246
0 0.688125 0.174789 0.011250 0.010309
0 0.783125 0.108716 0.013750 0.013121
