0 0.408125 0.247554 0.041250 0.022755
0 0.440625 0.138707 0.038750 0.020619
0 0.505625 0.368791 0.016250 0.014058
0 0.586875 0.654171 0.021250 0.011246
0 0.599375 0.732441 0.023750 0.012212
0 0.594200 0.693079 0.023400 0.014086
0 0.533125 0.595595 0.046250 0.030928
0 0.605625 0.813964 0.046250 0.030928
1 0.928675 0.315511 0.139850 0.147423
0 0.512500 0.431115 0.042500 0.031865
0 0.771875 0.147287 0.043750 0.022784
0 0.525000 0.527648 0.045000 0.029991
1 0.942094 0.523486 0.114187 0.218482
0 0.902500 0.041706 0.045000 0.023430
0 0.963369 0.312844 0.016738 0.010881
0 0.885481 0.260216 0.018462 0.010590
0 0.873375 0.254138 0.016750 0.011556
0 0.510231 0.035637 0.015462 0.013168
0 0.366444 0.292798 0.012888 0.017648
0 0.042519 0.459180 0.015037 0.018641
0 0.284544 0.545145 0.011587 0.012502
0 0.292850 0.553008 0.008200 0.011359
0 0.328081 0.830028 0.011162 0.010572
0 0.235406 0.898772 0.013312 0.013102
