1 0.559375 0.330834 0.376250 0.266167
1 0.667837 0.627587 0.290675 0.282352
0 0.075625 0.154171 0.091250 0.119025
0 0.576875 0.649016 0.043750 0.034677
0 0.561250 0.072634 0.037500 0.036551
0 0.708750 0.106842 0.040000 0.037488
0 0.422500 0.067948 0.037500 0.038425
0 0.216875 0.761949 0.076250 0.054358
0 0.970000 0.494377 0.057500 0.047798
0 0.229375 0.092784 0.041250 0.039363
0 0.267681 0.653233 0.080363 0.044986
1 0.493238 0.562409 0.401475 0.350684
0 0.955000 0.373008 0.042500 0.035614
1 0.445056 0.799864 0.310113 0.336373
0 0.983750 0.401125 0.032500 0.046860
0 0.765269 0.370665 0.028037 0.068416
0 0.804725 0.496785 0.029450 0.110722
0 0.777831 0.196345 0.065662 0.047798
0 0.152669 0.576471 0.067838 0.086401
0 0.874375 0.612465 0.048750 0.049672
0 0.253125 0.248360 0.016250 0.067479
0 0.771250 0.597001 0.075000 0.061856
0 0.415625 0.302718 0.018750 0.014995
0 0.261875 0.447985 0.033750 0.024367
0 0.453125 0.247423 0.016250 0.016870
0 0.253125 0.248828 0.013750 0.070291
0 0.790000 0.141518 0.022500 0.016870
0 0.496875 0.268041 0.018750 0.014995
0 0.663125 0.094658 0.013750 0.011246
0 0.564375 0.440487 0.016250 0.014995
0 0.520625 0.328960 0.011250 0.031865
0 0.880000 0.801781 0.025000 0.017807
0 0.981250 0.723524 0.037500 0.024367
0 0.448125 0.627929 0.018750 0.014995
0 0.737500 0.729147 0.047500 0.016870
0 0.842500 0.931584 0.020000 0.020619
0 0.534375 0.545455 0.018750 0.014995
0 0.368750 0.833177 0.012500 0.013121
0 0.313125 0.619963 0.023750 0.014058
0 0.790250 0.745717 0.048000 0.053758
0 0.199694 0.581701 0.074387 0.087488
0 0.837144 0.611921 0.041787 0.054208
0 0.502406 0.208810 0.027313 0.016495
0 0.282544 0.069616 0.032587 0.036139
