1 0.723750 0.550609 0.367500 0.291471
1 0.324375 0.621837 0.386250 0.227741
0 0.946875 0.193065 0.106250 0.071228
0 0.298750 0.552952 0.047500 0.033739
0 0.161250 0.278819 0.075000 0.059044
0 0.491875 0.852858 0.066250 0.044986
0 0.303750 0.320525 0.062500 0.061856
1 0.418125 0.492971 0.481250 0.313027
0 0.653125 0.845829 0.048750 0.032802
1 0.165625 0.450328 0.331250 0.240862
0 0.615625 0.865979 0.063750 0.026242
0 0.663750 0.703374 0.092500 0.023430
0 0.494375 0.729147 0.148750 0.026242
0 0.895625 0.719306 0.066250 0.051546
0 0.411250 0.237582 0.117500 0.053421
0 0.337500 0.776476 0.067500 0.038425
0 0.843750 0.324274 0.090000 0.014995
0 0.361250 0.700094 0.085000 0.058107
0 0.765625 0.444236 0.021250 0.014995
0 0.578125 0.323336 0.033750 0.026242
0 0.838750 0.474227 0.022500 0.013121
0 0.843125 0.324274 0.093750 0.013121
0 0.968125 0.729616 0.023750 0.017807
0 0.809375 0.506092 0.021250 0.014995
0 0.577500 0.550141 0.020000 0.013121
0 0.727500 0.522024 0.042500 0.009372
0 0.085000 0.774602 0.025000 0.019681
0 0.185625 0.853327 0.033750 0.029053
0 0.331875 0.457357 0.021250 0.014995
0 0.186875 0.670572 0.023750 0.036551
0 0.438125 0.524836 0.021250 0.014995
0 0.061250 0.389878 0.017500 0.009372
0 0.347500 0.356139 0.020000 0.018744
0 0.162500 0.708529 0.072500 0.037488
0 0.403125 0.272259 0.118750 0.059044
0 0.339375 0.748360 0.073750 0.032802
0 0.888125 0.512184 0.023750 0.021556
