1 0.726250 0.544986 0.355000 0.282099
1 0.330625 0.626523 0.376250 0.218369
0 0.940625 0.181350 0.118750 0.068416
0 0.301875 0.558107 0.046250 0.032802
0 0.151250 0.288191 0.072500 0.057170
0 0.508125 0.852858 0.063750 0.043112
0 0.296250 0.326148 0.060000 0.059981
1 0.417500 0.495314 0.467500 0.300843
0 0.670000 0.841612 0.047500 0.031865
1 0.162500 0.459231 0.325000 0.232427
0 0.632500 0.863168 0.062500 0.024367
0 0.673125 0.699157 0.091250 0.020619
0 0.505000 0.729147 0.147500 0.022493
0 0.905625 0.708997 0.063750 0.049672
0 0.398750 0.239925 0.115000 0.050609
0 0.350625 0.781162 0.066250 0.036551
0 0.836250 0.315370 0.090000 0.012184
0 0.371250 0.703843 0.082500 0.056232
0 0.763750 0.437207 0.020000 0.014058
0 0.570000 0.321931 0.032500 0.025305
0 0.837500 0.465323 0.022500 0.012184
0 0.835625 0.315370 0.093750 0.010309
0 0.978750 0.717901 0.022500 0.016870
0 0.810000 0.498126 0.020000 0.014058
0 0.580000 0.548735 0.020000 0.012184
0 0.728750 0.515933 0.042500 0.008435
0 0.098125 0.785380 0.023750 0.018744
0 0.202500 0.861293 0.032500 0.028116
0 0.330000 0.461575 0.020000 0.014058
0 0.195000 0.678538 0.022500 0.035614
0 0.440000 0.526242 0.020000 0.014058
0 0.056250 0.402062 0.017500 0.009372
0 0.340625 0.360356 0.018750 0.017807
0 0.173125 0.717901 0.071250 0.035614
0 0.391875 0.275539 0.116250 0.056232
0 0.351250 0.753046 0.072500 0.030928
0 0.888750 0.502343 0.022500 0.020619
