0 0.163750 0.226804 0.017500 0.013121
0 0.075000 0.181818 0.035000 0.022493
0 0.044375 0.084817 0.031250 0.012184
0 0.891250 0.165886 0.020000 0.011246
0 0.235000 0.592315 0.030000 0.020619
0 0.121250 0.557170 0.035000 0.025305
0 0.017500 0.432052 0.022500 0.013121
0 0.625000 0.508435 0.030000 0.021556
0 0.344375 0.625586 0.021250 0.015933
0 0.650625 0.493440 0.021250 0.015933
0 0.489375 0.480319 0.023750 0.017807
0 0.640625 0.608247 0.021250 0.016870
0 0.537500 0.461106 0.020000 0.014995
0 0.449375 0.544986 0.018750 0.014058
0 0.490625 0.545923 0.016250 0.012184
0 0.453125 0.652296 0.021250 0.013121
0 0.470625 0.537020 0.026250 0.018744
0 0.494375 0.519681 0.018750 0.012184
0 0.535625 0.628866 0.021250 0.013121
0 0.396875 0.597001 0.023750 0.014995
0 0.480000 0.647610 0.020000 0.013121
0 0.500625 0.527648 0.021250 0.013121
0 0.490625 0.470478 0.021250 0.011246
0 0.511250 0.400656 0.007500 0.006560
0 0.859375 0.660731 0.021250 0.014995
0 0.809375 0.449859 0.021250 0.014995
0 0.670000 0.544517 0.020000 0.014995
0 0.691875 0.556701 0.013750 0.007498
0 0.787500 0.586223 0.020000 0.012184
0 0.681250 0.441893 0.007500 0.006560
0 0.795000 0.525305 0.010000 0.006560
0 0.790000 0.596064 0.012500 0.007498
0 0.112500 0.872071 0.022500 0.019681
0 0.262500 0.692596 0.022500 0.014995
0 0.305625 0.680412 0.021250 0.014995
0 0.325000 0.675726 0.020000 0.014995
0 0.285625 0.686036 0.021250 0.014995
0 0.185000 0.917994 0.012500 0.019681
0 0.219375 0.656514 0.021250 0.015933
0 0.546250 0.864105 0.022500 0.018744
0 0.345000 0.673852 0.020000 0.014995
0 0.610625 0.714152 0.048750 0.014995
0 0.690000 0.891284 0.022500 0.018744
0 0.834375 0.731022 0.021250 0.016870
0 0.961875 0.848172 0.023750 0.014995
0 0.808750 0.805530 0.022500 0.017807
0 0.790000 0.905342 0.010000 0.007498
0 0.738125 0.855201 0.083750 0.064667
0 0.070000 0.708997 0.132500 0.089035
0 0.886875 0.769447 0.068750 0.048735
0 0.895000 0.734302 0.062500 0.044049
0 0.276250 0.788191 0.070000 0.052484
0 0.190625 0.876289 0.071250 0.050609
0 0.174375 0.731959 0.066250 0.058107
0 0.381875 0.094658 0.036250 0.035614
0 0.022500 0.768041 0.045000 0.047798
0 0.645000 0.757263 0.070000 0.044986
0 0.238750 0.193533 0.040000 0.034677
0 0.138750 0.643393 0.080000 0.057170
0 0.856250 0.479381 0.050000 0.040300
0 0.281250 0.270384 0.037500 0.032802
0 0.446875 0.771790 0.083750 0.019681
0 0.229375 0.733833 0.048750 0.029991
0 0.749375 0.163074 0.036250 0.033739
1 0.975000 0.622774 0.042500 0.070291
0 0.644375 0.731490 0.073750 0.027179
0 0.036875 0.229616 0.018750 0.018744
0 0.023125 0.228679 0.013750 0.014995
0 0.407500 0.129803 0.020000 0.008435
0 0.436250 0.084349 0.007500 0.007498
0 0.707500 0.173383 0.007500 0.005623
0 0.893750 0.159794 0.020000 0.006560
0 0.612500 0.704311 0.017500 0.008435
0 0.363750 0.745548 0.140000 0.017807
0 0.403125 0.732896 0.118750 0.016870
0 0.405625 0.720244 0.061250 0.014058
0 0.478125 0.679475 0.028750 0.009372
0 0.469375 0.669634 0.023750 0.006560
0 0.449375 0.663074 0.048750 0.010309
0 0.485000 0.657451 0.027500 0.006560
0 0.493750 0.664948 0.037500 0.010309
0 0.537500 0.640112 0.012500 0.007498
0 0.390625 0.591378 0.023750 0.011246
0 0.100625 0.593721 0.031250 0.015933
1 0.056250 0.593252 0.112500 0.082474
0 0.070625 0.696813 0.036250 0.025305
0 0.319375 0.906279 0.008750 0.007498
