0 0.153750 0.766635 0.017500 0.013121
0 0.098125 0.835520 0.028750 0.025305
0 0.035625 0.224930 0.013750 0.014995
0 0.636875 0.694002 0.026250 0.021556
0 0.596250 0.780225 0.032500 0.025305
0 0.435625 0.865979 0.016250 0.016870
0 0.505000 0.406279 0.027500 0.021556
0 0.676250 0.610122 0.020000 0.014995
0 0.483750 0.388004 0.020000 0.014995
0 0.475000 0.508903 0.022500 0.016870
0 0.636875 0.389878 0.021250 0.014995
0 0.445625 0.474695 0.018750 0.014058
0 0.562500 0.536551 0.017500 0.014058
0 0.561875 0.505623 0.016250 0.012184
0 0.704375 0.528116 0.016250 0.015933
0 0.550625 0.520150 0.023750 0.018744
0 0.526250 0.503749 0.015000 0.014058
0 0.669375 0.466261 0.016250 0.015933
0 0.635625 0.572634 0.018750 0.016870
0 0.698125 0.507966 0.016250 0.014995
0 0.536875 0.498126 0.016250 0.015933
0 0.461875 0.508435 0.013750 0.015933
0 0.368125 0.497657 0.008750 0.005623
0 0.695625 0.223055 0.018750 0.014995
0 0.416875 0.271790 0.018750 0.014995
0 0.549375 0.370665 0.018750 0.014058
0 0.565000 0.353796 0.010000 0.010309
0 0.600000 0.280225 0.015000 0.014995
0 0.413125 0.368322 0.008750 0.005623
0 0.518125 0.277413 0.008750 0.007498
0 0.613750 0.278351 0.010000 0.009372
0 0.769375 0.667760 0.018750 0.015933
0 0.750625 0.636364 0.018750 0.014995
0 0.743125 0.621837 0.018750 0.014058
0 0.759375 0.651359 0.018750 0.014995
0 0.723750 0.702905 0.020000 0.014995
0 0.983125 0.446579 0.023750 0.015933
0 0.739375 0.606842 0.018750 0.014058
0 0.780000 0.406748 0.020000 0.035614
0 0.790625 0.238051 0.021250 0.014995
0 0.939375 0.136832 0.018750 0.016870
0 0.890000 0.253515 0.022500 0.015933
0 0.956875 0.302718 0.078750 0.061856
0 0.801875 0.812090 0.116250 0.098407
0 0.839375 0.195876 0.063750 0.050609
0 0.792500 0.192596 0.057500 0.045923
0 0.895625 0.652765 0.068750 0.051546
0 0.991250 0.711809 0.017500 0.051546
0 0.826875 0.731959 0.076250 0.048735
0 0.883750 0.849110 0.062500 0.043112
0 0.835625 0.379100 0.058750 0.051546
0 0.105625 0.712277 0.046250 0.029991
0 0.710000 0.763355 0.075000 0.059044
0 0.453125 0.235239 0.053750 0.037488
0 0.205625 0.675726 0.043750 0.028116
0 0.865000 0.526710 0.025000 0.061856
0 0.826250 0.691190 0.040000 0.036551
0 0.039375 0.331303 0.043750 0.027179
1 0.639375 0.137769 0.093750 0.029991
0 0.801250 0.380506 0.035000 0.054358
0 0.163750 0.861293 0.025000 0.013121
0 0.163750 0.871603 0.020000 0.009372
0 0.012500 0.589503 0.010000 0.014995
0 0.055000 0.361762 0.007500 0.005623
0 0.026250 0.223993 0.007500 0.014995
0 0.765625 0.405811 0.011250 0.013121
0 0.833125 0.589503 0.021250 0.104967
0 0.814375 0.560918 0.021250 0.089035
0 0.797500 0.559981 0.017500 0.045923
0 0.739375 0.507498 0.011250 0.021556
0 0.728750 0.514995 0.007500 0.017807
0 0.719375 0.529991 0.013750 0.036551
0 0.711250 0.503280 0.007500 0.020619
0 0.719375 0.496720 0.013750 0.028116
0 0.685000 0.464855 0.010000 0.009372
0 0.626875 0.576851 0.013750 0.017807
0 0.646250 0.794752 0.020000 0.022493
1 0.648125 0.829897 0.108750 0.087160
0 0.785000 0.811621 0.032500 0.026242
