0 0.151250 0.235239 0.017500 0.013121
0 0.060369 0.193533 0.033238 0.021556
0 0.024375 0.096532 0.031250 0.011246
0 0.876169 0.155886 0.019837 0.009991
0 0.239375 0.599344 0.028750 0.019681
0 0.124375 0.567010 0.033750 0.024367
0 0.013869 0.444836 0.022738 0.012446
0 0.625625 0.505155 0.028750 0.020619
0 0.350000 0.629803 0.020000 0.014995
0 0.650000 0.489222 0.020000 0.014995
0 0.488750 0.480787 0.022500 0.016870
0 0.645000 0.604030 0.020000 0.015933
0 0.535625 0.459700 0.018750 0.014058
0 0.450625 0.546392 0.018750 0.013121
0 0.491875 0.545923 0.016250 0.012184
0 0.459375 0.652765 0.021250 0.012184
0 0.472500 0.537488 0.025000 0.017807
0 0.494375 0.519213 0.018750 0.011246
0 0.541875 0.627460 0.021250 0.012184
0 0.401250 0.600281 0.022500 0.014058
0 0.486250 0.648079 0.020000 0.012184
0 0.501875 0.527179 0.021250 0.012184
0 0.489375 0.470947 0.021250 0.010309
0 0.506250 0.400656 0.007500 0.006560
0 0.866250 0.650890 0.020000 0.014058
0 0.806250 0.441893 0.020000 0.014058
0 0.671756 0.539363 0.018513 0.014058
0 0.694375 0.551078 0.013750 0.007498
0 0.791250 0.578257 0.020000 0.011246
0 0.677500 0.437207 0.007500 0.006560
0 0.796250 0.516870 0.010000 0.006560
0 0.793750 0.588566 0.012500 0.007498
0 0.129375 0.881912 0.021250 0.018744
0 0.271875 0.698688 0.021250 0.014058
0 0.313750 0.685567 0.020000 0.014058
0 0.333225 0.679944 0.018950 0.014058
0 0.293750 0.691190 0.020000 0.014058
0 0.204375 0.925492 0.011250 0.019681
0 0.226250 0.663599 0.020000 0.015108
0 0.563125 0.862699 0.021250 0.017807
0 0.353125 0.677132 0.018750 0.014058
0 0.620256 0.711078 0.048012 0.014470
0 0.708125 0.886129 0.021250 0.017807
0 0.845000 0.722118 0.020000 0.015933
0 0.977500 0.835520 0.022500 0.014058
0 0.821875 0.796626 0.021250 0.016870
0 0.808750 0.896907 0.010000 0.007498
0 0.754375 0.848641 0.081250 0.062793
0 0.079375 0.720244 0.128750 0.085286
0 0.899375 0.759138 0.066250 0.046860
0 0.905000 0.723993 0.060000 0.042174
0 0.290000 0.793814 0.067500 0.050609
0 0.208125 0.883786 0.068750 0.048735
0 0.185625 0.740394 0.063750 0.056232
0 0.362500 0.097938 0.035000 0.034677
0 0.028125 0.781162 0.056250 0.045923
0 0.656250 0.753515 0.067500 0.043112
0 0.224375 0.200562 0.038750 0.033739
0 0.145000 0.652765 0.077500 0.055295
0 0.854375 0.469541 0.048750 0.039363
0 0.270625 0.276476 0.036250 0.031865
0 0.458594 0.772873 0.082187 0.018097
0 0.240000 0.740862 0.047500 0.029053
0 0.733594 0.156982 0.034688 0.032802
1 0.980625 0.610122 0.038750 0.069353
0 0.655000 0.727741 0.072500 0.025305
0 0.023794 0.241626 0.017587 0.018397
0 0.010256 0.240717 0.013012 0.014705
0 0.390019 0.132324 0.020037 0.007854
0 0.416538 0.086284 0.008075 0.007619
0 0.692256 0.167680 0.007013 0.005464
0 0.877337 0.148810 0.019675 0.005211
0 0.622362 0.700417 0.017225 0.008144
0 0.374819 0.748285 0.139637 0.013908
0 0.414262 0.734100 0.118525 0.013655
0 0.415594 0.722198 0.061188 0.012343
0 0.485838 0.679114 0.029175 0.008650
0 0.476594 0.670295 0.023187 0.006007
0 0.456937 0.664250 0.048875 0.008913
0 0.491381 0.658116 0.027763 0.006017
0 0.501506 0.664250 0.038012 0.008913
0 0.543819 0.638969 0.012637 0.007085
0 0.394625 0.593950 0.024250 0.010769
0 0.105294 0.603552 0.030588 0.014977
1 0.057712 0.604789 0.115425 0.079306
0 0.079006 0.707774 0.035513 0.024733
0 0.337962 0.910867 0.008425 0.007301
0 0.151250 0.235239 0.017500 0.013121
0 0.060369 0.193533 0.033238 0.021556
0 0.024375 0.096532 0.031250 0.011246
0 0.876169 0.155886 0.019837 0.009991
0 0.239375 0.599344 0.028750 0.019681
0 0.124375 0.567010 0.033750 0.024367
0 0.013869 0.444836 0.022738 0.012446
0 0.625625 0.505155 0.028750 0.020619
0 0.350000 0.629803 0.020000 0.014995
0 0.650000 0.489222 0.020000 0.014995
0 0.488750 0.480787 0.022500 0.016870
0 0.645000 0.604030 0.020000 0.015933
0 0.535625 0.459700 0.018750 0.014058
0 0.450625 0.546392 0.018750 0.013121
0 0.491875 0.545923 0.016250 0.012184
0 0.459375 0.652765 0.021250 0.012184
0 0.472500 0.537488 0.025000 0.017807
0 0.494375 0.519213 0.018750 0.011246
0 0.541875 0.627460 0.021250 0.012184
0 0.401250 0.600281 0.022500 0.014058
0 0.486250 0.648079 0.020000 0.012184
0 0.501875 0.527179 0.021250 0.012184
0 0.489375 0.470947 0.021250 0.010309
0 0.506250 0.400656 0.007500 0.006560
0 0.866250 0.650890 0.020000 0.014058
0 0.806250 0.441893 0.020000 0.014058
0 0.671756 0.539363 0.018513 0.014058
0 0.694375 0.551078 0.013750 0.007498
0 0.791250 0.578257 0.020000 0.011246
0 0.677500 0.437207 0.007500 0.006560
0 0.796250 0.516870 0.010000 0.006560
0 0.793750 0.588566 0.012500 0.007498
0 0.129375 0.881912 0.021250 0.018744
0 0.271875 0.698688 0.021250 0.014058
0 0.313750 0.685567 0.020000 0.014058
0 0.333225 0.679944 0.018950 0.014058
0 0.293750 0.691190 0.020000 0.014058
0 0.204375 0.925492 0.011250 0.019681
0 0.226250 0.663599 0.020000 0.015108
0 0.563125 0.862699 0.021250 0.017807
0 0.353125 0.677132 0.018750 0.014058
0 0.620256 0.711078 0.048012 0.014470
0 0.708125 0.886129 0.021250 0.017807
0 0.845000 0.722118 0.020000 0.015933
0 0.977500 0.835520 0.022500 0.014058
0 0.821875 0.796626 0.021250 0.016870
0 0.808750 0.896907 0.010000 0.007498
0 0.754375 0.848641 0.081250 0.062793
0 0.079375 0.720244 0.128750 0.085286
0 0.899375 0.759138 0.066250 0.046860
0 0.905000 0.723993 0.060000 0.042174
0 0.290000 0.793814 0.067500 0.050609
0 0.208125 0.883786 0.068750 0.048735
0 0.185625 0.740394 0.063750 0.056232
0 0.362500 0.097938 0.035000 0.034677
0 0.028125 0.781162 0.056250 0.045923
0 0.656250 0.753515 0.067500 0.043112
0 0.224375 0.200562 0.038750 0.033739
0 0.145000 0.652765 0.077500 0.055295
0 0.854375 0.469541 0.048750 0.039363
0 0.270625 0.276476 0.036250 0.031865
0 0.458594 0.772873 0.082187 0.018097
0 0.240000 0.740862 0.047500 0.029053
0 0.733594 0.156982 0.034688 0.032802
1 0.980625 0.610122 0.038750 0.069353
0 0.655000 0.727741 0.072500 0.025305
0 0.023794 0.241626 0.017587 0.018397
0 0.010256 0.240717 0.013012 0.014705
0 0.390019 0.132324 0.020037 0.007854
0 0.416538 0.086284 0.008075 0.007619
0 0.692256 0.167680 0.007013 0.005464
0 0.877337 0.148810 0.019675 0.005211
0 0.622362 0.700417 0.017225 0.008144
0 0.374819 0.748285 0.139637 0.013908
0 0.414262 0.734100 0.118525 0.013655
0 0.415594 0.722198 0.061188 0.012343
0 0.485838 0.679114 0.029175 0.008650
0 0.476594 0.670295 0.023187 0.006007
0 0.456937 0.664250 0.048875 0.008913
0 0.491381 0.658116 0.027763 0.006017
0 0.501506 0.664250 0.038012 0.008913
0 0.543819 0.638969 0.012637 0.007085
0 0.394625 0.593950 0.024250 0.010769
0 0.105294 0.603552 0.030588 0.014977
1 0.057712 0.604789 0.115425 0.079306
0 0.079006 0.707774 0.035513 0.024733
0 0.337962 0.910867 0.008425 0.007301
