0 0.326644 0.182287 0.040788 0.034677
0 0.485000 0.445173 0.132500 0.069353
1 0.773125 0.420806 0.253750 0.268041
0 0.589375 0.469072 0.118750 0.087160
0 0.132744 0.344649 0.042987 0.031378
0 0.088750 0.216963 0.042500 0.044049
0 0.249694 0.449859 0.071887 0.054358
0 0.306250 0.646204 0.055000 0.030928
0 0.219375 0.685567 0.041250 0.023430
0 0.694375 0.755858 0.038750 0.027179
0 0.800000 0.740862 0.040000 0.029053
1 0.072519 0.646462 0.145038 0.113918
1 0.630625 0.365042 0.078750 0.068416
0 0.518125 0.518744 0.066250 0.036551
0 0.176250 0.539363 0.045000 0.032802
0 0.515000 0.630740 0.042500 0.024367
0 0.253125 0.706186 0.046250 0.036551
0 0.461250 0.500469 0.032500 0.033739
0 0.565000 0.692127 0.047500 0.025305
1 0.519537 0.280089 0.044075 0.033468
1 0.516881 0.244836 0.046262 0.047310
1 0.517975 0.142329 0.048450 0.025989
1 0.452056 0.111635 0.056612 0.017085
0 0.478587 0.091364 0.012175 0.008407
0 0.901119 0.088416 0.034737 0.008135
0 0.990675 0.078880 0.016350 0.005933
0 0.964131 0.249902 0.013262 0.008707
1 0.041537 0.396082 0.083075 0.158613
0 0.114719 0.455647 0.069437 0.045314
0 0.184713 0.433627 0.031925 0.027516
0 0.191988 0.458440 0.038975 0.030281
0 0.265819 0.492976 0.061638 0.030000
0 0.256256 0.520684 0.047512 0.032933
1 0.041437 0.687807 0.082875 0.069147
1 0.319469 0.434494 0.278938 0.107976
0 0.647756 0.550337 0.023013 0.011640
0 0.766737 0.593238 0.025975 0.014967
0 0.862962 0.578069 0.023425 0.012746
0 0.962087 0.594653 0.016675 0.012174
1 0.923113 0.551003 0.143725 0.183543
1 0.974875 0.572943 0.049750 0.203055
1 0.988444 0.835811 0.021888 0.024011
