0 0.924375 0.369728 0.046250 0.030928
0 0.573750 0.489222 0.092500 0.099344
1 0.606250 0.705248 0.357500 0.190253
0 0.541875 0.567479 0.116250 0.089035
0 0.708125 0.224930 0.041250 0.031865
0 0.878125 0.192127 0.058750 0.031865
0 0.567500 0.313027 0.072500 0.054358
0 0.305625 0.355201 0.041250 0.041237
0 0.253125 0.290066 0.031250 0.030928
0 0.159375 0.646204 0.036250 0.029053
0 0.179375 0.725398 0.038750 0.029991
1 0.305000 0.179944 0.152500 0.108716
1 0.680625 0.598407 0.091250 0.059044
0 0.475625 0.514058 0.048750 0.049672
0 0.448125 0.257732 0.043750 0.033739
0 0.326250 0.511715 0.032500 0.031865
0 0.225625 0.315370 0.048750 0.034677
0 0.500000 0.471415 0.045000 0.024367
0 0.244375 0.549203 0.033750 0.035614
1 0.793750 0.514995 0.045000 0.032802
1 0.841250 0.512184 0.062500 0.034677
1 0.977500 0.514058 0.035000 0.036551
0 0.833125 0.848641 0.011250 0.010309
1 0.639375 0.156514 0.211250 0.061856
0 0.560000 0.211809 0.060000 0.052484
0 0.589375 0.263355 0.036250 0.024367
0 0.555000 0.269447 0.040000 0.029053
0 0.508750 0.324742 0.040000 0.045923
0 0.473125 0.317713 0.043750 0.035614
1 0.250000 0.156514 0.092500 0.061856
1 0.586875 0.365042 0.143750 0.208997
0 0.433750 0.611059 0.015000 0.016870
0 0.376250 0.700562 0.020000 0.019681
0 0.396250 0.771790 0.017500 0.017807
0 0.374375 0.846767 0.016250 0.012184
1 0.432500 0.817713 0.245000 0.107779
1 0.403125 0.856607 0.271250 0.037488
1 0.052500 0.866917 0.032500 0.016870
