0 0.300000 0.142455 0.030000 0.013121
0 0.076875 0.207591 0.021250 0.017807
0 0.548125 0.557638 0.021250 0.014995
0 0.435625 0.408154 0.101250 0.098407
0 0.668125 0.738051 0.081250 0.060918
0 0.742500 0.789597 0.080000 0.062793
0 0.429375 0.717432 0.066250 0.045923
0 0.138125 0.320525 0.043750 0.033739
0 0.709375 0.601687 0.056250 0.044986
0 0.296875 0.473758 0.053750 0.030928
0 0.185625 0.621368 0.036250 0.028116
0 0.058125 0.542643 0.066250 0.028116
0 0.131250 0.483130 0.047500 0.038425
0 0.228750 0.633083 0.047500 0.030928
0 0.105000 0.196813 0.067500 0.035614
0 0.333125 0.414246 0.031250 0.039363
0 0.130000 0.559981 0.047500 0.036551
0 0.174375 0.575914 0.048750 0.034677
0 0.315625 0.441425 0.043750 0.026242
0 0.116250 0.216495 0.035000 0.024367
0 0.319375 0.167760 0.036250 0.013121
0 0.286875 0.168697 0.031250 0.013121
0 0.285000 0.141050 0.022500 0.014058
0 0.036875 0.162137 0.028750 0.009372
0 0.036875 0.132615 0.016250 0.008435
0 0.360000 0.680412 0.037500 0.026242
0 0.363125 0.795689 0.033750 0.026242
0 0.335000 0.797095 0.027500 0.029053
0 0.123750 0.772259 0.030000 0.014995
0 0.116875 0.758669 0.018750 0.019681
0 0.038125 0.549203 0.026250 0.014995
0 0.598125 0.540300 0.013750 0.015933
0 0.530000 0.562324 0.020000 0.013121
0 0.550625 0.568416 0.018750 0.008435
0 0.541250 0.574977 0.020000 0.014058
