0 0.806875 0.538894 0.021250 0.016870
0 0.651875 0.333177 0.036250 0.027179
0 0.458125 0.518276 0.046250 0.018744
1 0.742500 0.353796 0.157500 0.113402
0 0.383750 0.452671 0.110000 0.080600
0 0.753125 0.624180 0.071250 0.063730
0 0.561250 0.544517 0.110000 0.112465
0 0.336250 0.296157 0.105000 0.086223
0 0.433750 0.314902 0.102500 0.082474
0 0.175000 0.407685 0.120000 0.091846
0 0.463125 0.560918 0.083750 0.070291
0 0.201250 0.545923 0.067500 0.042174
0 0.258750 0.466261 0.080000 0.055295
0 0.093125 0.684630 0.073750 0.051546
0 0.428750 0.665417 0.047500 0.039363
0 0.097500 0.430647 0.080000 0.047798
0 0.142500 0.718838 0.075000 0.052484
0 0.017500 0.186036 0.035000 0.038425
0 0.752500 0.761949 0.055000 0.037488
0 0.306250 0.450328 0.055000 0.038425
0 0.623125 0.379100 0.041250 0.032802
0 0.108125 0.229616 0.061250 0.050609
0 0.056250 0.462512 0.062500 0.032802
0 0.560000 0.780225 0.052500 0.038425
0 0.491250 0.253515 0.112500 0.072165
0 0.300625 0.820056 0.063750 0.054358
0 0.478750 0.206186 0.065000 0.046860
1 0.545000 0.394096 0.115000 0.130272
0 0.877500 0.777882 0.015000 0.003749
0 0.709375 0.784442 0.016250 0.005623
0 0.486250 0.793346 0.022500 0.006560
0 0.160000 0.343486 0.105000 0.060918
0 0.213125 0.221649 0.073750 0.049672
0 0.831250 0.316307 0.010000 0.012184
1 0.785000 0.466261 0.080000 0.079663
1 0.718750 0.408154 0.295000 0.233365
1 0.974375 0.420337 0.041250 0.038425
1 0.975000 0.377694 0.027500 0.022493
1 0.903750 0.370197 0.175000 0.086223
0 0.816250 0.541706 0.015000 0.011246
