0 0.203125 0.430178 0.021250 0.016870
0 0.318750 0.649485 0.035000 0.026242
0 0.545625 0.486879 0.046250 0.017807
1 0.233125 0.619963 0.153750 0.109653
0 0.606875 0.559981 0.106250 0.077788
0 0.273125 0.350984 0.068750 0.062793
0 0.448750 0.449859 0.105000 0.110590
0 0.624375 0.719775 0.101250 0.084349
0 0.531875 0.690722 0.098750 0.080600
0 0.805625 0.625586 0.116250 0.089035
0 0.548125 0.444705 0.081250 0.068416
0 0.804375 0.485473 0.066250 0.041237
0 0.733125 0.559044 0.078750 0.053421
0 0.937500 0.360356 0.072500 0.049672
0 0.601875 0.343486 0.046250 0.038425
0 0.886250 0.611528 0.077500 0.045923
0 0.894375 0.321462 0.073750 0.050609
0 0.939375 0.863636 0.073750 0.036551
0 0.299375 0.214152 0.053750 0.036551
0 0.684375 0.569822 0.053750 0.037488
0 0.356250 0.606842 0.040000 0.032802
0 0.838750 0.809747 0.060000 0.048735
0 0.933125 0.583411 0.061250 0.030928
0 0.493125 0.217432 0.051250 0.037488
0 0.463750 0.745080 0.110000 0.069353
0 0.758125 0.204311 0.061250 0.052484
0 0.467500 0.793814 0.062500 0.044986
1 0.436250 0.600750 0.110000 0.127460
0 0.177500 0.185567 0.015000 0.003749
0 0.346875 0.196813 0.016250 0.005623
0 0.567500 0.211809 0.022500 0.005623
0 0.808750 0.690722 0.102500 0.058107
0 0.731875 0.805530 0.071250 0.047798
0 0.138750 0.647610 0.010000 0.011246
1 0.211875 0.503749 0.076250 0.077788
1 0.266875 0.568885 0.286250 0.226804
1 0.018125 0.529053 0.036250 0.038425
1 0.010000 0.571228 0.020000 0.021556
1 0.080625 0.586692 0.161250 0.082474
0 0.196250 0.425492 0.015000 0.011246
