0 0.198656 0.441696 0.019813 0.015539
0 0.329350 0.656307 0.033700 0.024892
0 0.543750 0.485005 0.045000 0.015933
1 0.241875 0.630272 0.146250 0.104030
0 0.610625 0.555295 0.101250 0.074039
0 0.262500 0.359888 0.065000 0.059981
0 0.445000 0.451734 0.097500 0.106842
0 0.639375 0.714152 0.096250 0.080600
0 0.544375 0.688847 0.093750 0.076851
0 0.813750 0.613402 0.110000 0.085286
0 0.544375 0.442362 0.076250 0.065604
0 0.803125 0.473758 0.063750 0.038425
0 0.736250 0.549203 0.075000 0.050609
0 0.926875 0.343018 0.068750 0.046860
0 0.590625 0.339738 0.043750 0.036551
0 0.893750 0.596064 0.075000 0.043112
0 0.881250 0.305998 0.070000 0.047798
0 0.964375 0.845361 0.071250 0.033739
0 0.279375 0.222587 0.051250 0.034677
0 0.688125 0.562324 0.051250 0.035614
0 0.363750 0.612465 0.037500 0.030928
0 0.859375 0.795689 0.056250 0.046860
0 0.938125 0.566542 0.058750 0.029053
0 0.473125 0.217432 0.048750 0.035614
0 0.480000 0.746017 0.105000 0.065604
0 0.736519 0.194002 0.058037 0.050609
0 0.487500 0.794752 0.060000 0.043112
1 0.443125 0.602624 0.101250 0.123711
0 0.156350 0.199157 0.015200 0.002812
0 0.324419 0.202821 0.016338 0.004517
0 0.547456 0.208725 0.022412 0.005080
0 0.821756 0.678772 0.098513 0.054827
0 0.752981 0.796762 0.068463 0.045258
0 0.149181 0.661706 0.008363 0.011321
1 0.213256 0.514555 0.071513 0.075033
1 0.271788 0.577577 0.271075 0.216073
1 0.018462 0.548852 0.036925 0.036785
1 0.012394 0.590403 0.024787 0.020544
1 0.082856 0.603135 0.165712 0.075998
0 0.190562 0.437301 0.013625 0.010497
