0 0.810625 0.190253 0.021250 0.016870
0 0.860000 0.117619 0.010000 0.006560
0 0.794375 0.550141 0.033750 0.024367
0 0.763125 0.491097 0.031250 0.022493
0 0.769375 0.586692 0.033750 0.024367
0 0.745000 0.569822 0.030000 0.022493
0 0.745000 0.419869 0.037500 0.024367
0 0.849375 0.437207 0.021250 0.019681
0 0.910000 0.758201 0.032500 0.028116
0 0.340000 0.320525 0.020000 0.016870
0 0.671250 0.122306 0.015000 0.014058
0 0.283750 0.276007 0.017500 0.014058
0 0.671250 0.164948 0.015000 0.018744
0 0.410000 0.185098 0.012500 0.012184
0 0.633750 0.511246 0.032500 0.023430
0 0.460000 0.402530 0.017500 0.014058
0 0.504375 0.533271 0.011250 0.007498
0 0.450625 0.412371 0.018750 0.016870
0 0.453125 0.609185 0.033750 0.016870
0 0.434375 0.673383 0.031250 0.029053
0 0.581250 0.839269 0.012500 0.015933
0 0.415000 0.848641 0.012500 0.008435
0 0.423750 0.791940 0.012500 0.011246
0 0.225000 0.746954 0.020000 0.018744
0 0.631875 0.214620 0.093750 0.082474
0 0.713750 0.232427 0.087500 0.069353
0 0.896875 0.134489 0.068750 0.053421
0 0.580625 0.755858 0.053750 0.060918
0 0.881250 0.376757 0.062500 0.039363
0 0.280000 0.764761 0.052500 0.058107
1 0.603750 0.422212 0.090000 0.137769
0 0.451875 0.263824 0.038750 0.044049
1 0.347500 0.472352 0.057500 0.058107
0 0.775000 0.318182 0.040000 0.027179
0 0.849375 0.646673 0.036250 0.029991
0 0.415000 0.814433 0.032500 0.033739
1 0.545625 0.475633 0.101250 0.094658
0 0.720625 0.444236 0.046250 0.028116
1 0.314375 0.493908 0.098750 0.046860
1 0.579375 0.355201 0.103750 0.127460
1 0.442500 0.850984 0.082500 0.059981
0 0.526875 0.138707 0.036250 0.033739
0 0.498750 0.134021 0.025000 0.020619
0 0.480000 0.129803 0.030000 0.010309
0 0.546875 0.298969 0.008750 0.011246
0 0.555625 0.304124 0.008750 0.010309
1 0.543750 0.425492 0.070000 0.106842
0 0.554375 0.557170 0.073750 0.029053
0 0.586250 0.563730 0.075000 0.032802
0 0.473750 0.622306 0.037500 0.016870
0 0.573750 0.683224 0.020000 0.013121
0 0.735000 0.699625 0.035000 0.025305
0 0.765625 0.723524 0.116250 0.020619
0 0.903750 0.845829 0.030000 0.019681
0 0.291875 0.627460 0.008750 0.006560
0 0.226250 0.656045 0.007500 0.005623
0 0.278125 0.432990 0.006250 0.003749
