0 0.109375 0.246485 0.021250 0.014995
0 0.016250 0.204311 0.007500 0.007498
0 0.587500 0.283505 0.030000 0.023430
0 0.506275 0.302718 0.027550 0.022493
0 0.633750 0.305061 0.030000 0.023430
0 0.609375 0.321462 0.028750 0.020619
0 0.410000 0.311153 0.030000 0.026242
0 0.440000 0.234302 0.025000 0.014995
0 0.871250 0.211809 0.035000 0.022493
0 0.249375 0.607779 0.021250 0.014058
0 0.008750 0.345361 0.017500 0.010309
0 0.186250 0.646204 0.017500 0.012184
0 0.065625 0.349110 0.023750 0.010309
0 0.075000 0.545923 0.015000 0.008435
0 0.524375 0.401125 0.028750 0.022493
0 0.367500 0.523430 0.017500 0.012184
0 0.544375 0.499063 0.008750 0.008435
0 0.379375 0.531396 0.021250 0.013121
0 0.641125 0.542662 0.019750 0.024405
0 0.725625 0.561874 0.036250 0.021593
0 0.956250 0.463449 0.020000 0.008435
0 0.957500 0.588097 0.010000 0.008435
0 0.883125 0.577788 0.013750 0.008435
0 0.809400 0.723055 0.023800 0.014058
0 0.129575 0.381837 0.104150 0.064517
0 0.158750 0.321931 0.087500 0.060918
0 0.041250 0.177601 0.067500 0.047798
0 0.846250 0.457896 0.077500 0.036692
0 0.361944 0.206467 0.048888 0.043674
0 0.836600 0.683130 0.073200 0.035426
1 0.403288 0.417896 0.179075 0.057910
0 0.181875 0.520150 0.056250 0.026242
1 0.452075 0.611809 0.074150 0.038988
0 0.276875 0.282099 0.033750 0.028116
0 0.718750 0.248828 0.037500 0.025305
0 0.912225 0.585661 0.041950 0.022306
1 0.469731 0.463819 0.119462 0.069157
0 0.441250 0.331303 0.035000 0.032802
1 0.478300 0.638065 0.056600 0.070881
1 0.313163 0.430037 0.163825 0.069072
1 0.962269 0.567994 0.074538 0.058201
0 0.021519 0.455112 0.043037 0.025501
0 0.012950 0.475769 0.025900 0.018079
0 0.005431 0.489536 0.010862 0.021246
0 0.236412 0.451720 0.015325 0.005595
0 0.243006 0.445272 0.013513 0.005820
1 0.404619 0.462057 0.139238 0.045014
0 0.579175 0.463304 0.033350 0.053130
0 0.590481 0.440558 0.038462 0.054499
0 0.659912 0.528252 0.019825 0.027451
0 0.747956 0.456823 0.015912 0.013927
0 0.781581 0.338346 0.030663 0.024396
0 0.815231 0.317671 0.020463 0.086139
0 0.988187 0.222493 0.023875 0.021368
0 0.654656 0.664794 0.009312 0.006251
0 0.688450 0.715276 0.006900 0.005998
0 0.394900 0.661907 0.004800 0.004227
