0 0.788750 0.178538 0.022500 0.017807
0 0.833125 0.104499 0.011250 0.006560
0 0.797500 0.539363 0.035000 0.025305
0 0.761875 0.481256 0.033750 0.023430
0 0.775000 0.575914 0.035000 0.025305
0 0.749375 0.559513 0.031250 0.024367
0 0.739375 0.410028 0.038750 0.025305
0 0.845000 0.423618 0.022500 0.020619
0 0.926875 0.741799 0.033750 0.029053
0 0.326875 0.326617 0.021250 0.017807
0 0.645625 0.115745 0.016250 0.014058
0 0.268125 0.284442 0.018750 0.014058
0 0.646875 0.158388 0.016250 0.018744
0 0.387500 0.189784 0.012500 0.012184
0 0.634375 0.506092 0.033750 0.024367
0 0.453125 0.404405 0.018750 0.014058
0 0.507500 0.533271 0.012500 0.007498
0 0.443750 0.414714 0.020000 0.017807
0 0.460000 0.610590 0.035000 0.017807
0 0.446250 0.675726 0.032500 0.029991
0 0.604375 0.835520 0.013750 0.015933
0 0.440000 0.851453 0.012500 0.008435
0 0.443750 0.794752 0.012500 0.011246
0 0.243125 0.757732 0.021250 0.019681
0 0.611875 0.210403 0.098750 0.085286
0 0.694375 0.224461 0.091250 0.072165
0 0.870625 0.119963 0.071250 0.056232
0 0.598750 0.752577 0.057500 0.061856
0 0.871875 0.361762 0.063750 0.041237
0 0.299375 0.773664 0.056250 0.059044
1 0.598125 0.418463 0.098750 0.139644
0 0.434375 0.266167 0.041250 0.044986
1 0.345625 0.477976 0.061250 0.059981
0 0.761875 0.307404 0.041250 0.028116
0 0.860000 0.632146 0.037500 0.030928
0 0.437500 0.817713 0.035000 0.034677
1 0.544375 0.473290 0.106250 0.097470
0 0.716250 0.435801 0.047500 0.029991
1 0.314375 0.501406 0.101250 0.050609
1 0.569375 0.352858 0.111250 0.130272
1 0.466875 0.852390 0.086250 0.062793
0 0.501875 0.138238 0.038750 0.034677
0 0.473125 0.134489 0.026250 0.021556
0 0.453750 0.131209 0.030000 0.011246
0 0.533125 0.297563 0.008750 0.012184
0 0.541875 0.301781 0.008750 0.011246
1 0.538125 0.423618 0.076250 0.108716
0 0.558750 0.554827 0.075000 0.031865
0 0.590625 0.559513 0.076250 0.035614
0 0.481875 0.622774 0.038750 0.017807
0 0.587500 0.679944 0.020000 0.014058
0 0.748125 0.690722 0.036250 0.026242
0 0.780625 0.712746 0.116250 0.025305
0 0.928125 0.829428 0.031250 0.020619
0 0.301250 0.635426 0.010000 0.007498
0 0.238125 0.666823 0.008750 0.006560
0 0.273125 0.441893 0.006250 0.004686
