0 0.060625 0.289381 0.028750 0.013361
0 0.290000 0.257032 0.032500 0.013361
0 0.221875 0.264065 0.023750 0.009142
0 0.157500 0.241913 0.012500 0.005626
0 0.477500 0.251055 0.032500 0.014065
0 0.626250 0.247539 0.017500 0.009845
0 0.785625 0.295007 0.023750 0.009142
0 0.934375 0.298523 0.013750 0.009142
0 0.722500 0.254571 0.035000 0.014065
0 0.033125 0.450774 0.018750 0.015471
0 0.032500 0.353727 0.017500 0.008439
0 0.073750 0.381857 0.017500 0.008439
0 0.291250 0.653657 0.027500 0.007736
0 0.037500 0.554149 0.015000 0.008439
0 0.041250 0.531294 0.017500 0.009142
0 0.307500 0.589311 0.022500 0.009845
0 0.003125 0.606892 0.006250 0.008439
0 0.008750 0.614979 0.012500 0.009142
0 0.634375 0.630098 0.023750 0.009845
0 0.571875 0.469409 0.021250 0.010549
0 0.421250 0.563291 0.025000 0.009845
0 0.483750 0.655415 0.015000 0.005626
0 0.494375 0.534107 0.016250 0.006329
0 0.616250 0.506329 0.020000 0.011252
0 0.466250 0.635373 0.012500 0.004923
0 0.591875 0.377637 0.021250 0.004219
0 0.500625 0.380802 0.018750 0.013361
0 0.877500 0.387482 0.027500 0.022504
0 0.781875 0.649086 0.018750 0.009845
0 0.045000 0.730309 0.025000 0.018987
0 0.270000 0.773558 0.030000 0.009845
0 0.596250 0.752813 0.012500 0.006329
0 0.565625 0.730309 0.018750 0.007736
0 0.795625 0.725035 0.023750 0.009845
0 0.772500 0.757736 0.017500 0.011955
0 0.691250 0.798875 0.020000 0.016878
0 0.979375 0.837553 0.016250 0.015471
0 0.976875 0.710970 0.018750 0.009845
0 0.771875 0.479958 0.101250 0.062588
0 0.365000 0.764065 0.082500 0.049930
0 0.350625 0.417370 0.091250 0.065401
0 0.678750 0.369550 0.090000 0.062588
0 0.368750 0.368847 0.072500 0.044304
1 0.132500 0.736990 0.227500 0.154712
0 0.800000 0.523910 0.047500 0.049226
0 0.302500 0.490858 0.052500 0.032349
0 0.706250 0.570675 0.090000 0.023207
0 0.188125 0.464838 0.048750 0.026723
1 0.012500 0.475738 0.025000 0.162447
1 0.010625 0.563291 0.021250 0.022504
0 0.453125 0.310127 0.023750 0.008439
0 0.427500 0.318917 0.015000 0.011955
0 0.440000 0.319972 0.012500 0.014065
0 0.453750 0.319269 0.015000 0.012658
0 0.583125 0.362166 0.021250 0.002813
0 0.584375 0.365682 0.008750 0.004219
0 0.594375 0.381857 0.011250 0.004219
0 0.513750 0.380098 0.015000 0.013361
0 0.473750 0.398383 0.007500 0.007736
0 0.480625 0.406470 0.013750 0.012658
0 0.465625 0.409986 0.018750 0.014065
0 0.571250 0.461674 0.020000 0.007736
0 0.541250 0.571378 0.030000 0.009142
0 0.545000 0.579114 0.030000 0.004923
0 0.531250 0.582278 0.025000 0.008439
0 0.421250 0.665963 0.017500 0.005626
0 0.990625 0.599156 0.006250 0.014065
0 0.950000 0.567159 0.040000 0.018987
0 0.573125 0.272855 0.021250 0.005626
