0 0.851250 0.242616 0.025000 0.016878
0 0.920000 0.369550 0.025000 0.018987
0 0.905000 0.330872 0.017500 0.013361
0 0.940000 0.293952 0.010000 0.007032
0 0.941875 0.474332 0.026250 0.018987
0 0.955000 0.557665 0.017500 0.009845
0 0.878750 0.650141 0.017500 0.013361
0 0.880625 0.733826 0.016250 0.007736
0 0.948125 0.612166 0.026250 0.020394
0 0.564375 0.235584 0.028750 0.011252
0 0.736250 0.229255 0.015000 0.009845
0 0.687500 0.254571 0.015000 0.009845
0 0.216250 0.390999 0.015000 0.015471
0 0.380000 0.242616 0.015000 0.008439
0 0.421875 0.244023 0.016250 0.009845
0 0.333125 0.396624 0.018750 0.012658
0 0.285000 0.225738 0.015000 0.005626
0 0.270625 0.229958 0.016250 0.007032
0 0.276875 0.582630 0.018750 0.013361
0 0.558750 0.538678 0.020000 0.012658
0 0.384375 0.458509 0.018750 0.014065
0 0.223750 0.499297 0.010000 0.008439
0 0.439375 0.498945 0.011250 0.009142
0 0.495625 0.565752 0.021250 0.011955
0 0.259375 0.488045 0.008750 0.007032
0 0.723125 0.545359 0.008750 0.011955
0 0.712500 0.494374 0.025000 0.011252
0 0.719375 0.706048 0.041250 0.015471
0 0.250625 0.665612 0.018750 0.010549
0 0.067500 0.257032 0.035000 0.014768
0 0.005625 0.385373 0.011250 0.016878
0 0.056875 0.567511 0.011250 0.007032
0 0.095000 0.548875 0.015000 0.010549
0 0.115625 0.677567 0.018750 0.013361
0 0.056875 0.666315 0.021250 0.010549
0 0.150625 0.778833 0.018750 0.010549
0 0.550625 0.651195 0.113750 0.057665
0 0.034375 0.437764 0.068750 0.047117
0 0.640000 0.412096 0.117500 0.052039
0 0.741250 0.593179 0.112500 0.051336
0 0.726250 0.419480 0.080000 0.041491
1 0.100000 0.305204 0.200000 0.129395
0 0.473750 0.669831 0.087500 0.027426
0 0.506250 0.388537 0.057500 0.030239
0 0.386250 0.619550 0.042500 0.050633
0 0.546250 0.322433 0.047500 0.027426
1 0.516875 0.225035 0.288750 0.018284
1 0.361875 0.227496 0.041250 0.013361
0 0.835625 0.463783 0.016250 0.013361
0 0.818125 0.449719 0.021250 0.009142
0 0.817500 0.456751 0.025000 0.007736
0 0.820000 0.464487 0.022500 0.009142
0 0.749375 0.539733 0.006250 0.011955
0 0.743750 0.539733 0.007500 0.004923
0 0.715000 0.546765 0.007500 0.006329
0 0.714375 0.501055 0.023750 0.009142
0 0.679375 0.479606 0.013750 0.004219
0 0.665000 0.484529 0.022500 0.008439
0 0.659375 0.476090 0.026250 0.011252
0 0.572500 0.537975 0.015000 0.011252
0 0.376250 0.526723 0.017500 0.016878
0 0.362500 0.529536 0.010000 0.016878
0 0.355625 0.521800 0.016250 0.014065
0 0.201250 0.464838 0.010000 0.009845
0 0.351250 0.780591 0.025000 0.004219
0 0.405625 0.756329 0.033750 0.023207
0 0.906875 0.529184 0.011250 0.011955
