0 0.054375 0.293601 0.028750 0.013361
0 0.282500 0.259142 0.032500 0.013361
0 0.213275 0.266730 0.024050 0.008847
0 0.148750 0.245429 0.012500 0.005626
0 0.470194 0.251055 0.032888 0.014065
0 0.617500 0.246132 0.017500 0.009845
0 0.779375 0.292194 0.023750 0.009142
0 0.928125 0.294304 0.013750 0.009142
0 0.715000 0.252461 0.035000 0.014065
0 0.031875 0.454993 0.018750 0.015471
0 0.027500 0.357947 0.017500 0.008439
0 0.070000 0.386076 0.017500 0.008439
0 0.296250 0.655767 0.027500 0.007736
0 0.038750 0.558368 0.015000 0.008439
0 0.042500 0.535513 0.017500 0.009142
0 0.310000 0.590717 0.022500 0.009845
0 0.005000 0.611814 0.010000 0.008439
0 0.012500 0.619902 0.012500 0.009142
0 0.638125 0.628692 0.023750 0.009845
0 0.570588 0.468738 0.021175 0.010612
0 0.422269 0.563864 0.024538 0.009585
0 0.488750 0.655415 0.015000 0.005626
0 0.495625 0.534107 0.016250 0.006329
0 0.616250 0.504923 0.020000 0.011252
0 0.470000 0.635373 0.012500 0.004923
0 0.588125 0.376231 0.021250 0.004219
0 0.496875 0.380812 0.018750 0.013383
0 0.873069 0.383966 0.026138 0.022504
0 0.785875 0.646273 0.019250 0.009845
0 0.052500 0.734529 0.025000 0.018987
0 0.278750 0.775668 0.030000 0.009845
0 0.603750 0.751406 0.012500 0.006329
0 0.571875 0.729606 0.018750 0.007736
0 0.801875 0.722222 0.023750 0.009845
0 0.780000 0.754923 0.017500 0.011955
0 0.700000 0.796765 0.020000 0.016878
0 0.989375 0.832630 0.016250 0.015471
0 0.983125 0.706048 0.018750 0.009845
0 0.770606 0.476793 0.098712 0.061885
0 0.373125 0.765120 0.081250 0.049226
0 0.348125 0.418425 0.088750 0.064698
0 0.673588 0.367841 0.087175 0.061983
0 0.364375 0.369902 0.071250 0.043601
1 0.139750 0.740063 0.222000 0.152419
0 0.800625 0.520816 0.046250 0.048664
0 0.301875 0.492616 0.051250 0.031646
0 0.708125 0.568214 0.088750 0.022504
0 0.186250 0.467922 0.047500 0.025858
1 0.011162 0.480679 0.022325 0.162482
1 0.011162 0.568284 0.022325 0.022644
0 0.447169 0.310014 0.024337 0.008214
0 0.422431 0.319638 0.014863 0.011990
0 0.433919 0.319916 0.012837 0.013952
0 0.447275 0.319353 0.014550 0.012827
0 0.579450 0.360703 0.021400 0.002700
0 0.579419 0.365056 0.008837 0.004374
0 0.589331 0.381076 0.011162 0.004065
0 0.510219 0.380148 0.015437 0.013460
0 0.469956 0.398513 0.007412 0.007996
0 0.476719 0.406466 0.013437 0.012651
0 0.463181 0.410123 0.018863 0.014339
0 0.569844 0.461101 0.019688 0.007996
0 0.543737 0.571287 0.029975 0.008959
0 0.546256 0.578541 0.030013 0.005183
0 0.533950 0.581751 0.025400 0.008790
0 0.426488 0.666723 0.017975 0.005738
0 0.993413 0.594167 0.006825 0.013931
0 0.950969 0.562043 0.039438 0.018601
0 0.565700 0.272293 0.021400 0.005907
