0 0.823750 0.223472 0.105000 0.059030
0 0.858750 0.731202 0.095000 0.054111
0 0.027500 0.256852 0.055000 0.052706
0 0.638125 0.687280 0.078750 0.059030
0 0.948125 0.630710 0.091250 0.052706
0 0.844375 0.849613 0.093750 0.053408
0 0.532500 0.865074 0.057500 0.032326
0 0.883125 0.271609 0.058750 0.035840
0 0.557500 0.744905 0.062500 0.035137
0 0.100000 0.509838 0.100000 0.092059
0 0.876250 0.442727 0.062500 0.039353
0 0.221875 0.207660 0.078750 0.035840
0 0.865000 0.327829 0.042500 0.035840
0 0.948125 0.397400 0.061250 0.035840
0 0.516875 0.659171 0.068750 0.037948
0 0.619375 0.517569 0.043750 0.035840
0 0.556250 0.631061 0.067500 0.030921
0 0.392500 0.216796 0.052500 0.027407
0 0.829375 0.442375 0.038750 0.031623
0 0.679375 0.238229 0.051250 0.026704
0 0.041250 0.530218 0.082500 0.075193
0 0.651250 0.485242 0.040000 0.033029
0 0.178750 0.327477 0.030000 0.015460
0 0.155625 0.320450 0.028750 0.015460
0 0.323750 0.340478 0.035000 0.045678
0 0.557500 0.187983 0.030000 0.013352
0 0.565625 0.178145 0.038750 0.014758
0 0.566250 0.199227 0.020000 0.013352
0 0.370000 0.334505 0.032500 0.039353
0 0.108125 0.414266 0.021250 0.017569
0 0.104375 0.586788 0.023750 0.014055
0 0.269375 0.569220 0.021250 0.009838
0 0.206875 0.664793 0.036250 0.018271
0 0.100625 0.415320 0.021250 0.021082
0 0.206250 0.633872 0.025000 0.018271
0 0.545000 0.521434 0.020000 0.012649
0 0.433750 0.531623 0.022500 0.014758
0 0.604375 0.654603 0.013750 0.011947
0 0.876250 0.556922 0.032500 0.017569
0 0.146875 0.746662 0.023750 0.013352
0 0.287500 0.844343 0.020000 0.014758
0 0.173750 0.933942 0.017500 0.012649
0 0.724375 0.802530 0.033750 0.012649
0 0.091250 0.549895 0.042500 0.031623
0 0.014375 0.475053 0.028750 0.096978
0 0.127500 0.412860 0.025000 0.014758
0 0.303125 0.342586 0.018750 0.014758
0 0.394375 0.333099 0.023750 0.016866
0 0.566250 0.300070 0.035000 0.042164
0 0.972500 0.343992 0.012500 0.017569
0 0.165000 0.647927 0.020000 0.021082
0 0.421250 0.534434 0.042500 0.037245
0 0.617500 0.470485 0.035000 0.030218
