0 0.825000 0.487348 0.027500 0.018744
0 0.821875 0.528585 0.016250 0.011246
0 0.792500 0.540769 0.015000 0.011246
0 0.845625 0.628397 0.033750 0.027179
0 0.961250 0.671509 0.035000 0.029053
0 0.921875 0.649485 0.031250 0.026242
0 0.886250 0.650422 0.035000 0.026242
0 0.403750 0.509841 0.015000 0.009372
0 0.423750 0.777413 0.022500 0.012184
0 0.667500 0.761012 0.027500 0.022493
0 0.403125 0.865511 0.038750 0.019681
0 0.507500 0.682287 0.030000 0.022493
0 0.445000 0.742737 0.020000 0.010309
0 0.615000 0.759138 0.022500 0.011246
0 0.300000 0.816307 0.015000 0.013121
1 0.330625 0.306935 0.238750 0.223993
0 0.456875 0.830834 0.078750 0.053421
0 0.506250 0.558575 0.090000 0.048735
0 0.334375 0.772727 0.103750 0.049672
0 0.276250 0.478444 0.070000 0.057170
0 0.793125 0.635426 0.038750 0.029991
0 0.356250 0.556232 0.045000 0.029053
0 0.448125 0.347235 0.138750 0.070291
1 0.057500 0.246485 0.110000 0.069353
0 0.057500 0.246485 0.110000 0.069353
0 0.990625 0.666823 0.018750 0.027179
0 0.828125 0.498594 0.018750 0.007498
0 0.798125 0.490628 0.016250 0.012184
0 0.775625 0.537488 0.011250 0.008435
0 0.784375 0.537488 0.008750 0.008435
0 0.783125 0.529522 0.011250 0.009372
0 0.773750 0.529522 0.010000 0.007498
0 0.747500 0.467198 0.015000 0.006560
0 0.731250 0.428772 0.012500 0.008435
0 0.720000 0.428772 0.010000 0.010309
0 0.694375 0.453140 0.013750 0.012184
0 0.493125 0.574039 0.021250 0.012184
0 0.455625 0.568885 0.016250 0.018744
0 0.435625 0.608247 0.011250 0.011246
0 0.346250 0.486410 0.030000 0.026242
0 0.325625 0.500469 0.016250 0.009372
0 0.320625 0.485473 0.018750 0.022493
0 0.364375 0.386598 0.093750 0.064667
0 0.449375 0.308810 0.021250 0.014058
0 0.373750 0.263355 0.025000 0.022493
1 0.179375 0.379100 0.123750 0.124649
1 0.245000 0.374883 0.335000 0.309278
1 0.481875 0.608247 0.158750 0.127460
1 0.478750 0.595595 0.212500 0.169634
0 0.558750 0.534677 0.430000 0.227741
0 0.393125 0.877694 0.038750 0.010309
