0 0.938125 0.438981 0.038750 0.017773
0 0.963750 0.519550 0.037500 0.018957
0 0.955000 0.688092 0.017500 0.007701
0 0.394375 0.400770 0.036250 0.020735
0 0.694375 0.367595 0.026250 0.011256
0 0.629375 0.370557 0.026250 0.011256
0 0.319375 0.387737 0.018750 0.007701
0 0.186250 0.431872 0.017500 0.008294
0 0.286875 0.519550 0.036250 0.021327
0 0.237500 0.593898 0.017500 0.007701
0 0.270625 0.464455 0.016250 0.008294
0 0.840000 0.528436 0.012500 0.005924
0 0.472500 0.643365 0.015000 0.007109
0 0.773125 0.672986 0.026250 0.010664
0 0.230000 0.702014 0.017500 0.008294
0 0.426250 0.612559 0.017500 0.007109
0 0.663125 0.694905 0.016250 0.007109
0 0.535000 0.620853 0.015000 0.007109
0 0.803125 0.612855 0.016250 0.007701
0 0.373750 0.737855 0.017500 0.006517
0 0.588750 0.715344 0.015000 0.006517
0 0.088125 0.494668 0.038750 0.018957
0 0.133125 0.553910 0.011250 0.005924
0 0.095000 0.640995 0.040000 0.018957
0 0.175000 0.741410 0.012500 0.006517
1 0.706250 0.490818 0.160000 0.071682
0 0.148750 0.691943 0.045000 0.021327
0 0.328750 0.655806 0.040000 0.020142
1 0.616875 0.502666 0.181250 0.094194
1 0.546250 0.557761 0.170000 0.055095
1 0.500000 0.463863 0.115000 0.087678
1 0.838750 0.699052 0.250000 0.031991
1 0.648125 0.694905 0.253750 0.030806
0 0.597500 0.713270 0.007500 0.005924
1 0.463750 0.727488 0.270000 0.033175
0 0.514375 0.699052 0.008750 0.005924
0 0.521250 0.697275 0.015000 0.009479
0 0.528750 0.697867 0.010000 0.004739
0 0.708125 0.622038 0.011250 0.005924
0 0.766875 0.599822 0.016250 0.005332
0 0.978125 0.566055 0.038750 0.017180
0 0.994375 0.631517 0.011250 0.010664
