0 0.058750 0.553910 0.037500 0.017773
0 0.038750 0.473045 0.037500 0.018365
0 0.059375 0.304799 0.016250 0.007701
0 0.598750 0.600711 0.035000 0.020142
0 0.296875 0.629147 0.026250 0.010664
0 0.361250 0.627370 0.025000 0.010664
0 0.672500 0.615225 0.017500 0.007701
0 0.808750 0.573460 0.017500 0.008294
0 0.715000 0.484301 0.035000 0.020735
0 0.770625 0.410841 0.016250 0.007701
0 0.726875 0.539396 0.016250 0.007701
0 0.162500 0.466232 0.012500 0.005924
0 0.539375 0.357524 0.013750 0.006517
0 0.240625 0.322571 0.026250 0.010071
0 0.785000 0.302725 0.017500 0.008294
0 0.581875 0.388626 0.016250 0.007109
0 0.351250 0.303021 0.015000 0.006517
0 0.474375 0.379443 0.013750 0.006517
0 0.206250 0.382701 0.015000 0.007109
0 0.645000 0.264514 0.017500 0.006517
0 0.427500 0.283768 0.015000 0.005924
0 0.911875 0.512145 0.038750 0.018365
0 0.870625 0.452607 0.011250 0.005924
0 0.916250 0.366114 0.040000 0.018957
0 0.843125 0.264514 0.011250 0.006517
1 0.293125 0.505924 0.156250 0.069905
0 0.865625 0.314277 0.043750 0.020735
0 0.683125 0.347453 0.038750 0.019550
1 0.384375 0.495853 0.176250 0.092417
1 0.458750 0.441647 0.167500 0.052725
1 0.497500 0.536137 0.110000 0.086493
1 0.176875 0.295616 0.251250 0.028436
1 0.366875 0.303021 0.253750 0.026659
0 0.418750 0.285545 0.007500 0.005924
1 0.553125 0.273993 0.271250 0.029028
0 0.500625 0.300948 0.008750 0.005924
0 0.493750 0.303021 0.015000 0.008886
0 0.487500 0.302133 0.010000 0.004739
0 0.301875 0.375000 0.011250 0.005924
0 0.241875 0.396031 0.016250 0.005332
0 0.027500 0.426836 0.037500 0.017180
0 0.015000 0.360782 0.012500 0.010664
