0 0.606250 0.196345 0.017500 0.019681
0 0.010000 0.406523 0.020000 0.037038
1 0.368888 0.313252 0.232775 0.156026
1 0.808588 0.407216 0.242175 0.154639
0 0.909375 0.075445 0.071250 0.045923
0 0.286250 0.766167 0.067500 0.034677
0 0.661250 0.409091 0.080000 0.040300
1 0.193750 0.637282 0.085000 0.035576
0 0.661875 0.605436 0.043750 0.024367
0 0.838750 0.074508 0.075000 0.045923
0 0.095706 0.407582 0.058913 0.024161
0 0.018125 0.591378 0.036250 0.059981
0 0.583125 0.403468 0.078750 0.027179
0 0.979375 0.513590 0.041250 0.028116
0 0.199375 0.519213 0.081250 0.028116
1 0.452581 0.700895 0.217662 0.142184
1 0.633519 0.739391 0.209537 0.144199
0 0.456831 0.694822 0.093663 0.073805
1 0.340406 0.784541 0.083313 0.028313
0 0.054956 0.576200 0.027412 0.010881
0 0.059494 0.601879 0.058987 0.035998
0 0.034463 0.515370 0.028925 0.009185
0 0.064344 0.515590 0.031187 0.007751
0 0.120594 0.472399 0.031187 0.009466
0 0.357350 0.491078 0.024700 0.035576
0 0.409013 0.241218 0.020525 0.006336
0 0.668088 0.153772 0.013675 0.018885
0 0.657350 0.142301 0.012200 0.020309
0 0.436831 0.097165 0.018662 0.006888
0 0.879994 0.237873 0.017487 0.010890
0 0.877981 0.233838 0.015963 0.010319
0 0.702981 0.427324 0.015963 0.014911
0 0.819881 0.477357 0.019763 0.011884
0 0.990588 0.464986 0.018675 0.045248
0 0.937656 0.449550 0.062812 0.063112
0 0.539019 0.397676 0.020538 0.017470
0 0.528237 0.405867 0.023975 0.009485
0 0.441681 0.379203 0.008363 0.008641
0 0.293063 0.403735 0.018625 0.005220
0 0.274944 0.576045 0.079888 0.027441
1 0.272975 0.552052 0.090950 0.035689
1 0.194875 0.492137 0.094750 0.037694
