0 0.809375 0.133552 0.031250 0.015933
0 0.835000 0.492502 0.022500 0.015933
0 0.869375 0.742268 0.031250 0.011246
0 0.366875 0.599813 0.023750 0.018744
0 0.508750 0.561387 0.020000 0.018744
0 0.658125 0.458763 0.023750 0.019681
0 0.566250 0.493440 0.030000 0.017807
0 0.704375 0.706654 0.031250 0.020619
0 0.582500 0.760075 0.017500 0.020619
0 0.023125 0.203843 0.021250 0.030928
0 0.060000 0.589035 0.017500 0.021556
0 0.019375 0.409560 0.016250 0.013121
0 0.413750 0.792877 0.107500 0.059981
0 0.569375 0.437207 0.121250 0.077788
0 0.221875 0.171509 0.096250 0.091846
0 0.441875 0.674789 0.073750 0.063730
0 0.704375 0.636364 0.116250 0.056232
1 0.456875 0.553421 0.168750 0.190253
0 0.516250 0.142924 0.100000 0.034677
1 0.576250 0.814433 0.230000 0.121837
0 0.595625 0.373008 0.133750 0.071228
0 0.119375 0.531865 0.046250 0.032802
0 0.222500 0.496720 0.050000 0.033739
0 0.879375 0.702437 0.033750 0.032802
0 0.368125 0.298500 0.033750 0.049672
0 0.994375 0.663074 0.011250 0.030928
0 0.569375 0.322399 0.046250 0.035614
0 0.766875 0.447048 0.101250 0.054358
0 0.704375 0.670572 0.058750 0.015933
0 0.273125 0.131678 0.041250 0.012184
0 0.162500 0.469072 0.010000 0.010309
0 0.150000 0.469072 0.010000 0.010309
0 0.138750 0.468604 0.010000 0.011246
0 0.128750 0.467666 0.010000 0.009372
0 0.286875 0.544517 0.026250 0.026242
1 0.300625 0.551078 0.183750 0.191190
1 0.561875 0.633552 0.291250 0.273664
