0 0.646875 0.743674 0.023750 0.029053
0 0.520625 0.751640 0.018750 0.024367
0 0.376250 0.842081 0.015000 0.051546
0 0.577500 0.873008 0.030000 0.010309
0 0.644375 0.455014 0.028750 0.027179
0 0.430000 0.622306 0.025000 0.018744
0 0.706250 0.399250 0.015000 0.009372
0 0.431250 0.428772 0.020000 0.021556
0 0.710625 0.230084 0.023750 0.029053
0 0.710625 0.141518 0.026250 0.020619
0 0.400625 0.163543 0.028750 0.027179
0 0.748125 0.805530 0.028750 0.027179
0 0.794375 0.394564 0.013750 0.011246
0 0.578125 0.257263 0.068750 0.059044
1 0.550000 0.426898 0.095000 0.074039
1 0.808125 0.611996 0.071250 0.054358
0 0.461875 0.198219 0.043750 0.066542
0 0.515625 0.281631 0.058750 0.045923
0 0.759375 0.641050 0.041250 0.054358
0 0.457500 0.810216 0.032500 0.047798
0 0.612500 0.793346 0.047500 0.053421
1 0.427500 0.456888 0.087500 0.081537
1 0.605625 0.353327 0.098750 0.074977
0 0.577500 0.573571 0.077500 0.039363
0 0.580000 0.770384 0.047500 0.052484
0 0.670000 0.206186 0.040000 0.054358
0 0.381250 0.391753 0.045000 0.043112
1 0.621875 0.344892 0.048750 0.084349
0 0.623125 0.857076 0.043750 0.044049
0 0.391875 0.544986 0.068750 0.109653
1 0.455625 0.861762 0.041250 0.025305
0 0.621250 0.586692 0.097500 0.039363
0 0.650000 0.850515 0.012500 0.044049
0 0.665000 0.839269 0.017500 0.045923
0 0.649375 0.873477 0.011250 0.007498
0 0.665625 0.734302 0.013750 0.015933
0 0.691250 0.796157 0.032500 0.030928
0 0.740000 0.773664 0.032500 0.029053
0 0.796250 0.752109 0.035000 0.030928
0 0.862500 0.782568 0.037500 0.026242
0 0.825000 0.692127 0.002500 0.006560
0 0.684375 0.528585 0.098750 0.054358
0 0.690625 0.505155 0.131250 0.048735
0 0.705625 0.463449 0.091250 0.034677
1 0.658125 0.437676 0.166250 0.129335
1 0.656875 0.354264 0.041250 0.028116
1 0.658125 0.334114 0.046250 0.023430
0 0.537500 0.442830 0.027500 0.017807
0 0.518750 0.369260 0.040000 0.048735
0 0.520000 0.362699 0.042500 0.039363
0 0.525625 0.358013 0.051250 0.035614
0 0.536250 0.356607 0.062500 0.032802
0 0.434375 0.477507 0.028750 0.021556
0 0.450000 0.648547 0.020000 0.020619
0 0.460625 0.611528 0.006250 0.017807
0 0.473750 0.607779 0.017500 0.025305
0 0.403750 0.703374 0.007500 0.010309
0 0.397500 0.701031 0.005000 0.009372
0 0.508750 0.667760 0.012500 0.014058
0 0.518125 0.667760 0.018750 0.032802
0 0.531250 0.659794 0.007500 0.013121
0 0.611250 0.661668 0.007500 0.013121
0 0.603125 0.649016 0.013750 0.014058
0 0.591250 0.649485 0.010000 0.013121
0 0.600000 0.663543 0.015000 0.016870
0 0.578125 0.569822 0.021250 0.016870
0 0.834375 0.302249 0.021250 0.017807
0 0.376250 0.259138 0.012500 0.017807
0 0.385000 0.164948 0.012500 0.020619
0 0.353750 0.805061 0.012500 0.046860
