1 0.400000 0.529991 0.142500 0.090909
1 0.516875 0.466729 0.206250 0.104967
1 0.356250 0.603561 0.105000 0.069353
1 0.653125 0.350984 0.118750 0.079663
0 0.721875 0.715089 0.061250 0.037488
0 0.421250 0.193533 0.072500 0.057170
1 0.556875 0.379569 0.106250 0.073102
0 0.760625 0.739456 0.061250 0.037488
1 0.930625 0.325679 0.101250 0.090909
0 0.851250 0.753515 0.050000 0.035614
0 0.814375 0.200094 0.043750 0.029053
0 0.362500 0.150422 0.052500 0.034677
0 0.747500 0.177132 0.042500 0.033739
0 0.805625 0.514058 0.051250 0.036551
0 0.932500 0.278819 0.045000 0.027179
0 0.363125 0.723055 0.068750 0.049672
0 0.603750 0.156045 0.192500 0.102156
1 0.201250 0.779288 0.157500 0.087160
0 0.591250 0.783505 0.065000 0.033739
1 0.365000 0.778351 0.207500 0.105904
0 0.170625 0.766167 0.071250 0.045923
0 0.634375 0.343486 0.028750 0.015933
0 0.841250 0.286317 0.027500 0.017807
0 0.608125 0.246485 0.033750 0.018744
0 0.530625 0.391753 0.033750 0.016870
0 0.906875 0.440956 0.026250 0.010309
0 0.740625 0.448922 0.021250 0.011246
0 0.564375 0.361293 0.016250 0.010309
0 0.642500 0.448454 0.020000 0.015933
0 0.800625 0.709934 0.041250 0.027179
0 0.855000 0.565604 0.042500 0.027179
0 0.598750 0.613871 0.025000 0.018744
0 0.724375 0.471415 0.026250 0.011246
0 0.791250 0.652765 0.027500 0.015933
0 0.428125 0.718369 0.028750 0.019681
0 0.538750 0.705717 0.030000 0.022493
0 0.106250 0.717901 0.017500 0.014995
0 0.148125 0.596532 0.016250 0.015933
0 0.381875 0.661200 0.026250 0.017807
0 0.235000 0.465792 0.015000 0.013121
0 0.454375 0.451734 0.026250 0.020619
0 0.266875 0.427835 0.013750 0.012184
0 0.318750 0.608716 0.020000 0.025305
0 0.067500 0.321931 0.015000 0.014058
0 0.361875 0.547329 0.026250 0.014995
0 0.443750 0.800375 0.017500 0.013121
0 0.413750 0.633083 0.030000 0.023430
0 0.440625 0.354733 0.013750 0.012184
0 0.229375 0.172915 0.018750 0.014058
0 0.406250 0.761481 0.025000 0.021556
0 0.343125 0.805530 0.018750 0.012184
0 0.061875 0.598875 0.011250 0.007498
0 0.340000 0.790066 0.010000 0.007498
0 0.353750 0.600281 0.012500 0.008435
0 0.366875 0.608716 0.008750 0.008435
0 0.648750 0.554358 0.035000 0.010309
0 0.870000 0.437207 0.012500 0.012184
0 0.393125 0.297563 0.023750 0.021556
0 0.401875 0.297563 0.016250 0.015933
0 0.303125 0.327554 0.011250 0.008435
0 0.492500 0.463449 0.017500 0.008435
0 0.568750 0.382381 0.007500 0.009372
0 0.305000 0.792409 0.042500 0.029053
