0 0.055000 0.104967 0.007500 0.014995
0 0.662500 0.133083 0.030000 0.035614
0 0.496875 0.323805 0.028750 0.017807
0 0.768125 0.029991 0.033750 0.024367
0 0.022500 0.513590 0.032500 0.024367
0 0.095625 0.453140 0.031250 0.023430
0 0.850625 0.674789 0.023750 0.016870
0 0.715625 0.630740 0.031250 0.022493
0 0.011250 0.761949 0.022500 0.022493
0 0.523750 0.955014 0.017500 0.014995
0 0.500000 0.843018 0.017500 0.014058
0 0.473750 0.783505 0.015000 0.011246
1 0.490625 0.570291 0.303750 0.222118
1 0.372500 0.219775 0.095000 0.059044
0 0.511875 0.221649 0.033750 0.032802
0 0.080000 0.057638 0.050000 0.066542
0 0.661250 0.206654 0.035000 0.036551
0 0.978125 0.150422 0.043750 0.034677
1 0.581875 0.696345 0.158750 0.114339
0 0.716875 0.599813 0.051250 0.035614
0 0.748125 0.470947 0.038750 0.027179
1 0.491875 0.501874 0.078750 0.059044
0 0.666250 0.726336 0.027500 0.024367
0 0.241250 0.575445 0.017500 0.016870
0 0.508125 0.363168 0.041250 0.027179
0 0.731250 0.478913 0.030000 0.022493
0 0.705625 0.470947 0.031250 0.025305
