0 0.002263 0.141546 0.004525 0.015052
0 0.610000 0.121837 0.025000 0.033739
0 0.471875 0.324742 0.026250 0.015933
0 0.961875 0.109653 0.028750 0.024367
0 0.700625 0.011246 0.031250 0.022493
0 0.026250 0.551078 0.030000 0.022493
0 0.090625 0.485005 0.028750 0.021556
0 0.873125 0.645736 0.021250 0.014995
0 0.731875 0.612933 0.028750 0.020619
0 0.043125 0.799906 0.036250 0.019681
0 0.586875 0.950797 0.016250 0.014058
0 0.546875 0.840675 0.016250 0.013121
0 0.513125 0.783974 0.013750 0.010309
1 0.500256 0.571017 0.278012 0.201078
1 0.334375 0.231490 0.088750 0.052484
0 0.472500 0.221649 0.030000 0.030928
0 0.020625 0.092784 0.041250 0.063730
0 0.618750 0.195408 0.030000 0.034677
0 0.928369 0.115276 0.041738 0.031865
1 0.608994 0.687755 0.145487 0.102784
0 0.728750 0.582006 0.047500 0.031865
0 0.742325 0.450797 0.034650 0.024367
1 0.492175 0.502629 0.071850 0.053055
0 0.696219 0.712052 0.024937 0.022043
0 0.252800 0.595506 0.015600 0.015754
0 0.488462 0.362891 0.036925 0.024752
0 0.726538 0.461012 0.028075 0.020431
0 0.700731 0.455014 0.028963 0.023430
