0 0.148125 0.322399 0.013750 0.014995
0 0.151875 0.237582 0.028750 0.012184
0 0.166456 0.286523 0.030412 0.012596
0 0.311875 0.234719 0.026250 0.013955
0 0.260625 0.254035 0.033750 0.011350
0 0.028750 0.238519 0.015000 0.010309
0 0.738125 0.284442 0.028750 0.014058
0 0.191875 0.345361 0.013750 0.015933
0 0.205000 0.342081 0.012500 0.014995
0 0.342881 0.436739 0.025763 0.011246
0 0.524375 0.560918 0.013750 0.008435
0 0.483169 0.490159 0.013838 0.016870
0 0.625625 0.343955 0.011250 0.009372
0 0.661581 0.594189 0.015662 0.009372
0 0.739375 0.518744 0.026250 0.010309
0 0.580000 0.708997 0.020000 0.014058
0 0.376875 0.708529 0.016250 0.014995
0 0.526875 0.752109 0.018750 0.012184
0 0.361875 0.713215 0.016250 0.009372
0 0.721250 0.783037 0.020000 0.014058
0 0.866250 0.544517 0.102500 0.058107
1 0.445825 0.556832 0.161650 0.122099
1 0.637994 0.494934 0.098488 0.075155
1 0.808819 0.702854 0.110137 0.087994
0 0.830000 0.248360 0.075000 0.037488
0 0.938750 0.594658 0.060000 0.038425
0 0.250625 0.512652 0.076250 0.024367
1 0.403819 0.310211 0.132637 0.101209
0 0.973750 0.270853 0.052500 0.067479
0 0.526875 0.244611 0.058750 0.024367
1 0.718244 0.625000 0.166488 0.149719
0 0.108356 0.398327 0.034212 0.015023
1 0.020144 0.448927 0.040287 0.099353
0 0.097088 0.228252 0.016675 0.012268
0 0.435550 0.222020 0.013600 0.005426
1 0.421450 0.351818 0.125400 0.101949
0 0.562906 0.347263 0.005813 0.006617
0 0.635412 0.350023 0.008325 0.008388
1 0.667650 0.218083 0.045300 0.025670
1 0.619787 0.562727 0.252075 0.148885
0 0.443419 0.601111 0.016838 0.011968
0 0.059663 0.752057 0.029325 0.021453
0 0.068669 0.562704 0.014837 0.027001
0 0.211869 0.541626 0.043738 0.018585
