0 0.170000 0.300375 0.015000 0.015933
0 0.183750 0.216026 0.030000 0.014058
0 0.193125 0.265698 0.031250 0.014058
0 0.343750 0.223524 0.027500 0.015933
0 0.290000 0.239925 0.035000 0.013121
0 0.061875 0.208997 0.016250 0.011246
0 0.762500 0.301312 0.030000 0.015933
0 0.211250 0.326148 0.015000 0.016870
0 0.224375 0.323805 0.013750 0.015933
0 0.351250 0.426429 0.027500 0.013121
0 0.517500 0.562324 0.015000 0.009372
0 0.484375 0.489691 0.016250 0.017807
0 0.643750 0.352858 0.012500 0.010309
0 0.650000 0.604967 0.017500 0.010309
0 0.736250 0.534677 0.027500 0.012184
0 0.555625 0.713215 0.021250 0.014995
0 0.353750 0.699625 0.017500 0.015933
0 0.497500 0.753515 0.020000 0.013121
0 0.337500 0.703374 0.017500 0.010309
0 0.688125 0.796626 0.021250 0.014995
0 0.859375 0.568416 0.108750 0.064667
1 0.440000 0.553421 0.175000 0.132146
1 0.637500 0.504686 0.107500 0.081537
1 0.783750 0.723055 0.120000 0.094658
0 0.858125 0.271321 0.078750 0.042174
0 0.926875 0.622774 0.063750 0.042174
0 0.250625 0.496251 0.078750 0.029053
1 0.426875 0.305061 0.143750 0.109653
0 0.984375 0.302249 0.031250 0.070291
0 0.556875 0.247423 0.061250 0.028116
1 0.702500 0.638707 0.182500 0.160262
0 0.122500 0.373008 0.035000 0.016870
1 0.028125 0.417994 0.051250 0.101218
0 0.131250 0.203374 0.017500 0.013121
0 0.468125 0.218838 0.013750 0.006560
1 0.439375 0.347235 0.136250 0.109653
0 0.580000 0.352858 0.007500 0.006560
0 0.652500 0.358950 0.010000 0.009372
1 0.700000 0.230553 0.047500 0.028116
1 0.613125 0.569822 0.268750 0.164948
0 0.432500 0.597001 0.017500 0.013121
0 0.031875 0.723055 0.031250 0.023430
0 0.063750 0.534208 0.017500 0.028116
0 0.209375 0.523430 0.046250 0.021556
