0 0.811875 0.395970 0.031250 0.021556
0 0.780000 0.348172 0.017500 0.012184
0 0.807500 0.487348 0.032500 0.022493
0 0.800000 0.408622 0.027500 0.013121
0 0.773750 0.408154 0.015000 0.008435
0 0.622500 0.200094 0.030000 0.023430
0 0.473750 0.126054 0.027500 0.010309
0 0.721250 0.378163 0.020000 0.014058
0 0.510625 0.136364 0.018750 0.010309
0 0.488750 0.142455 0.017500 0.007498
0 0.400625 0.121368 0.026250 0.010309
0 0.660000 0.554358 0.020000 0.014058
0 0.391875 0.777882 0.021250 0.016870
0 0.319375 0.830834 0.023750 0.029053
0 0.570000 0.774133 0.020000 0.018744
0 0.333125 0.622306 0.013750 0.009372
0 0.145000 0.159794 0.025000 0.017807
0 0.117500 0.178538 0.035000 0.025305
0 0.241875 0.454545 0.033750 0.024367
0 0.136250 0.383318 0.035000 0.028116
0 0.101875 0.523899 0.021250 0.014995
1 0.093125 0.659794 0.131250 0.176195
0 0.408125 0.552952 0.126250 0.108716
1 0.551875 0.258669 0.248750 0.129335
0 0.512500 0.449391 0.060000 0.042174
0 0.347500 0.529053 0.052500 0.044049
0 0.960625 0.721649 0.036250 0.029991
0 0.944375 0.856607 0.038750 0.052484
0 0.568125 0.412840 0.028750 0.012184
0 0.535000 0.405342 0.107500 0.064667
0 0.346875 0.276007 0.068750 0.040300
0 0.381250 0.276945 0.067500 0.047798
0 0.502500 0.260544 0.117500 0.044986
0 0.541250 0.152765 0.012500 0.011246
0 0.531875 0.130272 0.011250 0.009372
0 0.551875 0.157919 0.011250 0.004686
0 0.448125 0.126523 0.006250 0.005623
1 0.185625 0.169634 0.223750 0.146204
1 0.115625 0.305061 0.071250 0.047798
1 0.435000 0.340206 0.352500 0.213683
1 0.112500 0.230553 0.187500 0.211809
1 0.221250 0.354264 0.355000 0.294283
0 0.356250 0.722118 0.025000 0.075914
0 0.375000 0.773664 0.012500 0.015933
0 0.420625 0.595127 0.083750 0.071228
0 0.481875 0.661200 0.081250 0.070291
0 0.554375 0.783037 0.016250 0.038425
0 0.566875 0.802249 0.018750 0.039363
0 0.781875 0.685098 0.016250 0.014995
0 0.767500 0.697751 0.022500 0.010309
0 0.728125 0.685567 0.103750 0.021556
0 0.658125 0.595595 0.043750 0.030928
0 0.781250 0.526242 0.047500 0.029053
0 0.825625 0.465323 0.016250 0.027179
0 0.838750 0.466729 0.017500 0.018744
0 0.955625 0.430647 0.046250 0.027179
0 0.965625 0.343955 0.016250 0.016870
0 0.981875 0.345361 0.016250 0.017807
0 0.028125 0.843018 0.013750 0.006560
0 0.130625 0.734770 0.011250 0.009372
