0 0.169375 0.170103 0.031250 0.015933
0 0.113319 0.207821 0.014138 0.010769
0 0.166038 0.235314 0.022075 0.015145
0 0.015000 0.248360 0.030000 0.014995
0 0.371987 0.165478 0.026475 0.016054
0 0.851875 0.255389 0.036250 0.017807
0 0.784269 0.316420 0.031037 0.016157
0 0.068750 0.458294 0.017500 0.011246
0 0.369375 0.607310 0.023750 0.016870
0 0.536875 0.508903 0.033750 0.026242
0 0.581250 0.663543 0.015000 0.011246
0 0.883125 0.639175 0.023750 0.018744
0 0.939144 0.371767 0.028288 0.018135
0 0.722406 0.396631 0.029813 0.024752
0 0.933125 0.600281 0.023750 0.017807
0 0.978150 0.662999 0.028800 0.019531
0 0.516250 0.734770 0.015000 0.013121
0 0.929731 0.707591 0.026963 0.018744
0 0.873750 0.432521 0.075000 0.070291
1 0.228456 0.398533 0.246913 0.172887
0 0.855625 0.522962 0.098750 0.058107
0 0.887744 0.342160 0.027988 0.035773
1 0.716250 0.684161 0.105000 0.078725
1 0.575000 0.571111 0.050000 0.041940
1 0.675625 0.538543 0.051250 0.042409
1 0.632969 0.609888 0.050937 0.042643
1 0.198325 0.465586 0.166650 0.134545
1 0.535625 0.491917 0.051250 0.039128
0 0.980287 0.500469 0.040575 0.026242
0 0.980150 0.473946 0.040300 0.025679
0 0.019906 0.166303 0.039813 0.030825
0 0.445781 0.420722 0.014063 0.007329
0 0.554525 0.480759 0.016550 0.007441
0 0.486869 0.360155 0.008738 0.009906
0 0.480931 0.357812 0.009363 0.008969
0 0.440050 0.259677 0.007600 0.007638
0 0.432656 0.260375 0.007812 0.007160
0 0.428906 0.251940 0.007812 0.007160
0 0.420588 0.252334 0.008675 0.007948
0 0.412594 0.181139 0.012688 0.006139
0 0.411650 0.175234 0.013300 0.005576
0 0.233481 0.171457 0.036963 0.024264
0 0.909700 0.542666 0.084400 0.033786
1 0.245538 0.554592 0.221075 0.097001
1 0.292488 0.561232 0.364975 0.144021
0 0.115538 0.546893 0.146075 0.115342
0 0.064037 0.546743 0.128075 0.058810
0 0.043069 0.576378 0.086137 0.033730
