0 0.043750 0.730084 0.022500 0.024367
0 0.090000 0.774133 0.015000 0.011246
0 0.130625 0.736176 0.021250 0.017807
0 0.139375 0.850515 0.021250 0.023430
0 0.047500 0.578257 0.022500 0.020619
0 0.192500 0.223993 0.025000 0.028116
0 0.271250 0.277413 0.022500 0.024367
0 0.421875 0.820525 0.016250 0.014058
0 0.636875 0.603561 0.023750 0.018744
0 0.514375 0.473290 0.036250 0.026242
0 0.721875 0.447516 0.016250 0.012184
0 0.705625 0.220244 0.026250 0.018744
0 0.352500 0.164948 0.025000 0.022493
0 0.374375 0.328491 0.033750 0.023430
0 0.656250 0.180881 0.025000 0.018744
0 0.742500 0.150890 0.027500 0.022493
0 0.814375 0.500000 0.018750 0.012184
0 0.799375 0.188847 0.026250 0.021556
0 0.430000 0.216495 0.097500 0.059981
1 0.351250 0.697751 0.242500 0.194002
0 0.550000 0.235239 0.082500 0.076851
0 0.310625 0.201500 0.048750 0.022493
1 0.757500 0.348641 0.110000 0.082474
1 0.599375 0.447985 0.058750 0.039363
1 0.560625 0.370665 0.058750 0.040300
1 0.653750 0.407216 0.060000 0.040300
1 0.439375 0.724461 0.188750 0.131209
1 0.491250 0.472821 0.055000 0.040300
0 0.526250 0.141050 0.037500 0.030928
0 0.490625 0.139175 0.036250 0.030928
0 0.030625 0.842549 0.043750 0.031865
0 0.391875 0.536551 0.011250 0.010309
0 0.478125 0.458763 0.011250 0.012184
0 0.313125 0.502343 0.013750 0.007498
0 0.310000 0.507029 0.012500 0.007498
0 0.177500 0.533271 0.010000 0.005623
0 0.177500 0.537957 0.010000 0.005623
0 0.166250 0.540769 0.010000 0.005623
0 0.166250 0.546860 0.010000 0.006560
0 0.071250 0.549203 0.010000 0.009372
0 0.063125 0.549672 0.008750 0.010309
0 0.050000 0.682755 0.035000 0.029053
0 0.578750 0.195876 0.050000 0.065604
1 0.559375 0.693533 0.141250 0.170572
1 0.570625 0.658857 0.211250 0.281162
0 0.543125 0.790534 0.161250 0.115276
0 0.540000 0.828960 0.085000 0.098407
0 0.577500 0.845829 0.050000 0.066542
