0 0.247500 0.425023 0.032500 0.021556
0 0.226875 0.417994 0.023750 0.022493
0 0.451875 0.193065 0.038750 0.026242
0 0.568750 0.219775 0.037500 0.019681
0 0.536250 0.196813 0.032500 0.026242
0 0.505625 0.247891 0.018750 0.023430
0 0.375000 0.107779 0.020000 0.009372
0 0.991875 0.483130 0.016250 0.012184
0 0.975000 0.347704 0.025000 0.020619
0 0.873750 0.292409 0.022500 0.020619
0 0.843750 0.676664 0.122500 0.080600
0 0.216250 0.743674 0.127500 0.066542
1 0.657500 0.488754 0.230000 0.280225
0 0.920625 0.706186 0.096250 0.100281
0 0.369375 0.777882 0.118750 0.076851
1 0.334375 0.806935 0.423750 0.153702
0 0.448750 0.816307 0.020000 0.011246
0 0.866875 0.914714 0.091250 0.039363
0 0.555000 0.268510 0.052500 0.029053
1 0.561875 0.278819 0.146250 0.141518
1 0.527500 0.359419 0.197500 0.253983
0 0.699375 0.210872 0.031250 0.024367
0 0.741250 0.204780 0.032500 0.025305
0 0.776875 0.160731 0.031250 0.012184
0 0.997500 0.283974 0.005000 0.020619
0 0.565625 0.133083 0.033750 0.013121
0 0.129375 0.209934 0.023750 0.018744
0 0.026875 0.813027 0.026250 0.014058
