0 0.554375 0.300375 0.023750 0.021556
0 0.560000 0.283505 0.027500 0.014058
0 0.895000 0.410965 0.030000 0.025305
0 0.880625 0.501874 0.021250 0.025305
0 0.904375 0.474227 0.031250 0.020619
0 0.833125 0.459700 0.028750 0.010309
0 0.993750 0.339738 0.010000 0.014058
0 0.608125 0.859888 0.013750 0.010309
0 0.783125 0.824274 0.023750 0.015933
0 0.837500 0.739925 0.025000 0.014058
0 0.687500 0.058107 0.127500 0.088097
0 0.327500 0.783974 0.090000 0.081537
0 0.131250 0.332709 0.070000 0.088097
1 0.541581 0.613997 0.348162 0.129588
0 0.216875 0.117151 0.093750 0.058107
0 0.302500 0.870665 0.122500 0.104967
0 0.066875 0.046392 0.031250 0.040300
0 0.112500 0.451734 0.085000 0.078725
1 0.068312 0.430544 0.136625 0.304386
0 0.075150 0.516420 0.012800 0.013158
0 0.323213 0.912877 0.021425 0.013196
0 0.018569 0.860820 0.037138 0.102146
0 0.814400 0.499681 0.031300 0.035914
1 0.801919 0.507563 0.171338 0.089166
1 0.689331 0.495431 0.318663 0.108013
0 0.914669 0.596668 0.029337 0.019953
0 0.929706 0.626214 0.029413 0.020937
0 0.994425 0.645623 0.011350 0.022268
0 0.871231 0.836054 0.024962 0.013252
0 0.993619 0.484489 0.012237 0.024274
0 0.817944 0.176003 0.020887 0.014611
0 0.007256 0.204873 0.014512 0.017994
