0 0.244375 0.432052 0.031250 0.020619
0 0.222500 0.425492 0.022500 0.022493
0 0.437500 0.194939 0.037500 0.026242
0 0.555625 0.217901 0.036250 0.019681
0 0.523125 0.196813 0.031250 0.026242
0 0.493750 0.247423 0.017500 0.022493
0 0.357500 0.111528 0.020000 0.009372
0 0.991250 0.470478 0.015000 0.011246
0 0.968125 0.335052 0.023750 0.019681
0 0.863750 0.283037 0.022500 0.020619
0 0.851250 0.667760 0.120000 0.077788
0 0.228125 0.751172 0.126250 0.064667
1 0.656875 0.485005 0.218750 0.276476
0 0.930000 0.694470 0.092500 0.099344
0 0.383125 0.781162 0.116250 0.074039
1 0.348125 0.811153 0.421250 0.143393
0 0.463125 0.817245 0.018750 0.011246
0 0.885625 0.904873 0.091250 0.036551
0 0.544375 0.267104 0.051250 0.028116
1 0.551875 0.276945 0.141250 0.139644
1 0.520625 0.359419 0.186250 0.252109
0 0.685000 0.206186 0.030000 0.024367
0 0.726875 0.199157 0.031250 0.025305
0 0.760625 0.153702 0.031250 0.011246
0 0.992500 0.270853 0.015000 0.020619
0 0.548125 0.131209 0.033750 0.013121
0 0.116250 0.219775 0.022500 0.017807
0 0.041250 0.825211 0.025000 0.014058
