0 0.087500 0.824274 0.030000 0.030928
0 0.173125 0.942830 0.028750 0.043112
0 0.776875 0.419400 0.028750 0.025305
0 0.903125 0.316776 0.026250 0.022493
0 0.771250 0.319588 0.035000 0.026242
0 0.885625 0.476570 0.033750 0.023430
0 0.458750 0.471415 0.037500 0.022493
0 0.511250 0.825679 0.100000 0.089972
0 0.355625 0.199157 0.146250 0.102156
0 0.522500 0.532802 0.095000 0.079663
0 0.948750 0.537020 0.102500 0.088097
1 0.261250 0.820993 0.275000 0.358013
0 0.249375 0.910028 0.078750 0.061856
0 0.506250 0.203843 0.125000 0.077788
0 0.750625 0.726336 0.078750 0.056232
0 0.632500 0.339738 0.115000 0.089035
0 0.591875 0.900187 0.076250 0.059044
0 0.110625 0.222118 0.096250 0.086223
0 0.721875 0.343018 0.096250 0.076851
0 0.469375 0.408622 0.073750 0.052484
0 0.700000 0.594189 0.072500 0.050609
0 0.810000 0.760544 0.052500 0.038425
0 0.827500 0.569822 0.057500 0.033739
0 0.891875 0.828960 0.061250 0.042174
0 0.809375 0.619494 0.056250 0.044986
0 0.972500 0.848641 0.055000 0.051546
0 0.817500 0.531396 0.047500 0.035614
0 0.830000 0.447048 0.042500 0.033739
0 0.616250 0.275070 0.047500 0.030928
0 0.096250 0.605904 0.037500 0.036551
0 0.221875 0.064667 0.071250 0.050609
0 0.029375 0.564667 0.058750 0.111528
0 0.541250 0.414246 0.067500 0.054358
0 0.225625 0.521087 0.023750 0.020619
0 0.014375 0.413308 0.023750 0.024367
0 0.011250 0.393627 0.022500 0.022493
1 0.018125 0.452202 0.036250 0.164011
0 0.066875 0.206654 0.008750 0.014058
0 0.381250 0.081537 0.037500 0.022493
0 0.478750 0.120431 0.040000 0.025305
0 0.553125 0.169634 0.043750 0.028116
0 0.701875 0.090440 0.018750 0.010309
0 0.717500 0.123711 0.020000 0.013121
0 0.726250 0.156045 0.017500 0.010309
0 0.908750 0.164011 0.042500 0.029991
1 0.889375 0.282568 0.193750 0.223993
1 0.977500 0.398313 0.032500 0.071228
0 0.551250 0.357076 0.057500 0.022493
0 0.575000 0.387067 0.072500 0.056232
0 0.993750 0.527648 0.012500 0.071228
0 0.111250 0.836457 0.040000 0.030928
0 0.092500 0.764761 0.027500 0.028116
1 0.076875 0.701500 0.143750 0.315839
0 0.324375 0.303187 0.028750 0.027179
