0 0.953125 0.769916 0.016250 0.012184
0 0.693125 0.844424 0.021250 0.022493
0 0.599375 0.951734 0.018750 0.019681
0 0.384375 0.477976 0.036250 0.022493
0 0.441875 0.417526 0.028750 0.023430
0 0.980625 0.339738 0.023750 0.019681
0 0.531250 0.106373 0.035000 0.023430
0 0.476250 0.186036 0.030000 0.015933
0 0.414375 0.276007 0.021250 0.015933
0 0.623125 0.110590 0.018750 0.016870
0 0.324375 0.237113 0.016250 0.014995
0 0.830625 0.514995 0.158750 0.122774
0 0.357500 0.544517 0.132500 0.061856
0 0.947500 0.491565 0.105000 0.117151
0 0.349375 0.626992 0.116250 0.046860
0 0.360000 0.847704 0.075000 0.068416
0 0.384375 0.737113 0.066250 0.077788
0 0.220000 0.701500 0.057500 0.044049
0 0.491875 0.377694 0.126250 0.052484
0 0.518750 0.566073 0.050000 0.033739
0 0.036875 0.894564 0.073750 0.060918
0 0.476250 0.489222 0.057500 0.028116
0 0.730625 0.437676 0.048750 0.033739
0 0.303750 0.924086 0.052500 0.039363
0 0.141875 0.580131 0.058750 0.039363
1 0.057500 0.620431 0.115000 0.084349
0 0.977500 0.409091 0.045000 0.040300
0 0.997500 0.389878 0.005000 0.026242
0 0.768750 0.428304 0.022500 0.014995
0 0.399375 0.378632 0.031250 0.026242
0 0.239375 0.389878 0.081250 0.061856
0 0.451875 0.315370 0.038750 0.021556
0 0.133125 0.220712 0.038750 0.019681
0 0.396250 0.119025 0.025000 0.016870
0 0.048125 0.339738 0.066250 0.053421
0 0.076250 0.368791 0.027500 0.012184
0 0.101875 0.530459 0.071250 0.044986
0 0.041875 0.569822 0.038750 0.024367
0 0.032500 0.775539 0.065000 0.049672
0 0.131875 0.844424 0.033750 0.033739
0 0.178750 0.820525 0.062500 0.045923
0 0.488125 0.992034 0.016250 0.015933
0 0.707500 0.835052 0.012500 0.016870
0 0.870625 0.880975 0.018750 0.013121
0 0.654375 0.757263 0.021250 0.013121
0 0.635625 0.753983 0.018750 0.012184
0 0.636875 0.744142 0.011250 0.013121
0 0.645625 0.744142 0.011250 0.013121
0 0.658125 0.746954 0.018750 0.013121
0 0.668125 0.737113 0.013750 0.012184
0 0.657500 0.736645 0.012500 0.013121
0 0.647500 0.732896 0.015000 0.011246
0 0.633750 0.731022 0.015000 0.013121
0 0.644375 0.722587 0.013750 0.013121
0 0.648750 0.712277 0.015000 0.013121
0 0.655625 0.725398 0.011250 0.013121
0 0.666875 0.726804 0.013750 0.014058
1 0.006250 0.658388 0.012500 0.034677
