0 0.230625 0.186504 0.021250 0.022493
0 0.298125 0.067948 0.018750 0.019681
0 0.619375 0.507029 0.036250 0.022493
0 0.576875 0.574039 0.028750 0.023430
0 0.064375 0.721181 0.023750 0.019681
0 0.561250 0.892690 0.035000 0.023430
0 0.597500 0.806467 0.030000 0.015933
0 0.636875 0.709934 0.021250 0.015933
0 0.469375 0.900656 0.018750 0.016870
0 0.734375 0.735708 0.016250 0.014995
0 0.171875 0.528116 0.158750 0.122774
0 0.630000 0.437676 0.132500 0.061856
0 0.056875 0.567479 0.113750 0.117151
0 0.619375 0.355201 0.116250 0.046860
0 0.558750 0.140112 0.075000 0.068416
0 0.559375 0.251640 0.066250 0.077788
0 0.730000 0.265698 0.057500 0.044049
0 0.536875 0.619494 0.126250 0.052484
0 0.466250 0.437676 0.050000 0.033739
0 0.878750 0.049203 0.102500 0.060918
0 0.526250 0.507966 0.057500 0.028116
0 0.288125 0.592315 0.048750 0.033739
0 0.596250 0.057170 0.052500 0.039363
0 0.835625 0.374883 0.058750 0.039363
1 0.917500 0.322399 0.135000 0.084349
0 0.048125 0.651828 0.048750 0.040300
0 0.028125 0.674789 0.021250 0.026242
0 0.252500 0.606373 0.022500 0.014995
0 0.628125 0.607310 0.031250 0.026242
0 0.783125 0.575445 0.081250 0.061856
0 0.590625 0.676195 0.038750 0.021556
0 0.926875 0.727741 0.038750 0.019681
0 0.691250 0.862231 0.025000 0.016870
0 0.974375 0.599344 0.051250 0.053421
0 0.948750 0.574977 0.027500 0.012184
0 0.885625 0.418932 0.071250 0.044986
0 0.935625 0.372071 0.038750 0.024367
0 0.914375 0.164480 0.101250 0.049672
0 0.784375 0.112465 0.033750 0.033739
0 0.742500 0.142924 0.062500 0.045923
0 0.398125 0.013121 0.016250 0.016870
0 0.218750 0.197751 0.012500 0.016870
0 0.046875 0.173383 0.018750 0.013121
0 0.288125 0.268041 0.021250 0.013121
0 0.308125 0.268510 0.018750 0.012184
0 0.309375 0.278351 0.011250 0.013121
0 0.300625 0.279288 0.011250 0.013121
0 0.286875 0.278351 0.018750 0.013121
0 0.280625 0.289128 0.013750 0.012184
0 0.291250 0.287723 0.012500 0.013121
0 0.301250 0.289597 0.015000 0.011246
0 0.315000 0.290534 0.015000 0.013121
0 0.306875 0.299906 0.013750 0.013121
0 0.305000 0.310216 0.015000 0.013121
0 0.294375 0.298969 0.011250 0.013121
0 0.283125 0.298500 0.013750 0.014058
1 0.961250 0.278819 0.035000 0.034677
