0 0.793750 0.771321 0.032500 0.018744
0 0.986875 0.791003 0.026250 0.018744
0 0.916875 0.673852 0.016250 0.011246
0 0.550625 0.828491 0.043750 0.016870
0 0.425625 0.753515 0.043750 0.022493
0 0.405000 0.844892 0.027500 0.017807
0 0.400625 0.751640 0.011250 0.013121
0 0.181250 0.710872 0.035000 0.023430
0 0.259375 0.731490 0.028750 0.017807
0 0.345625 0.799906 0.028750 0.017807
0 0.026875 0.778351 0.013750 0.017807
0 0.743125 0.448922 0.031250 0.022493
0 0.760000 0.521087 0.015000 0.009372
0 0.779375 0.365042 0.016250 0.010309
0 0.871250 0.494377 0.015000 0.008435
0 0.814375 0.590440 0.033750 0.016870
0 0.948750 0.420806 0.017500 0.013121
0 0.793750 0.474695 0.012500 0.008435
0 0.798750 0.614339 0.035000 0.019681
0 0.665625 0.462043 0.023750 0.007498
0 0.989375 0.389410 0.008750 0.010309
0 0.418750 0.646673 0.025000 0.035614
0 0.401875 0.663074 0.018750 0.027179
0 0.640625 0.350047 0.016250 0.010309
0 0.531875 0.376289 0.013750 0.010309
0 0.448125 0.470947 0.013750 0.014058
0 0.430000 0.444705 0.010000 0.008435
0 0.348125 0.468135 0.016250 0.014058
0 0.453125 0.554358 0.013750 0.010309
0 0.130625 0.606373 0.033750 0.024367
0 0.240000 0.645736 0.027500 0.028116
0 0.121250 0.481256 0.037500 0.025305
0 0.302500 0.390347 0.030000 0.025305
0 0.139375 0.416589 0.031250 0.021556
0 0.074375 0.375820 0.016250 0.009372
0 0.163125 0.539831 0.033750 0.024367
0 0.286250 0.665886 0.040000 0.015933
0 0.322500 0.494845 0.015000 0.018744
0 0.319375 0.649953 0.021250 0.012184
0 0.318750 0.640581 0.022500 0.010309
0 0.723125 0.278351 0.016250 0.011246
0 0.611250 0.305061 0.012500 0.010309
0 0.581250 0.261949 0.012500 0.010309
0 0.519375 0.301312 0.013750 0.008435
0 0.168125 0.255858 0.013750 0.011246
0 0.121250 0.327554 0.017500 0.010309
0 0.088125 0.305998 0.018750 0.010309
1 0.558750 0.630272 0.175000 0.126523
0 0.868750 0.823336 0.110000 0.062793
0 0.941250 0.567948 0.052500 0.052484
1 0.701250 0.578257 0.165000 0.136832
1 0.728125 0.689316 0.161250 0.124649
0 0.101875 0.521087 0.038750 0.028116
0 0.653125 0.839269 0.063750 0.045923
0 0.841250 0.458763 0.040000 0.045923
0 0.496875 0.843955 0.041250 0.032802
0 0.171875 0.436270 0.043750 0.023430
0 0.297500 0.676664 0.030000 0.009372
0 0.533125 0.571228 0.036250 0.008435
0 0.414375 0.738519 0.023750 0.011246
0 0.291875 0.661668 0.021250 0.009372
0 0.903125 0.664948 0.016250 0.010309
0 0.890000 0.705248 0.015000 0.006560
0 0.889375 0.696345 0.023750 0.011246
0 0.805625 0.632615 0.013750 0.014995
0 0.640625 0.581537 0.006250 0.010309
0 0.883750 0.637769 0.035000 0.029053
0 0.823750 0.476101 0.010000 0.013121
0 0.653125 0.467198 0.026250 0.006560
0 0.339375 0.485942 0.021250 0.030928
0 0.632500 0.582943 0.007500 0.011246
