0 0.181875 0.245548 0.033750 0.020619
0 0.069375 0.349578 0.016250 0.011246
0 0.420000 0.176195 0.045000 0.018744
0 0.551250 0.243674 0.045000 0.024367
0 0.563125 0.150890 0.028750 0.018744
0 0.576250 0.244142 0.012500 0.014058
0 0.798750 0.273196 0.037500 0.025305
0 0.718750 0.257263 0.030000 0.019681
0 0.627500 0.193533 0.030000 0.019681
0 0.947500 0.197751 0.015000 0.018744
0 0.263125 0.564199 0.033750 0.024367
0 0.239375 0.492971 0.016250 0.009372
0 0.234375 0.649953 0.016250 0.010309
0 0.130625 0.525305 0.016250 0.008435
0 0.178750 0.427366 0.035000 0.018744
0 0.060000 0.602624 0.017500 0.013121
0 0.209375 0.540300 0.013750 0.008435
0 0.191875 0.401593 0.036250 0.021556
0 0.338750 0.546860 0.025000 0.008435
0 0.023125 0.636364 0.008750 0.011246
0 0.567500 0.349110 0.027500 0.036551
0 0.583125 0.332240 0.021250 0.027179
0 0.373125 0.657451 0.016250 0.010309
0 0.480625 0.625586 0.013750 0.010309
0 0.555000 0.527179 0.015000 0.014058
0 0.575625 0.552015 0.011250 0.009372
0 0.655000 0.524367 0.017500 0.014058
0 0.543125 0.443768 0.013750 0.010309
0 0.859375 0.374883 0.036250 0.026242
0 0.747500 0.341612 0.030000 0.029053
0 0.880000 0.500000 0.040000 0.027179
0 0.707500 0.599344 0.032500 0.027179
0 0.868125 0.564667 0.033750 0.023430
0 0.937500 0.601218 0.017500 0.010309
0 0.833125 0.443299 0.036250 0.026242
0 0.698125 0.323805 0.041250 0.017807
0 0.678125 0.495783 0.016250 0.018744
0 0.666875 0.342081 0.021250 0.013121
0 0.667500 0.351453 0.022500 0.011246
0 0.299375 0.732896 0.016250 0.011246
0 0.407500 0.700094 0.012500 0.011246
0 0.442500 0.742268 0.012500 0.011246
0 0.500000 0.699625 0.015000 0.008435
0 0.854375 0.726336 0.013750 0.011246
0 0.895000 0.652296 0.017500 0.011246
0 0.929375 0.671978 0.018750 0.011246
1 0.430000 0.373477 0.185000 0.134021
0 0.102500 0.197282 0.115000 0.068416
0 0.054375 0.455483 0.056250 0.054358
1 0.293125 0.432052 0.176250 0.144330
1 0.256250 0.323805 0.172500 0.132146
0 0.895625 0.458763 0.041250 0.029053
0 0.316250 0.170572 0.067500 0.048735
0 0.163750 0.559513 0.045000 0.046860
0 0.470625 0.156982 0.043750 0.034677
0 0.834375 0.546860 0.046250 0.025305
0 0.685625 0.313964 0.031250 0.011246
0 0.461250 0.431115 0.037500 0.009372
0 0.563125 0.258201 0.023750 0.012184
0 0.693750 0.328491 0.022500 0.010309
0 0.083125 0.357545 0.016250 0.010309
0 0.091875 0.316307 0.016250 0.006560
0 0.094375 0.324742 0.023750 0.012184
0 0.183750 0.384255 0.015000 0.014995
0 0.351875 0.425961 0.006250 0.010309
0 0.105625 0.382849 0.036250 0.030928
0 0.180625 0.541237 0.011250 0.014058
0 0.351250 0.541237 0.027500 0.008435
0 0.661875 0.506092 0.023750 0.031865
0 0.361250 0.425023 0.007500 0.012184
