0 0.167500 0.213683 0.025000 0.022493
0 0.538125 0.311153 0.023750 0.020619
0 0.678750 0.133552 0.025000 0.023430
0 0.952500 0.607310 0.022500 0.014995
0 0.878750 0.816776 0.017500 0.015933
0 0.917500 0.806467 0.015000 0.010309
0 0.483181 0.513060 0.076362 0.055173
0 0.198575 0.321462 0.072150 0.059981
0 0.571875 0.899719 0.091250 0.056232
0 0.974375 0.471415 0.051250 0.069353
0 0.639375 0.129803 0.073750 0.104030
0 0.258125 0.351453 0.051250 0.039363
0 0.571875 0.664016 0.086250 0.083421
0 0.751688 0.365961 0.085875 0.038388
0 0.896250 0.707591 0.040000 0.052484
0 0.816875 0.328022 0.041250 0.028116
0 0.770625 0.231022 0.041250 0.029053
0 0.020000 0.117179 0.040000 0.073158
0 0.981294 0.580487 0.037588 0.041949
0 0.423750 0.630764 0.100000 0.069400
0 0.727581 0.393037 0.160162 0.045679
0 0.713750 0.481724 0.127500 0.063730
0 0.717488 0.632545 0.017475 0.018604
0 0.478250 0.612104 0.094000 0.065820
0 0.720012 0.501396 0.035025 0.020600
0 0.738144 0.458238 0.148787 0.093608
0 0.986894 0.315127 0.026288 0.043561
0 0.991269 0.283247 0.017537 0.021040
0 0.665144 0.144053 0.010287 0.029438
0 0.540781 0.279850 0.026562 0.019869
0 0.532500 0.268252 0.017500 0.013543
0 0.154375 0.210183 0.018750 0.017366
0 0.156425 0.197905 0.025350 0.009681
0 0.025381 0.227933 0.023262 0.011631
0 0.179812 0.308510 0.024625 0.017207
0 0.265531 0.345961 0.013562 0.011509
0 0.243144 0.500731 0.016287 0.011771
0 0.227056 0.484503 0.019112 0.013055
0 0.226744 0.495989 0.015987 0.015408
0 0.043050 0.498857 0.086100 0.075501
0 0.836462 0.897193 0.020425 0.011818
0 0.847206 0.952807 0.026913 0.025576
0 0.957781 0.809822 0.018062 0.015145
0 0.941612 0.723828 0.020725 0.019353
0 0.963225 0.674096 0.023950 0.037976
0 0.957125 0.707381 0.019250 0.014574
0 0.471275 0.510037 0.020050 0.011640
