0 0.876250 0.245548 0.030000 0.018744
0 0.752500 0.525305 0.027500 0.017807
0 0.987500 0.626992 0.025000 0.018744
0 0.365000 0.841612 0.020000 0.016870
0 0.084375 0.790066 0.021250 0.013121
0 0.099375 0.818182 0.013750 0.011246
0 0.482500 0.487348 0.075000 0.058107
0 0.734375 0.270384 0.081250 0.055295
0 0.546875 0.855670 0.093750 0.039363
0 0.962500 0.597938 0.075000 0.056232
0 0.694375 0.316776 0.053750 0.039363
0 0.282500 0.557170 0.112500 0.066542
0 0.683750 0.686036 0.052500 0.065604
0 0.230625 0.800843 0.071250 0.030928
0 0.735625 0.734770 0.038750 0.031865
0 0.863750 0.698219 0.040000 0.031865
0 0.972500 0.133552 0.040000 0.030928
0 0.401250 0.862699 0.057500 0.029053
0 0.324375 0.445642 0.093750 0.075914
0 0.646875 0.668697 0.063750 0.120900
0 0.528750 0.660262 0.087500 0.096532
0 0.327500 0.665417 0.025000 0.013121
0 0.350625 0.486410 0.088750 0.071228
0 0.502500 0.664480 0.027500 0.026242
0 0.561250 0.678069 0.127500 0.113402
0 0.756250 0.862231 0.057500 0.020619
0 0.798750 0.865042 0.027500 0.013121
0 0.978125 0.618088 0.038750 0.008435
0 0.794375 0.527179 0.026250 0.019681
0 0.810000 0.520150 0.017500 0.013121
0 0.880625 0.235708 0.023750 0.014058
0 0.897500 0.237113 0.012500 0.018744
0 0.855000 0.140112 0.015000 0.017807
0 0.750000 0.256795 0.022500 0.018744
0 0.702500 0.320993 0.015000 0.010309
0 0.494375 0.307873 0.016250 0.012184
0 0.516250 0.294752 0.017500 0.014058
0 0.501250 0.295689 0.020000 0.012184
0 0.493750 0.157451 0.102500 0.065604
0 0.095000 0.848172 0.020000 0.013121
0 0.209375 0.835520 0.026250 0.015933
0 0.276875 0.850047 0.051250 0.018744
0 0.232500 0.846767 0.020000 0.014058
0 0.486250 0.477976 0.015000 0.014995
