0 0.858750 0.768041 0.027500 0.023430
0 0.480000 0.690253 0.025000 0.021556
0 0.356250 0.875351 0.027500 0.024367
0 0.039375 0.416589 0.023750 0.015933
0 0.093125 0.204311 0.018750 0.016870
0 0.055625 0.216495 0.016250 0.011246
0 0.515625 0.485942 0.081250 0.059044
0 0.817500 0.662605 0.077500 0.063730
0 0.391875 0.105436 0.096250 0.060918
0 0.030000 0.553421 0.057500 0.072165
0 0.395625 0.876757 0.083750 0.107779
0 0.755000 0.635895 0.055000 0.042174
0 0.413125 0.340206 0.093750 0.088097
0 0.262500 0.646673 0.090000 0.043112
0 0.086250 0.313964 0.045000 0.054358
0 0.200625 0.687910 0.043750 0.029991
0 0.255625 0.783037 0.043750 0.030928
0 0.016250 0.444705 0.032500 0.044049
0 0.564375 0.365979 0.106250 0.074039
0 0.284375 0.618557 0.163750 0.054358
0 0.288750 0.529991 0.132500 0.070291
0 0.270625 0.380037 0.018750 0.019681
0 0.511250 0.387535 0.100000 0.070291
0 0.281875 0.509841 0.036250 0.022493
0 0.266250 0.554827 0.157500 0.101218
0 0.031250 0.709934 0.030000 0.044049
0 0.030000 0.742737 0.020000 0.021556
0 0.368750 0.863636 0.012500 0.029053
0 0.480000 0.721649 0.027500 0.020619
0 0.489375 0.732427 0.018750 0.014058
0 0.872500 0.771321 0.020000 0.018744
0 0.871875 0.783974 0.026250 0.010309
0 0.993125 0.746485 0.013750 0.012184
0 0.838125 0.674321 0.026250 0.017807
0 0.748750 0.642455 0.015000 0.012184
0 0.756250 0.485473 0.017500 0.013121
0 0.773750 0.501874 0.020000 0.014058
0 0.773750 0.490628 0.017500 0.015933
0 0.954375 0.477038 0.091250 0.080600
0 0.128125 0.121837 0.021250 0.013121
0 0.112500 0.066542 0.030000 0.026242
0 0.015625 0.215089 0.018750 0.015933
0 0.038750 0.299906 0.022500 0.020619
0 0.022500 0.351453 0.027500 0.039363
0 0.025000 0.317245 0.020000 0.015933
0 0.528125 0.488754 0.021250 0.012184
