0 0.443125 0.449391 0.098750 0.083411
0 0.642500 0.535145 0.112500 0.073102
0 0.360000 0.445173 0.127500 0.108716
0 0.810625 0.517807 0.116250 0.090909
0 0.443125 0.686036 0.113750 0.065604
0 0.421875 0.628397 0.136250 0.062793
0 0.880625 0.415183 0.196250 0.129335
0 0.296250 0.690253 0.137500 0.055295
1 0.636875 0.172915 0.151250 0.105904
0 0.585625 0.571228 0.051250 0.034677
1 0.352500 0.143393 0.095000 0.031865
1 0.272500 0.156045 0.245000 0.055295
0 0.176250 0.433458 0.035000 0.029053
0 0.158750 0.439550 0.025000 0.018744
0 0.653125 0.503749 0.038750 0.017807
