0 0.574375 0.462980 0.113750 0.076851
0 0.439375 0.602624 0.101250 0.086223
0 0.587500 0.401125 0.150000 0.099344
0 0.445000 0.730084 0.125000 0.089972
0 0.259375 0.438144 0.091250 0.087160
0 0.627500 0.088097 0.097500 0.061856
0 0.338750 0.428772 0.087500 0.104030
0 0.573125 0.792409 0.178750 0.150890
0 0.270000 0.328022 0.077500 0.104967
1 0.920625 0.636364 0.146250 0.116214
0 0.396875 0.556701 0.048750 0.039363
1 0.983125 0.426898 0.033750 0.072165
1 0.970000 0.365979 0.060000 0.184630
0 0.622500 0.264761 0.040000 0.027179
0 0.616250 0.252109 0.025000 0.018744
0 0.617500 0.100281 0.020000 0.013121
0 0.480000 0.614339 0.025000 0.029053
1 0.063750 0.077320 0.057500 0.074039
0 0.574375 0.462980 0.113750 0.076851
0 0.439375 0.602624 0.101250 0.086223
0 0.587500 0.401125 0.150000 0.099344
0 0.445000 0.730084 0.125000 0.089972
0 0.259375 0.438144 0.091250 0.087160
0 0.627500 0.088097 0.097500 0.061856
0 0.338750 0.428772 0.087500 0.104030
0 0.573125 0.792409 0.178750 0.150890
0 0.270000 0.328022 0.077500 0.104967
1 0.920625 0.636364 0.146250 0.116214
0 0.396875 0.556701 0.048750 0.039363
1 0.983125 0.426898 0.033750 0.072165
1 0.970000 0.365979 0.060000 0.184630
0 0.622500 0.264761 0.040000 0.027179
0 0.616250 0.252109 0.025000 0.018744
0 0.617500 0.100281 0.020000 0.013121
0 0.480000 0.614339 0.025000 0.029053
1 0.063750 0.077320 0.057500 0.074039
