0 0.430000 0.540769 0.107500 0.071228
0 0.552088 0.395033 0.094175 0.081537
0 0.421875 0.603561 0.141250 0.091846
0 0.533750 0.267990 0.117500 0.084246
0 0.745769 0.549859 0.084038 0.083786
0 0.411250 0.917994 0.092500 0.057170
0 0.668006 0.562793 0.078512 0.100281
0 0.400688 0.211832 0.166375 0.142502
0 0.745356 0.659930 0.068212 0.101490
1 0.068125 0.386598 0.136250 0.109653
0 0.597500 0.438613 0.045000 0.037488
1 0.019431 0.597460 0.038863 0.070272
1 0.032806 0.658646 0.065613 0.181396
0 0.399000 0.741092 0.038000 0.025764
0 0.406844 0.754007 0.023688 0.017854
0 0.420750 0.904808 0.019000 0.012052
0 0.510225 0.385089 0.022950 0.027910
1 0.974387 0.898613 0.051275 0.070890
