1 0.499375 0.097001 0.226250 0.162137
1 0.638750 0.052015 0.180000 0.104030
0 0.582500 0.514527 0.082500 0.059981
0 0.433750 0.451734 0.055000 0.046860
0 0.479375 0.442830 0.056250 0.049672
0 0.560000 0.714152 0.047500 0.033739
0 0.588750 0.620431 0.042500 0.028116
1 0.346250 0.637301 0.210000 0.151828
0 0.959375 0.268041 0.036250 0.101218
1 0.444375 0.460169 0.176250 0.116214
0 0.033125 0.663074 0.031250 0.049672
0 0.034375 0.507029 0.068750 0.059981
0 0.471250 0.795689 0.137500 0.088097
0 0.971250 0.363636 0.035000 0.065604
0 0.018750 0.290066 0.037500 0.042174
0 0.206875 0.779288 0.041250 0.023430
0 0.388125 0.669166 0.031250 0.028116
0 0.413125 0.551078 0.018750 0.011246
0 0.483750 0.593252 0.030000 0.026242
0 0.141875 0.647610 0.038750 0.022493
0 0.005625 0.406279 0.011250 0.038425
0 0.026875 0.563730 0.041250 0.023430
0 0.710625 0.208529 0.021250 0.015933
0 0.550625 0.262887 0.021250 0.017807
0 0.539375 0.269447 0.016250 0.021556
0 0.101250 0.263355 0.030000 0.029991
0 0.017500 0.237582 0.030000 0.030928
0 0.135000 0.180881 0.025000 0.016870
0 0.128125 0.247423 0.026250 0.016870
0 0.051875 0.169166 0.023750 0.015933
0 0.138750 0.280225 0.022500 0.016870
0 0.082500 0.188847 0.017500 0.014058
0 0.059375 0.364574 0.038750 0.016870
0 0.128125 0.135895 0.016250 0.013121
0 0.043750 0.124649 0.015000 0.013121
0 0.003750 0.175726 0.007500 0.014058
0 0.078125 0.234302 0.026250 0.016870
0 0.008750 0.347704 0.017500 0.018744
0 0.416250 0.269916 0.010000 0.011246
0 0.656875 0.254452 0.041250 0.029053
0 0.705625 0.263355 0.048750 0.035614
0 0.006250 0.287723 0.012500 0.013121
0 0.015625 0.275070 0.031250 0.023430
0 0.093750 0.298032 0.077500 0.058107
0 0.102500 0.310684 0.015000 0.008435
0 0.130625 0.323805 0.033750 0.017807
0 0.071875 0.328491 0.083750 0.032802
0 0.011250 0.331303 0.022500 0.021556
0 0.090000 0.348641 0.082500 0.020619
0 0.034375 0.349110 0.033750 0.019681
0 0.036875 0.360356 0.016250 0.006560
0 0.013125 0.363636 0.026250 0.029991
0 0.123125 0.382849 0.018750 0.010309
0 0.088125 0.384255 0.063750 0.059981
0 0.041250 0.382849 0.070000 0.025305
0 0.009375 0.426429 0.016250 0.009372
0 0.024375 0.432521 0.033750 0.014058
0 0.039375 0.405811 0.061250 0.035614
0 0.103125 0.408154 0.071250 0.042174
0 0.006250 0.460169 0.012500 0.014995
0 0.029375 0.449391 0.026250 0.017807
0 0.071875 0.443768 0.021250 0.008435
0 0.063750 0.471884 0.022500 0.012184
0 0.086875 0.484536 0.063750 0.041237
0 0.008125 0.544049 0.011250 0.008435
0 0.030000 0.588566 0.045000 0.033739
0 0.260625 0.594189 0.018750 0.011246
0 0.246250 0.589503 0.032500 0.016870
0 0.402500 0.546392 0.025000 0.013121
1 0.164375 0.643393 0.308750 0.203374
1 0.051875 0.441425 0.103750 0.056232
0 0.475000 0.412371 0.025000 0.011246
0 0.462500 0.410497 0.020000 0.009372
1 0.575625 0.539363 0.271250 0.175258
