1 0.035000 0.446579 0.070000 0.156514
0 0.531250 0.441425 0.075000 0.058107
0 0.426875 0.543112 0.058750 0.038425
0 0.421250 0.507966 0.062500 0.039363
0 0.791250 0.485473 0.042500 0.033739
0 0.671250 0.451734 0.035000 0.029991
1 0.660000 0.633552 0.190000 0.148079
0 0.257500 0.127460 0.135000 0.020619
1 0.439375 0.537020 0.143750 0.125586
0 0.651250 0.869728 0.065000 0.020619
0 0.445625 0.848172 0.076250 0.050609
0 0.887500 0.562793 0.110000 0.098407
0 0.385625 0.131678 0.086250 0.021556
0 0.156250 0.833177 0.052500 0.035614
0 0.828125 0.757263 0.028750 0.029991
0 0.706875 0.606842 0.036250 0.021556
0 0.555625 0.572634 0.013750 0.013121
0 0.620625 0.525773 0.033750 0.020619
0 0.645000 0.786317 0.027500 0.028116
0 0.307500 0.860356 0.050000 0.018744
0 0.518125 0.860356 0.028750 0.029991
0 0.143750 0.303187 0.020000 0.015933
0 0.194375 0.430178 0.023750 0.014995
0 0.201250 0.439550 0.027500 0.011246
0 0.131875 0.763824 0.038750 0.020619
0 0.086250 0.821931 0.040000 0.020619
0 0.028125 0.726804 0.021250 0.017807
0 0.114375 0.741331 0.021250 0.018744
0 0.005000 0.786785 0.010000 0.017807
0 0.159375 0.738051 0.021250 0.015933
0 0.031250 0.767104 0.017500 0.012184
0 0.260000 0.809278 0.020000 0.029053
0 0.005625 0.827085 0.011250 0.012184
0 0.090625 0.776945 0.021250 0.018744
0 0.230625 0.848641 0.023750 0.021556
0 0.185000 0.859888 0.022500 0.015933
0 0.068750 0.839269 0.015000 0.010309
0 0.184375 0.530928 0.013750 0.006560
0 0.196875 0.349110 0.036250 0.029053
0 0.215625 0.314433 0.043750 0.034677
0 0.070625 0.861762 0.013750 0.004686
0 0.150625 0.839269 0.016250 0.012184
0 0.135000 0.836926 0.027500 0.039363
0 0.132500 0.860356 0.052500 0.011246
0 0.176250 0.774133 0.072500 0.054358
0 0.195000 0.768978 0.010000 0.010309
0 0.215625 0.749766 0.021250 0.024367
0 0.213750 0.794283 0.037500 0.060918
0 0.207500 0.849578 0.025000 0.036551
0 0.243125 0.783974 0.021250 0.060918
0 0.235625 0.824742 0.023750 0.024367
0 0.251250 0.824742 0.007500 0.011246
0 0.251875 0.851921 0.036250 0.035614
0 0.292500 0.763824 0.012500 0.013121
0 0.290000 0.790534 0.077500 0.044049
0 0.281875 0.824274 0.028750 0.051546
0 0.269375 0.866448 0.026250 0.006560
0 0.334375 0.853796 0.011250 0.011246
0 0.344375 0.844424 0.016250 0.024367
0 0.310625 0.829897 0.043750 0.044049
0 0.323750 0.782568 0.052500 0.050609
0 0.378125 0.865042 0.018750 0.014995
0 0.367500 0.842549 0.022500 0.018744
0 0.366250 0.810684 0.010000 0.014995
0 0.401250 0.820525 0.015000 0.015933
0 0.421875 0.805061 0.051250 0.044986
0 0.488750 0.871603 0.010000 0.007498
0 0.551250 0.861293 0.042500 0.031865
0 0.591875 0.691659 0.013750 0.013121
0 0.582500 0.701031 0.020000 0.024367
0 0.546875 0.579663 0.016250 0.017807
1 0.642500 0.769916 0.252500 0.220244
1 0.360000 0.829897 0.067500 0.085286
0 0.380625 0.506560 0.013750 0.017807
0 0.376875 0.515933 0.011250 0.014058
1 0.562500 0.449391 0.217500 0.194002
