1 0.336250 0.653052 0.272500 0.200000
1 0.275000 0.251174 0.410000 0.353991
0 0.299375 0.255399 0.101250 0.065728
0 0.416250 0.223944 0.060000 0.047887
0 0.550000 0.760094 0.067500 0.057277
0 0.604375 0.831925 0.046250 0.041315
1 0.664375 0.120657 0.533750 0.241315
0 0.319375 0.672300 0.058750 0.043192
0 0.466875 0.882629 0.051250 0.031925
0 0.675000 0.130047 0.040000 0.030986
0 0.055625 0.713146 0.033750 0.051643
0 0.485625 0.601408 0.058750 0.051643
0 0.234375 0.369484 0.043750 0.032864
0 0.020000 0.509859 0.040000 0.041315
0 0.018750 0.535211 0.037500 0.033803
0 0.518125 0.716432 0.031250 0.022535
0 0.305625 0.910329 0.026250 0.019718
0 0.407500 0.905634 0.055000 0.027230
0 0.631250 0.508920 0.022500 0.016901
0 0.396875 0.659624 0.031250 0.023474
0 0.351875 0.448826 0.016250 0.013146
0 0.051875 0.424413 0.038750 0.028169
0 0.041875 0.542723 0.026250 0.024413
0 0.144375 0.440376 0.018750 0.015023
0 0.023750 0.579343 0.030000 0.033803
0 0.638125 0.063850 0.051250 0.024413
0 0.707500 0.234742 0.020000 0.013146
0 0.653125 0.068545 0.023750 0.016901
0 0.535000 0.083099 0.022500 0.017840
0 0.480000 0.067136 0.035000 0.021596
0 0.222500 0.290141 0.025000 0.018779
0 0.040625 0.322535 0.026250 0.019718
0 0.478125 0.441784 0.016250 0.012207
0 0.488750 0.633333 0.070000 0.062911
0 0.486250 0.646009 0.062500 0.046948
0 0.470000 0.649765 0.025000 0.015023
0 0.508750 0.684977 0.075000 0.053521
0 0.511875 0.700939 0.066250 0.046009
0 0.273125 0.635681 0.013750 0.013146
0 0.326250 0.853521 0.017500 0.015023
0 0.037500 0.678873 0.010000 0.024413
0 0.021250 0.557277 0.035000 0.029108
0 0.004375 0.505164 0.008750 0.016901
0 0.138125 0.465258 0.031250 0.027230
1 0.109375 0.284038 0.218750 0.200000
1 0.081250 0.296244 0.162500 0.181221
1 0.095000 0.203756 0.190000 0.157746
0 0.669375 0.091080 0.048750 0.026291
0 0.648125 0.278873 0.023750 0.013146
