1 0.696825 0.371362 0.236150 0.171831
1 0.663750 0.774648 0.342500 0.313615
0 0.641250 0.767136 0.090000 0.054460
0 0.519375 0.783568 0.051250 0.042254
0 0.510625 0.237559 0.056250 0.050704
0 0.474375 0.160094 0.038750 0.036620
1 0.243012 0.880085 0.486025 0.239042
0 0.718125 0.354460 0.051250 0.036620
0 0.621875 0.127700 0.046250 0.026291
0 0.241875 0.841784 0.033750 0.027230
0 0.987500 0.348826 0.022500 0.049765
0 0.538125 0.402347 0.048750 0.046009
0 0.731250 0.663850 0.037500 0.028169
0 0.979294 0.553460 0.041087 0.036498
0 0.983125 0.528638 0.033750 0.030047
0 0.532500 0.284507 0.027500 0.018779
0 0.786250 0.121127 0.022500 0.016901
0 0.685925 0.112676 0.051850 0.020657
0 0.372500 0.474648 0.020000 0.014085
0 0.638750 0.356338 0.027500 0.019718
0 0.634375 0.569953 0.013750 0.011268
0 0.924375 0.632864 0.033750 0.024413
0 0.961875 0.517840 0.021250 0.021596
0 0.836875 0.605634 0.016250 0.013146
0 0.988125 0.483850 0.023750 0.030610
0 0.263750 0.911737 0.047500 0.018779
0 0.235000 0.734272 0.017500 0.011268
0 0.249375 0.904695 0.021250 0.014085
0 0.369375 0.906573 0.018750 0.015962
0 0.419375 0.929108 0.031250 0.017840
0 0.725625 0.743192 0.021250 0.015962
0 0.977500 0.742254 0.022500 0.015962
0 0.911250 0.735211 0.022500 0.016901
0 0.509169 0.560930 0.013338 0.010122
0 0.542500 0.371099 0.057500 0.056751
0 0.548331 0.358244 0.054162 0.040432
0 0.564794 0.356399 0.022088 0.012329
0 0.534756 0.316878 0.064513 0.045962
0 0.535169 0.300343 0.057838 0.039183
0 0.754575 0.395596 0.011650 0.011850
0 0.753619 0.174488 0.014737 0.012826
0 0.997406 0.384028 0.004812 0.024394
0 0.985275 0.506596 0.030550 0.025399
0 0.993169 0.559793 0.013838 0.015362
0 0.849100 0.582023 0.025700 0.024141
1 0.842825 0.764535 0.198150 0.176958
1 0.900200 0.759676 0.200400 0.157850
1 0.970075 0.760808 0.060150 0.051192
1 0.871131 0.849967 0.247262 0.128103
0 0.238900 0.880765 0.045300 0.020685
0 0.303031 0.698864 0.021063 0.009934
