1 0.716250 0.390141 0.262500 0.192488
1 0.618125 0.788263 0.391250 0.342723
0 0.596875 0.778404 0.098750 0.061972
0 0.473750 0.783099 0.057500 0.046948
0 0.553125 0.240845 0.063750 0.055399
0 0.530000 0.160563 0.045000 0.039437
1 0.221875 0.853991 0.443750 0.282629
0 0.740625 0.375587 0.056250 0.041315
0 0.681250 0.141784 0.050000 0.030047
0 0.188750 0.815962 0.037500 0.030047
0 0.996250 0.393897 0.007500 0.051643
0 0.554375 0.407042 0.056250 0.049765
0 0.703125 0.684038 0.041250 0.030986
0 0.967500 0.597653 0.047500 0.040376
0 0.975625 0.572300 0.038750 0.032864
0 0.567500 0.289671 0.030000 0.021596
0 0.846250 0.150235 0.025000 0.018779
0 0.746875 0.132864 0.053750 0.025352
0 0.377500 0.463380 0.022500 0.015962
0 0.661250 0.369953 0.030000 0.022535
0 0.622500 0.581690 0.015000 0.012207
0 0.900000 0.670892 0.037500 0.027230
0 0.956250 0.560094 0.025000 0.023474
0 0.818125 0.636150 0.018750 0.014085
0 0.986250 0.528169 0.027500 0.032864
0 0.198750 0.887324 0.050000 0.022535
0 0.199375 0.708920 0.018750 0.013146
0 0.185625 0.879343 0.023750 0.015962
0 0.304375 0.891549 0.021250 0.017840
0 0.350625 0.918310 0.033750 0.020657
0 0.684375 0.761972 0.023750 0.017840
0 0.935000 0.784507 0.025000 0.017840
0 0.870000 0.770892 0.025000 0.018779
0 0.498750 0.561502 0.015000 0.011268
0 0.563125 0.376056 0.066250 0.061033
0 0.570000 0.364319 0.060000 0.045070
0 0.586875 0.363850 0.023750 0.014085
0 0.565000 0.321596 0.072500 0.051643
0 0.566875 0.305634 0.063750 0.044131
0 0.770625 0.419718 0.013750 0.013146
0 0.803750 0.200469 0.017500 0.014085
0 0.980625 0.550235 0.033750 0.028169
0 0.980625 0.604225 0.016250 0.015962
0 0.833750 0.613146 0.030000 0.026291
1 0.796875 0.794366 0.226250 0.193427
1 0.855625 0.795305 0.223750 0.174648
1 0.925000 0.802817 0.067500 0.056338
1 0.811875 0.881221 0.266250 0.149296
0 0.178750 0.854460 0.047500 0.024413
0 0.272500 0.679343 0.022500 0.012207
