0 0.821250 0.173383 0.030000 0.026242
0 0.888125 0.119494 0.028750 0.021556
0 0.875000 0.275070 0.030000 0.015933
0 0.632500 0.220712 0.027500 0.027179
0 0.574375 0.262418 0.031250 0.022493
0 0.501875 0.264761 0.026250 0.027179
0 0.276250 0.318182 0.017500 0.012184
0 0.691875 0.280225 0.033750 0.016870
0 0.041875 0.246954 0.016250 0.014058
0 0.197500 0.258201 0.020000 0.014058
0 0.044375 0.486879 0.021250 0.015933
0 0.218750 0.523899 0.020000 0.013121
1 0.256875 0.571696 0.271250 0.176195
1 0.778125 0.729147 0.126250 0.106842
0 0.126875 0.167291 0.081250 0.059044
1 0.565000 0.374883 0.330000 0.108716
0 0.793125 0.127929 0.056250 0.030928
0 0.554375 0.522962 0.071250 0.044986
0 0.443750 0.438144 0.052500 0.042174
0 0.383125 0.247891 0.043750 0.030928
0 0.399375 0.199625 0.048750 0.039363
0 0.558750 0.163543 0.040000 0.032802
0 0.346250 0.223055 0.052500 0.029991
0 0.875000 0.470478 0.027500 0.024367
1 0.829375 0.525773 0.201250 0.191190
0 0.806250 0.733833 0.020000 0.011246
1 0.952500 0.287254 0.072500 0.085286
0 0.588125 0.399250 0.013750 0.016870
0 0.511250 0.334114 0.020000 0.014058
0 0.139375 0.529991 0.016250 0.008435
0 0.148125 0.270384 0.018750 0.014058
1 0.195000 0.875351 0.057500 0.026242
1 0.110000 0.877226 0.170000 0.033739
1 0.177500 0.150890 0.092500 0.029991
0 0.821250 0.173383 0.030000 0.026242
0 0.888125 0.119494 0.028750 0.021556
0 0.875000 0.275070 0.030000 0.015933
0 0.632500 0.220712 0.027500 0.027179
0 0.574375 0.262418 0.031250 0.022493
0 0.501875 0.264761 0.026250 0.027179
0 0.276250 0.318182 0.017500 0.012184
0 0.691875 0.280225 0.033750 0.016870
0 0.041875 0.246954 0.016250 0.014058
0 0.197500 0.258201 0.020000 0.014058
0 0.044375 0.486879 0.021250 0.015933
0 0.218750 0.523899 0.020000 0.013121
1 0.256875 0.571696 0.271250 0.176195
1 0.778125 0.729147 0.126250 0.106842
0 0.126875 0.167291 0.081250 0.059044
1 0.565000 0.374883 0.330000 0.108716
0 0.793125 0.127929 0.056250 0.030928
0 0.554375 0.522962 0.071250 0.044986
0 0.443750 0.438144 0.052500 0.042174
0 0.383125 0.247891 0.043750 0.030928
0 0.399375 0.199625 0.048750 0.039363
0 0.558750 0.163543 0.040000 0.032802
0 0.346250 0.223055 0.052500 0.029991
0 0.875000 0.470478 0.027500 0.024367
1 0.829375 0.525773 0.201250 0.191190
0 0.806250 0.733833 0.020000 0.011246
1 0.952500 0.287254 0.072500 0.085286
0 0.588125 0.399250 0.013750 0.016870
0 0.511250 0.334114 0.020000 0.014058
0 0.139375 0.529991 0.016250 0.008435
0 0.148125 0.270384 0.018750 0.014058
1 0.195000 0.875351 0.057500 0.026242
1 0.110000 0.877226 0.170000 0.033739
1 0.177500 0.150890 0.092500 0.029991
