0 0.880325 0.384634 0.133150 0.073066
0 0.211875 0.451828 0.056250 0.028833
0 0.298781 0.592785 0.067562 0.033671
0 0.112500 0.502110 0.062500 0.030942
0 0.974375 0.232068 0.043750 0.028129
0 0.401544 0.614251 0.038087 0.066758
0 0.353750 0.589311 0.037500 0.067511
0 0.855625 0.243671 0.013750 0.007736
0 0.887500 0.239451 0.020000 0.013361
0 0.268125 0.419831 0.016250 0.011252
0 0.739225 0.596709 0.013450 0.011983
0 0.624487 0.638752 0.021475 0.014494
0 0.367944 0.594592 0.005888 0.007750
0 0.368044 0.420088 0.006088 0.004733
0 0.362244 0.414504 0.006987 0.003411
0 0.081819 0.337577 0.016137 0.011301
0 0.051131 0.240520 0.019763 0.005654
0 0.051000 0.236079 0.019500 0.005211
0 0.903356 0.341987 0.014212 0.010274
1 0.896344 0.456368 0.130188 0.113861
1 0.929769 0.587553 0.139537 0.159634
