0 0.893750 0.400492 0.142500 0.078059
0 0.218750 0.440928 0.060000 0.030942
0 0.288125 0.585091 0.071250 0.036568
0 0.113125 0.486990 0.066250 0.033052
0 0.991250 0.251055 0.017500 0.029536
0 0.388125 0.610056 0.046250 0.068214
0 0.343125 0.583685 0.046250 0.068917
0 0.886250 0.258087 0.015000 0.008439
0 0.919375 0.255274 0.021250 0.014065
0 0.278750 0.411041 0.017500 0.011955
0 0.727500 0.606188 0.015000 0.012658
0 0.607500 0.643460 0.022500 0.015471
0 0.356250 0.588959 0.007500 0.007736
0 0.378125 0.415260 0.006250 0.004923
0 0.373750 0.409634 0.007500 0.003516
0 0.102500 0.321730 0.017500 0.011955
0 0.084375 0.223277 0.021250 0.006329
0 0.085000 0.218706 0.020000 0.005626
0 0.922500 0.358650 0.015000 0.011252
1 0.900625 0.472222 0.143750 0.118847
1 0.918750 0.604079 0.160000 0.164557
