0 0.781875 0.896907 0.036250 0.029991
0 0.606250 0.846298 0.042500 0.026242
0 0.582500 0.764761 0.042500 0.026242
0 0.600000 0.696813 0.025000 0.017807
0 0.695000 0.567010 0.025000 0.016870
0 0.883750 0.514058 0.037500 0.029053
0 0.853750 0.600281 0.017500 0.017807
0 0.905625 0.434864 0.013750 0.013121
0 0.539375 0.339738 0.036250 0.021556
0 0.880000 0.258669 0.025000 0.018744
0 0.586875 0.248360 0.036250 0.022493
0 0.625625 0.591846 0.146250 0.105904
0 0.151875 0.311153 0.108750 0.097470
0 0.216875 0.730553 0.123750 0.102156
0 0.274375 0.791940 0.098750 0.084349
0 0.471875 0.430178 0.043750 0.048735
0 0.906875 0.534677 0.028750 0.010309
0 0.714375 0.617151 0.021250 0.012184
0 0.904375 0.416589 0.013750 0.012184
0 0.913125 0.416120 0.011250 0.014995
0 0.914375 0.433927 0.008750 0.013121
0 0.781250 0.411903 0.025000 0.019681
0 0.652500 0.416589 0.015000 0.012184
0 0.416250 0.304124 0.015000 0.010309
0 0.637500 0.253515 0.015000 0.015933
0 0.648750 0.251640 0.015000 0.017807
0 0.811875 0.141987 0.018750 0.014058
0 0.406250 0.135895 0.030000 0.018744
0 0.216250 0.166823 0.022500 0.016870
0 0.245000 0.460169 0.020000 0.011246
0 0.257500 0.463449 0.012500 0.014058
0 0.271250 0.472352 0.017500 0.014995
0 0.268750 0.488285 0.015000 0.014995
0 0.284375 0.484067 0.016250 0.012184
0 0.048125 0.621368 0.023750 0.013121
0 0.411250 0.639644 0.012500 0.012184
0 0.558750 0.800843 0.025000 0.019681
0 0.158750 0.970947 0.017500 0.014995
0 0.271250 0.867385 0.015000 0.012184
0 0.283125 0.868322 0.016250 0.012184
0 0.280625 0.878163 0.016250 0.011246
0 0.331875 0.753983 0.018750 0.012184
0 0.345625 0.749297 0.018750 0.015933
1 0.885625 0.489691 0.143750 0.192127
1 0.791250 0.573571 0.257500 0.112465
1 0.634375 0.686973 0.223750 0.133083
0 0.915000 0.917057 0.017500 0.012184
