0 0.368125 0.411903 0.071250 0.064667
0 0.239375 0.118557 0.033750 0.038425
0 0.178125 0.163543 0.051250 0.045923
0 0.154375 0.452671 0.051250 0.039363
0 0.022500 0.361293 0.045000 0.032802
0 0.175000 0.696813 0.052500 0.027179
0 0.075625 0.627929 0.053750 0.026242
0 0.390625 0.246017 0.053750 0.049672
0 0.360000 0.743674 0.047500 0.036551
0 0.313125 0.772727 0.068750 0.027179
0 0.609375 0.568416 0.033750 0.074039
0 0.070625 0.377226 0.051250 0.030928
0 0.208750 0.561387 0.025000 0.058107
0 0.617500 0.228210 0.022500 0.051546
0 0.136250 0.282099 0.030000 0.035614
0 0.786875 0.098407 0.018750 0.050609
0 0.463125 0.249297 0.028750 0.080600
0 0.720000 0.208060 0.030000 0.078725
0 0.648750 0.513590 0.042500 0.067479
0 0.446250 0.279288 0.022500 0.044986
0 0.156250 0.269916 0.037500 0.024367
0 0.068750 0.259138 0.035000 0.023430
0 0.322500 0.111996 0.017500 0.012184
0 0.209375 0.247423 0.013750 0.009372
0 0.840625 0.106842 0.021250 0.014995
0 0.703125 0.227873 0.016250 0.011509
0 0.008125 0.604967 0.016250 0.021556
0 0.338269 0.577788 0.051537 0.015933
0 0.583125 0.536082 0.021250 0.043112
0 0.621875 0.479850 0.016250 0.014995
0 0.355625 0.373008 0.018750 0.014995
0 0.646525 0.471804 0.033050 0.023271
0 0.760000 0.456420 0.032500 0.024367
0 0.846875 0.447985 0.013750 0.011246
0 0.199375 0.792409 0.023750 0.019681
0 0.353125 0.682755 0.013750 0.008435
0 0.382500 0.766167 0.015000 0.008435
0 0.556250 0.756326 0.015000 0.013121
0 0.311056 0.479410 0.092112 0.049728
1 0.316175 0.431500 0.167350 0.115108
0 0.479856 0.267320 0.007212 0.013552
0 0.628831 0.237034 0.007663 0.014836
0 0.624719 0.466565 0.011938 0.012793
0 0.630412 0.476940 0.008325 0.014799
0 0.668581 0.488871 0.012162 0.016167
0 0.664375 0.478693 0.008750 0.008932
0 0.659294 0.456373 0.018587 0.011153
0 0.668719 0.466767 0.014937 0.011321
0 0.202675 0.597413 0.012850 0.012071
