0 0.630000 0.590440 0.072500 0.065604
0 0.752500 0.885192 0.035000 0.038425
0 0.813750 0.840675 0.052500 0.046860
0 0.845000 0.552484 0.052500 0.040300
0 0.974375 0.644799 0.046250 0.033739
0 0.830000 0.307404 0.052500 0.028116
0 0.928125 0.378163 0.053750 0.027179
0 0.603750 0.755389 0.055000 0.050609
0 0.645625 0.258669 0.048750 0.037488
0 0.693125 0.229616 0.068750 0.028116
0 0.392500 0.430647 0.035000 0.074039
0 0.926250 0.628866 0.052500 0.031865
0 0.793125 0.442362 0.026250 0.058107
0 0.376875 0.770853 0.023750 0.051546
0 0.859375 0.722587 0.031250 0.035614
0 0.203750 0.897844 0.020000 0.050609
0 0.531250 0.751640 0.030000 0.080600
0 0.273125 0.789128 0.031250 0.078725
0 0.351875 0.485005 0.043750 0.068416
0 0.549375 0.721649 0.023750 0.044986
0 0.838750 0.735239 0.037500 0.025305
0 0.926250 0.746485 0.035000 0.023430
0 0.668750 0.890815 0.017500 0.012184
0 0.785625 0.756326 0.013750 0.009372
0 0.150625 0.888472 0.021250 0.014995
0 0.290625 0.769447 0.016250 0.011246
0 0.993125 0.401593 0.013750 0.021556
0 0.664375 0.424555 0.051250 0.016870
0 0.417500 0.462980 0.022500 0.043112
0 0.378125 0.519213 0.016250 0.014995
0 0.641875 0.628866 0.018750 0.014995
0 0.353750 0.526242 0.032500 0.023430
0 0.238750 0.540769 0.032500 0.024367
0 0.151875 0.547329 0.013750 0.011246
0 0.808125 0.211340 0.023750 0.019681
0 0.651875 0.319119 0.013750 0.008435
0 0.623750 0.235708 0.015000 0.008435
0 0.450000 0.243674 0.015000 0.013121
0 0.688125 0.522962 0.093750 0.050609
1 0.681250 0.571228 0.170000 0.117151
0 0.515000 0.732896 0.007500 0.013121
0 0.366250 0.761012 0.007500 0.014995
0 0.375000 0.532334 0.012500 0.013121
0 0.369375 0.521087 0.008750 0.014995
0 0.331250 0.509372 0.012500 0.015933
0 0.335625 0.519213 0.008750 0.009372
0 0.340625 0.541706 0.018750 0.011246
0 0.331250 0.531396 0.015000 0.011246
0 0.800000 0.406279 0.012500 0.012184
