0 0.761875 0.200094 0.016250 0.014058
0 0.821250 0.452671 0.035000 0.026242
0 0.551875 0.298969 0.031250 0.024367
0 0.357500 0.338332 0.020000 0.013121
0 0.391875 0.287723 0.021250 0.022493
0 0.458750 0.658388 0.025000 0.017807
0 0.096875 0.311153 0.108750 0.071228
0 0.918750 0.741331 0.122500 0.089972
1 0.712500 0.568416 0.172500 0.222118
0 0.610000 0.175258 0.082500 0.076851
0 0.466250 0.498126 0.040000 0.032802
0 0.507500 0.409091 0.037500 0.027179
0 0.420625 0.620900 0.043750 0.038425
1 0.682500 0.375351 0.150000 0.208997
0 0.793750 0.154171 0.040000 0.027179
0 0.920625 0.147142 0.031250 0.035614
1 0.570625 0.725398 0.236250 0.159325
1 0.492500 0.711340 0.257500 0.189316
0 0.353125 0.595127 0.023750 0.014995
0 0.220000 0.791003 0.032500 0.035614
0 0.083750 0.859419 0.095000 0.031865
0 0.100000 0.791471 0.010000 0.012184
0 0.130625 0.790534 0.013750 0.014058
0 0.216250 0.664948 0.015000 0.014058
0 0.177500 0.414714 0.020000 0.019681
0 0.208125 0.284442 0.016250 0.017807
0 0.375625 0.142455 0.021250 0.033739
0 0.456875 0.272727 0.021250 0.026242
0 0.457500 0.244611 0.025000 0.028116
0 0.650000 0.132615 0.027500 0.014058
0 0.880625 0.247891 0.008750 0.014058
0 0.892500 0.244611 0.020000 0.026242
0 0.921875 0.185567 0.021250 0.026242
