0 0.636875 0.520150 0.036250 0.028116
0 0.835000 0.778351 0.035000 0.029053
0 0.916250 0.272727 0.042500 0.028116
1 0.940000 0.676195 0.082500 0.137769
0 0.407500 0.529053 0.095000 0.066542
1 0.406250 0.129803 0.265000 0.077788
0 0.336250 0.343955 0.055000 0.052484
0 0.298750 0.538894 0.052500 0.046860
1 0.360625 0.262418 0.301250 0.228679
0 0.706875 0.243674 0.078750 0.044986
0 0.045000 0.318182 0.025000 0.030928
0 0.138750 0.331303 0.037500 0.025305
0 0.108125 0.403936 0.076250 0.071228
0 0.127500 0.416120 0.047500 0.037488
0 0.568125 0.230084 0.088750 0.064667
0 0.525625 0.364574 0.048750 0.043112
0 0.376250 0.411434 0.045000 0.039363
0 0.405625 0.414714 0.058750 0.059044
0 0.345625 0.544517 0.063750 0.043112
0 0.401875 0.261012 0.081250 0.066542
