0 0.362500 0.485942 0.035000 0.027179
0 0.146875 0.236176 0.033750 0.028116
0 0.100625 0.743205 0.041250 0.026242
1 0.048750 0.341143 0.072500 0.136832
0 0.591250 0.467666 0.092500 0.063730
1 0.620625 0.866448 0.263750 0.068416
0 0.675000 0.649953 0.052500 0.051546
0 0.698750 0.454077 0.050000 0.045923
1 0.657500 0.732427 0.290000 0.220244
0 0.311875 0.764761 0.076250 0.043112
0 0.967500 0.663074 0.025000 0.030928
0 0.873125 0.654171 0.036250 0.024367
0 0.898750 0.581068 0.072500 0.069353
0 0.877500 0.570291 0.045000 0.036551
0 0.451875 0.773196 0.086250 0.061856
0 0.484375 0.636832 0.046250 0.042174
0 0.630000 0.584817 0.042500 0.037488
0 0.600625 0.581537 0.056250 0.057170
0 0.651875 0.449859 0.061250 0.041237
0 0.615000 0.734770 0.077500 0.063730
