0 0.341875 0.292877 0.031250 0.021556
0 0.483750 0.234302 0.017500 0.013121
0 0.365000 0.500000 0.030000 0.025305
0 0.330625 0.540769 0.031250 0.026242
0 0.550625 0.872540 0.021250 0.016870
0 0.616250 0.462980 0.155000 0.088097
0 0.658125 0.404405 0.136250 0.066542
0 0.759375 0.369260 0.083750 0.061856
0 0.097500 0.085754 0.057500 0.032802
0 0.435000 0.707123 0.082500 0.074039
0 0.467500 0.766635 0.075000 0.046860
1 0.940625 0.071228 0.118750 0.133083
0 0.476875 0.400187 0.051250 0.048735
0 0.896250 0.441425 0.065000 0.123711
0 0.376875 0.126523 0.043750 0.031865
0 0.263125 0.417526 0.053750 0.034677
0 0.280000 0.459231 0.050000 0.031865
0 0.263125 0.379569 0.051250 0.041237
0 0.349375 0.603561 0.063750 0.058107
0 0.607500 0.540300 0.055000 0.034677
0 0.626250 0.005623 0.040000 0.009372
0 0.335000 0.704311 0.015000 0.010309
0 0.100625 0.798032 0.031250 0.032802
0 0.991875 0.548266 0.013750 0.024367
