0 0.759375 0.360356 0.031250 0.025305
0 0.851875 0.460637 0.018750 0.014058
0 0.485625 0.399250 0.036250 0.024367
0 0.428750 0.378163 0.037500 0.025305
0 0.014375 0.576382 0.016250 0.016870
0 0.562500 0.582943 0.127500 0.121837
0 0.643750 0.607310 0.097500 0.106842
0 0.700625 0.679944 0.088750 0.066542
0 0.219375 0.473290 0.103750 0.067479
0 0.142500 0.503749 0.067500 0.059044
0 0.630000 0.472352 0.067500 0.041237
0 0.619375 0.789597 0.168750 0.057170
0 0.974375 0.369260 0.028750 0.033739
0 0.585000 0.315370 0.050000 0.042174
0 0.532500 0.331771 0.045000 0.039363
0 0.635000 0.311153 0.057500 0.041237
0 0.348125 0.397844 0.081250 0.051546
0 0.457500 0.584817 0.050000 0.043112
0 0.211250 0.398782 0.015000 0.012184
0 0.063125 0.233833 0.046250 0.025305
0 0.488125 0.872071 0.033750 0.012184
