0 0.336812 0.294752 0.031125 0.021556
0 0.477812 0.234536 0.018125 0.013590
0 0.365000 0.501874 0.030000 0.025305
0 0.331950 0.542643 0.031400 0.026242
0 0.559375 0.871603 0.021250 0.016870
0 0.615000 0.461106 0.152500 0.086223
0 0.655000 0.402530 0.135000 0.064667
0 0.756250 0.365979 0.082500 0.060918
0 0.088125 0.090909 0.056250 0.031865
0 0.439375 0.707591 0.081250 0.073102
0 0.473125 0.767104 0.073750 0.045923
1 0.935625 0.065604 0.126250 0.131209
0 0.473750 0.400656 0.050000 0.047798
0 0.894781 0.436490 0.062062 0.123215
0 0.367500 0.127929 0.042500 0.030928
0 0.261250 0.420806 0.052500 0.033739
0 0.279375 0.461575 0.048750 0.030928
0 0.260000 0.382849 0.050000 0.040300
0 0.351250 0.604967 0.062500 0.057170
0 0.608125 0.538894 0.053750 0.033739
0 0.614712 0.004236 0.039425 0.008472
0 0.340313 0.706940 0.015625 0.009944
0 0.107644 0.802844 0.030288 0.033055
0 0.993000 0.541471 0.013500 0.023899
