0 0.787500 0.328022 0.040000 0.026242
0 0.811250 0.461575 0.017500 0.010309
0 0.734375 0.365979 0.026250 0.014058
0 0.635000 0.315839 0.052500 0.020619
0 0.497500 0.182287 0.017500 0.014058
0 0.395625 0.382381 0.021250 0.014995
0 0.517500 0.501874 0.017500 0.012184
0 0.619375 0.577320 0.028750 0.011246
0 0.623125 0.430647 0.028750 0.017807
0 0.435625 0.491097 0.013750 0.009372
0 0.337500 0.447985 0.017500 0.029991
0 0.375000 0.826148 0.035000 0.032802
0 0.186250 0.182755 0.052500 0.018744
0 0.169375 0.870197 0.031250 0.029053
0 0.133125 0.679944 0.031250 0.023430
0 0.276250 0.785380 0.030000 0.028116
0 0.109375 0.737113 0.021250 0.014058
0 0.436875 0.781162 0.088750 0.089035
0 0.296875 0.343018 0.066250 0.088097
0 0.358125 0.187441 0.086250 0.046860
0 0.740625 0.730084 0.061250 0.063730
0 0.236250 0.591846 0.087500 0.115276
0 0.654375 0.284911 0.118750 0.071228
0 0.931875 0.510778 0.051250 0.041237
0 0.990625 0.809747 0.018750 0.056232
0 0.691250 0.336457 0.040000 0.029991
0 0.835000 0.657451 0.042500 0.030928
0 0.717500 0.664011 0.040000 0.027179
0 0.286875 0.628397 0.028750 0.051546
0 0.907500 0.706654 0.150000 0.095595
0 0.020000 0.430178 0.040000 0.050609
0 0.226875 0.704311 0.081250 0.109653
0 0.173125 0.614339 0.086250 0.115276
0 0.498125 0.722118 0.026250 0.047798
0 0.208125 0.458294 0.111250 0.148079
0 0.536875 0.666823 0.038750 0.044049
0 0.325625 0.464855 0.028750 0.071228
0 0.731875 0.358013 0.018750 0.007498
0 0.758750 0.477976 0.010000 0.005623
0 0.750000 0.474227 0.012500 0.007498
0 0.933750 0.463449 0.035000 0.032802
0 0.885000 0.370197 0.040000 0.026242
0 0.863750 0.249766 0.042500 0.027179
0 0.891250 0.172446 0.052500 0.028116
0 0.631250 0.296626 0.052500 0.017807
0 0.689375 0.315370 0.013750 0.008435
0 0.618125 0.263355 0.016250 0.013121
0 0.343750 0.303655 0.062500 0.041237
0 0.347500 0.447516 0.012500 0.019681
0 0.278750 0.431115 0.077500 0.110590
0 0.092500 0.337863 0.075000 0.045923
0 0.044375 0.322868 0.036250 0.068416
0 0.520625 0.860825 0.013750 0.023430
0 0.531875 0.864574 0.011250 0.014058
0 0.574375 0.625586 0.041250 0.030928
0 0.610000 0.775070 0.035000 0.031865
0 0.609375 0.442362 0.033750 0.007498
0 0.603125 0.437676 0.026250 0.007498
0 0.518750 0.544049 0.012500 0.014058
0 0.594375 0.590909 0.018750 0.015933
0 0.598750 0.585754 0.027500 0.016870
0 0.613125 0.571228 0.018750 0.008435
0 0.418750 0.503280 0.007500 0.009372
0 0.426875 0.501406 0.011250 0.011246
