0 0.874375 0.311621 0.153750 0.122774
0 0.340000 0.111528 0.085000 0.073102
0 0.047500 0.118088 0.095000 0.121837
0 0.171250 0.145267 0.082500 0.073102
0 0.308750 0.724461 0.087500 0.091846
0 0.206875 0.356607 0.106250 0.057170
1 0.863125 0.604030 0.148750 0.141518
1 0.882825 0.503838 0.188150 0.119203
0 0.520625 0.295689 0.056250 0.057170
0 0.571250 0.119494 0.202500 0.227741
0 0.230000 0.223993 0.065000 0.059981
0 0.115000 0.434396 0.065000 0.045923
0 0.431250 0.737582 0.047500 0.056232
1 0.513125 0.432990 0.188750 0.133083
0 0.536875 0.424086 0.068750 0.060918
0 0.798750 0.122774 0.032500 0.097470
1 0.881875 0.501406 0.186250 0.118088
1 0.211875 0.505155 0.236250 0.133083
0 0.415625 0.604967 0.043750 0.045923
1 0.459050 0.805661 0.038100 0.115539
1 0.051081 0.312423 0.102163 0.090637
0 0.021875 0.194002 0.043750 0.028116
1 0.323125 0.774602 0.183750 0.167760
0 0.893750 0.889410 0.030000 0.016870
0 0.741250 0.866917 0.032500 0.014995
0 0.933750 0.734302 0.025000 0.014058
0 0.820625 0.886129 0.033750 0.015933
0 0.504625 0.731490 0.019250 0.029053
0 0.505625 0.627929 0.023750 0.020619
0 0.933125 0.804124 0.036250 0.020619
0 0.486875 0.673852 0.016250 0.016870
0 0.465000 0.596532 0.022500 0.023430
0 0.767500 0.755389 0.032500 0.018744
0 0.859519 0.790975 0.024037 0.016813
0 0.006875 0.779756 0.013750 0.018744
0 0.234375 0.504217 0.036250 0.018744
0 0.993750 0.902530 0.010000 0.016870
0 0.782500 0.765698 0.027500 0.024367
0 0.504375 0.849578 0.013750 0.010309
0 0.846656 0.782891 0.030812 0.017516
0 0.527231 0.771153 0.021962 0.016532
0 0.511344 0.789447 0.017688 0.013758
0 0.518162 0.692156 0.018825 0.019738
0 0.425444 0.816378 0.013388 0.011387
0 0.477119 0.886542 0.014238 0.009260
0 0.528188 0.916781 0.011375 0.011631
0 0.414625 0.887184 0.014250 0.010544
0 0.391937 0.903627 0.018875 0.024686
0 0.978931 0.702498 0.042862 0.031050
0 0.506150 0.486092 0.022300 0.012484
0 0.762369 0.390736 0.022238 0.016710
