0 0.724375 0.793814 0.173750 0.123711
0 0.987500 0.404873 0.025000 0.065604
0 0.977500 0.185567 0.045000 0.074977
0 0.971250 0.277413 0.057500 0.065604
0 0.215625 0.341612 0.128750 0.072165
0 0.711875 0.291003 0.083750 0.083411
1 0.336875 0.764292 0.198750 0.120900
1 0.468125 0.786785 0.171250 0.149016
0 0.771250 0.529991 0.080000 0.045923
0 0.920625 0.574508 0.158750 0.159325
0 0.886875 0.317713 0.083750 0.052484
0 0.614375 0.216963 0.066250 0.051546
0 0.189375 0.432052 0.078750 0.039363
1 0.588750 0.514995 0.190000 0.150890
0 0.598125 0.532802 0.086250 0.055295
0 0.947500 0.747423 0.065000 0.027179
1 0.471250 0.785848 0.170000 0.147142
1 0.513125 0.283974 0.193750 0.185567
0 0.366875 0.430178 0.063750 0.035614
1 0.095625 0.448454 0.156250 0.036551
1 0.781250 0.177601 0.127500 0.083411
0 0.941250 0.163543 0.040000 0.034677
1 0.148125 0.349110 0.236250 0.149016
0 0.003125 0.654639 0.006250 0.025305
0 0.158750 0.808341 0.020000 0.019681
0 0.192500 0.487816 0.040000 0.015933
0 0.329375 0.495783 0.028750 0.018744
0 0.065000 0.803187 0.030000 0.028116
0 0.269375 0.477976 0.023750 0.013121
0 0.373750 0.467666 0.032500 0.018744
0 0.141250 0.682755 0.027500 0.025305
0 0.088125 0.748828 0.023750 0.018744
0 0.161875 0.111528 0.026250 0.011246
0 0.513750 0.300843 0.027500 0.028116
0 0.126875 0.692596 0.033750 0.022493
0 0.035000 0.478913 0.015000 0.011246
0 0.099375 0.740394 0.026250 0.024367
0 0.136875 0.501874 0.023750 0.017807
0 0.113750 0.488754 0.020000 0.014058
0 0.243750 0.499531 0.027500 0.014995
0 0.084375 0.422680 0.016250 0.011246
0 0.198125 0.844424 0.043750 0.033739
0 0.518750 0.505623 0.017500 0.017807
0 0.628125 0.704311 0.023750 0.017807
