0 0.503125 0.707123 0.146250 0.098407
0 0.708125 0.451265 0.096250 0.104030
0 0.460625 0.380506 0.088750 0.104967
0 0.475625 0.772259 0.111250 0.093721
0 0.681250 0.605904 0.135000 0.053421
0 0.320625 0.415651 0.143750 0.057170
0 0.719375 0.283505 0.098750 0.059044
0 0.768750 0.172446 0.092500 0.058107
0 0.825000 0.144330 0.087500 0.063730
0 0.250625 0.529991 0.056250 0.042174
0 0.246875 0.434864 0.068750 0.035614
0 0.242500 0.219306 0.052500 0.039363
0 0.396875 0.189784 0.051250 0.038425
0 0.310000 0.924555 0.050000 0.040300
0 0.323125 0.702437 0.191250 0.145267
0 0.317500 0.366448 0.067500 0.029991
0 0.415625 0.894564 0.078750 0.068416
0 0.129375 0.583880 0.053750 0.065604
0 0.379375 0.839738 0.058750 0.048735
0 0.019375 0.556701 0.038750 0.073102
0 0.151875 0.549672 0.043750 0.032802
0 0.406250 0.935801 0.080000 0.047798
0 0.096875 0.401125 0.048750 0.026242
0 0.018750 0.492034 0.037500 0.118088
0 0.051875 0.412840 0.091250 0.055295
0 0.007500 0.950797 0.015000 0.030928
0 0.051250 0.815839 0.032500 0.027179
0 0.073125 0.835989 0.023750 0.020619
0 0.463125 0.343955 0.026250 0.013121
0 0.457500 0.393627 0.025000 0.011246
0 0.081875 0.374414 0.033750 0.017807
0 0.030000 0.413308 0.047500 0.028116
0 0.183125 0.616682 0.021250 0.016870
0 0.281250 0.719775 0.132500 0.106842
0 0.184375 0.981256 0.021250 0.007498
0 0.066250 0.910965 0.050000 0.024367
0 0.066250 0.805061 0.017500 0.014995
0 0.411250 0.097938 0.035000 0.029053
