0 0.226875 0.527648 0.128750 0.108716
0 0.590000 0.649016 0.137500 0.070291
0 0.654375 0.455483 0.138750 0.065604
0 0.137500 0.514527 0.122500 0.082474
0 0.381875 0.648079 0.068750 0.100281
0 0.590625 0.355670 0.073750 0.107779
0 0.813750 0.636364 0.077500 0.073102
0 0.964375 0.659325 0.071250 0.068416
0 0.983750 0.698219 0.032500 0.063730
0 0.431250 0.317713 0.055000 0.041237
0 0.555625 0.303187 0.046250 0.051546
0 0.841875 0.274133 0.051250 0.038425
0 0.898750 0.385192 0.050000 0.037488
0 0.211250 0.392690 0.190000 0.140581
0 0.655625 0.348172 0.038750 0.049672
0 0.345000 0.234302 0.087500 0.039363
0 0.036875 0.452202 0.063750 0.044049
0 0.366250 0.146204 0.097500 0.035614
0 0.391875 0.246954 0.043750 0.032802
0 0.581875 0.187441 0.033750 0.035614
0 0.451875 0.138707 0.156250 0.029991
0 0.561250 0.155576 0.072500 0.067479
0 0.027500 0.204780 0.035000 0.023430
0 0.008750 0.222587 0.017500 0.017807
0 0.702500 0.454077 0.017500 0.019681
0 0.636250 0.455483 0.015000 0.018744
0 0.616250 0.173852 0.022500 0.025305
0 0.557500 0.139175 0.037500 0.034677
0 0.307500 0.278819 0.022500 0.015933
0 0.183750 0.363636 0.140000 0.097470
0 0.043750 0.214620 0.020000 0.013121
