0 0.899931 0.769953 0.069862 0.046948
0 0.755625 0.696244 0.076250 0.044131
1 0.485987 0.540258 0.356975 0.137793
0 0.830000 0.716901 0.087500 0.025352
0 0.045000 0.554930 0.090000 0.037559
0 0.813750 0.816432 0.037500 0.029108
0 0.069163 0.352582 0.043325 0.036620
0 0.855175 0.411188 0.057850 0.033643
0 0.850662 0.239019 0.058825 0.032967
0 0.041250 0.285446 0.042500 0.024413
0 0.478750 0.443192 0.195000 0.088263
0 0.674481 0.742122 0.091463 0.025089
0 0.106213 0.367371 0.037425 0.030516
0 0.906875 0.530047 0.043750 0.029108
0 0.609931 0.241784 0.049863 0.021596
0 0.400000 0.637089 0.197500 0.036620
1 0.168750 0.481690 0.337500 0.131455
0 0.528750 0.625822 0.075000 0.021596
0 0.872012 0.543192 0.049025 0.036620
0 0.013544 0.811972 0.027088 0.042723
0 0.714375 0.526761 0.108750 0.035681
0 0.853994 0.574934 0.087987 0.026864
0 0.790000 0.459887 0.037500 0.104751
0 0.236250 0.113146 0.035000 0.015962
0 0.245000 0.169014 0.020000 0.015023
0 0.303750 0.290610 0.032500 0.012207
0 0.081250 0.275587 0.032500 0.010329
0 0.123125 0.135681 0.021250 0.014085
0 0.413750 0.111268 0.040000 0.014085
0 0.361250 0.152268 0.022500 0.013455
0 0.756250 0.316432 0.032500 0.018779
0 0.779375 0.573709 0.021250 0.009390
0 0.790000 0.582629 0.035000 0.015962
0 0.720450 0.553338 0.023400 0.009962
0 0.550269 0.368070 0.020538 0.011258
0 0.531963 0.335995 0.078925 0.022225
0 0.214869 0.335352 0.049737 0.011549
0 0.296631 0.141944 0.025763 0.009709
0 0.689675 0.536587 0.024350 0.008385
0 0.649569 0.544469 0.019138 0.011005
0 0.637594 0.547728 0.020187 0.008131
0 0.629644 0.554122 0.039288 0.011531
1 0.809938 0.594502 0.339875 0.126094
0 0.848919 0.774282 0.027838 0.008657
0 0.176100 0.542488 0.024700 0.008920
0 0.318987 0.573610 0.022975 0.009192
0 0.373462 0.501958 0.034425 0.010488
0 0.365956 0.492329 0.021913 0.008131
1 0.191144 0.351432 0.154787 0.079390
1 0.070725 0.269972 0.141450 0.072338
