0 0.147500 0.195305 0.077500 0.052582
0 0.278750 0.281690 0.082500 0.050704
1 0.520000 0.461502 0.377500 0.169953
0 0.208125 0.254930 0.091250 0.032864
0 0.956250 0.487324 0.087500 0.045070
0 0.240000 0.156808 0.042500 0.031925
0 0.904375 0.685915 0.048750 0.040376
0 0.132500 0.555399 0.062500 0.038498
0 0.109375 0.727700 0.063750 0.037559
0 0.920625 0.754930 0.046250 0.028169
0 0.512500 0.558685 0.207500 0.105164
0 0.366250 0.244131 0.095000 0.033803
0 0.870000 0.668075 0.042500 0.032864
0 0.101875 0.433333 0.048750 0.032864
0 0.349375 0.745540 0.053750 0.026291
0 0.621250 0.373709 0.202500 0.054460
1 0.823750 0.548357 0.352500 0.161502
0 0.492500 0.372770 0.077500 0.028169
0 0.139375 0.423005 0.053750 0.040376
0 0.291875 0.454460 0.113750 0.045070
0 0.161875 0.392958 0.091250 0.034742
0 0.205625 0.513146 0.053750 0.107981
0 0.698750 0.907981 0.037500 0.018779
0 0.700000 0.851643 0.022500 0.016901
0 0.660625 0.725822 0.033750 0.015023
0 0.879375 0.761502 0.033750 0.013146
0 0.815625 0.897183 0.023750 0.015962
0 0.523750 0.894366 0.042500 0.017840
0 0.581250 0.858216 0.025000 0.015023
0 0.216250 0.658685 0.035000 0.021596
0 0.235000 0.401878 0.022500 0.011268
0 0.226250 0.391549 0.037500 0.018779
0 0.291250 0.426761 0.025000 0.012207
0 0.429375 0.626291 0.021250 0.013146
0 0.441875 0.659624 0.081250 0.029108
0 0.756875 0.689671 0.051250 0.015962
0 0.645000 0.874178 0.027500 0.011268
0 0.317500 0.446479 0.025000 0.010329
0 0.358750 0.442254 0.020000 0.013146
0 0.370625 0.440845 0.021250 0.010329
0 0.381250 0.434742 0.040000 0.015023
1 0.208750 0.378404 0.357500 0.155869
0 0.199375 0.195305 0.028750 0.011268
0 0.828125 0.487324 0.026250 0.011268
0 0.693125 0.444131 0.023750 0.011268
0 0.625625 0.510798 0.036250 0.013146
0 0.631875 0.520657 0.023750 0.010329
1 0.783125 0.676526 0.166250 0.092958
1 0.888750 0.767136 0.152500 0.084507
