0 0.427500 0.350235 0.097500 0.110798
0 0.829375 0.692958 0.136250 0.101408
0 0.605625 0.618310 0.183750 0.087324
0 0.426875 0.626291 0.156250 0.108920
0 0.515000 0.519249 0.197500 0.107042
0 0.719375 0.422535 0.061250 0.043192
0 0.310625 0.709390 0.111250 0.061033
0 0.382500 0.284038 0.057500 0.040376
0 0.279375 0.553521 0.078750 0.079812
0 0.600625 0.434742 0.046250 0.035681
0 0.311875 0.767136 0.098750 0.048826
0 0.357500 0.809390 0.065000 0.045070
0 0.878750 0.503756 0.092500 0.030986
0 0.911250 0.862911 0.072500 0.050704
0 0.798125 0.576995 0.081250 0.034742
0 0.182500 0.833803 0.035000 0.033803
0 0.331250 0.860563 0.035000 0.032864
0 0.794375 0.620657 0.053750 0.035681
0 0.161875 0.502817 0.056250 0.034742
0 0.155000 0.458216 0.115000 0.075117
0 0.174375 0.441784 0.058750 0.042254
0 0.010000 0.752582 0.020000 0.055399
0 0.925625 0.748357 0.043750 0.035681
0 0.045000 0.312676 0.037500 0.035681
0 0.638750 0.565258 0.110000 0.075117
0 0.028750 0.420657 0.045000 0.046948
0 0.092500 0.539437 0.052500 0.066667
0 0.355625 0.576056 0.131250 0.094836
0 0.710625 0.485446 0.046250 0.033803
0 0.718125 0.754460 0.041250 0.036620
0 0.118750 0.542254 0.032500 0.046009
0 0.103125 0.722535 0.051250 0.038498
0 0.795625 0.846948 0.041250 0.037559
0 0.060000 0.573709 0.052500 0.060094
0 0.568125 0.496244 0.153750 0.106103
0 0.748125 0.518310 0.066250 0.022535
0 0.053750 0.608451 0.105000 0.088263
0 0.201250 0.585915 0.045000 0.041315
0 0.424375 0.686854 0.053750 0.077934
0 0.573125 0.698122 0.071250 0.029108
0 0.633750 0.548826 0.037500 0.032864
0 0.138125 0.640845 0.033750 0.042254
0 0.310625 0.832864 0.016250 0.015023
0 0.445000 0.690141 0.020000 0.016901
0 0.379375 0.854460 0.023750 0.016901
0 0.381250 0.843192 0.012500 0.011268
0 0.075000 0.346479 0.035000 0.026291
0 0.106875 0.350704 0.036250 0.025352
0 0.113750 0.328169 0.035000 0.023474
0 0.093125 0.308451 0.036250 0.027230
0 0.193750 0.568545 0.025000 0.017840
0 0.786875 0.311737 0.038750 0.028169
0 0.110625 0.269953 0.036250 0.025352
0 0.039375 0.268075 0.011250 0.027230
0 0.686250 0.778404 0.035000 0.013146
0 0.654375 0.769953 0.036250 0.015023
0 0.669375 0.765728 0.068750 0.023474
0 0.561875 0.706573 0.031250 0.010329
0 0.415000 0.834272 0.042500 0.017840
0 0.457500 0.817840 0.085000 0.067606
0 0.490625 0.799061 0.018750 0.013146
0 0.069375 0.814085 0.033750 0.030047
0 0.038125 0.702817 0.033750 0.029108
0 0.264375 0.614554 0.126250 0.119249
0 0.278750 0.650235 0.017500 0.014085
0 0.239375 0.595775 0.016250 0.014085
0 0.226250 0.550235 0.017500 0.013146
0 0.277500 0.534272 0.010000 0.011268
0 0.388125 0.542723 0.016250 0.009390
0 0.391250 0.510798 0.012500 0.011268
0 0.442500 0.558685 0.020000 0.015023
0 0.487500 0.544601 0.035000 0.018779
0 0.749375 0.505634 0.066250 0.014085
0 0.883125 0.515962 0.018750 0.004695
0 0.633750 0.330986 0.015000 0.008451
0 0.323125 0.426761 0.038750 0.034742
0 0.275000 0.431925 0.042500 0.026291
0 0.305625 0.436620 0.006250 0.005634
0 0.300625 0.433803 0.028750 0.069484
1 0.006250 0.535211 0.012500 0.035681
0 0.995625 0.515493 0.008750 0.016901
0 0.558125 0.473709 0.013750 0.010329
0 0.478125 0.491549 0.013750 0.010329
0 0.399375 0.342723 0.008750 0.007512
0 0.325625 0.697183 0.016250 0.012207
