0 0.652500 0.163074 0.022500 0.014995
0 0.561875 0.229147 0.046250 0.014058
0 0.078125 0.627929 0.036250 0.022493
0 0.020625 0.571696 0.041250 0.022493
0 0.017500 0.463449 0.035000 0.021556
0 0.025000 0.591378 0.027500 0.020619
0 0.046875 0.614808 0.033750 0.020619
0 0.461250 0.473758 0.025000 0.021556
0 0.517500 0.529991 0.030000 0.019681
0 0.751250 0.380520 0.035000 0.013149
0 0.667719 0.515858 0.017937 0.017657
0 0.994375 0.429784 0.011250 0.032952
0 0.163125 0.674789 0.033750 0.016870
0 0.163750 0.744611 0.035000 0.014058
1 0.185619 0.380506 0.273738 0.116214
0 0.930000 0.770005 0.125000 0.062971
1 0.395644 0.467446 0.273788 0.192624
1 0.767244 0.639569 0.336987 0.128247
0 0.080625 0.514527 0.033750 0.043112
0 0.834762 0.205169 0.029525 0.012962
0 0.711444 0.158814 0.020387 0.012099
0 0.769962 0.155872 0.027425 0.011837
0 0.866387 0.149044 0.027775 0.011303
0 0.930387 0.142498 0.018275 0.009456
0 0.989950 0.138880 0.019900 0.009719
0 0.761363 0.548322 0.030225 0.030103
0 0.726481 0.777882 0.087962 0.056232
0 0.043606 0.489766 0.052213 0.038575
0 0.075919 0.549944 0.039337 0.020225
0 0.047762 0.560750 0.040525 0.019344
0 0.020581 0.609991 0.023662 0.022231
0 0.125650 0.663355 0.048800 0.020244
0 0.176669 0.731649 0.020838 0.010628
0 0.165325 0.717081 0.028150 0.013355
0 0.180731 0.705923 0.026463 0.011659
0 0.175631 0.690539 0.013763 0.016504
1 0.590456 0.597099 0.288412 0.122034
0 0.533144 0.226204 0.031288 0.004424
0 0.545131 0.221036 0.017763 0.005333
0 0.368344 0.238983 0.026688 0.003739
