0 0.121638 0.128782 0.033275 0.021387
0 0.245538 0.141570 0.031075 0.016973
0 0.628750 0.291940 0.022500 0.034677
0 0.718125 0.311504 0.013750 0.011949
0 0.706875 0.216026 0.018750 0.017807
0 0.188125 0.563730 0.013750 0.012184
0 0.239375 0.459700 0.013750 0.012184
0 0.156875 0.578257 0.011250 0.009372
0 0.606875 0.355201 0.026250 0.026242
0 0.648125 0.631209 0.013750 0.012184
0 0.712500 0.356607 0.032500 0.019681
0 0.004375 0.795853 0.008750 0.020947
0 0.836250 0.725769 0.015000 0.011987
0 0.706250 0.700094 0.015000 0.011246
0 0.689300 0.790947 0.013600 0.011134
0 0.952462 0.801420 0.014925 0.011462
0 0.919569 0.369475 0.099138 0.066036
0 0.933944 0.452240 0.102888 0.081612
0 0.376587 0.672427 0.083175 0.081500
1 0.086019 0.344555 0.172037 0.138032
0 0.690231 0.537259 0.135463 0.060459
0 0.291344 0.588369 0.077687 0.074583
0 0.223706 0.702142 0.077412 0.075323
0 0.270200 0.796143 0.080400 0.081509
0 0.655200 0.583974 0.110400 0.058294
0 0.901250 0.154639 0.057500 0.044986
0 0.403987 0.820426 0.040475 0.030731
0 0.108125 0.528585 0.031250 0.041237
0 0.977500 0.174789 0.042500 0.032802
0 0.920319 0.532423 0.045637 0.039541
1 0.033731 0.463374 0.067462 0.135745
0 0.457888 0.323322 0.140775 0.097441
0 0.828744 0.194147 0.012488 0.009663
0 0.607019 0.099756 0.009038 0.006448
0 0.487181 0.114578 0.016862 0.006101
0 0.356413 0.129381 0.027825 0.020712
0 0.195331 0.600848 0.013162 0.013318
0 0.845350 0.460525 0.018200 0.013833
0 0.830850 0.461678 0.011700 0.008641
0 0.763481 0.550520 0.014462 0.010131
0 0.771612 0.545305 0.025725 0.010947
0 0.541069 0.547221 0.014638 0.016654
0 0.547094 0.559991 0.019187 0.017826
0 0.878162 0.649133 0.013825 0.012418
0 0.828113 0.781293 0.013725 0.014321
0 0.825025 0.812001 0.015050 0.012006
0 0.121638 0.128782 0.033275 0.021387
0 0.245538 0.141570 0.031075 0.016973
0 0.628750 0.291940 0.022500 0.034677
0 0.718125 0.311504 0.013750 0.011949
0 0.706875 0.216026 0.018750 0.017807
0 0.188125 0.563730 0.013750 0.012184
0 0.239375 0.459700 0.013750 0.012184
0 0.156875 0.578257 0.011250 0.009372
0 0.606875 0.355201 0.026250 0.026242
0 0.648125 0.631209 0.013750 0.012184
0 0.712500 0.356607 0.032500 0.019681
0 0.004375 0.795853 0.008750 0.020947
0 0.836250 0.725769 0.015000 0.011987
0 0.706250 0.700094 0.015000 0.011246
0 0.689300 0.790947 0.013600 0.011134
0 0.952462 0.801420 0.014925 0.011462
0 0.919569 0.369475 0.099138 0.066036
0 0.933944 0.452240 0.102888 0.081612
0 0.376587 0.672427 0.083175 0.081500
1 0.086019 0.344555 0.172037 0.138032
0 0.690231 0.537259 0.135463 0.060459
0 0.291344 0.588369 0.077687 0.074583
0 0.223706 0.702142 0.077412 0.075323
0 0.270200 0.796143 0.080400 0.081509
0 0.655200 0.583974 0.110400 0.058294
0 0.901250 0.154639 0.057500 0.044986
0 0.403987 0.820426 0.040475 0.030731
0 0.108125 0.528585 0.031250 0.041237
0 0.977500 0.174789 0.042500 0.032802
0 0.920319 0.532423 0.045637 0.039541
1 0.033731 0.463374 0.067462 0.135745
0 0.457888 0.323322 0.140775 0.097441
0 0.828744 0.194147 0.012488 0.009663
0 0.607019 0.099756 0.009038 0.006448
0 0.487181 0.114578 0.016862 0.006101
0 0.356413 0.129381 0.027825 0.020712
0 0.195331 0.600848 0.013162 0.013318
0 0.845350 0.460525 0.018200 0.013833
0 0.830850 0.461678 0.011700 0.008641
0 0.763481 0.550520 0.014462 0.010131
0 0.771612 0.545305 0.025725 0.010947
0 0.541069 0.547221 0.014638 0.016654
0 0.547094 0.559991 0.019187 0.017826
0 0.878162 0.649133 0.013825 0.012418
0 0.828113 0.781293 0.013725 0.014321
0 0.825025 0.812001 0.015050 0.012006
