0 0.096250 0.144330 0.035000 0.022493
0 0.221250 0.152296 0.032500 0.017807
0 0.613750 0.287723 0.025000 0.035614
0 0.705000 0.303655 0.015000 0.013121
0 0.687500 0.208997 0.020000 0.018744
0 0.193750 0.576382 0.015000 0.013121
0 0.237500 0.470478 0.015000 0.013121
0 0.162500 0.592315 0.012500 0.009372
0 0.597500 0.350984 0.027500 0.027179
0 0.657500 0.625117 0.015000 0.013121
0 0.703125 0.348641 0.033750 0.020619
0 0.026250 0.815370 0.010000 0.020619
0 0.851875 0.712277 0.016250 0.013121
0 0.719375 0.692127 0.016250 0.012184
0 0.710000 0.783037 0.015000 0.012184
0 0.974375 0.783037 0.016250 0.012184
0 0.910625 0.353327 0.103750 0.069353
0 0.931250 0.435333 0.107500 0.085286
0 0.389375 0.677601 0.088750 0.084349
1 0.083750 0.360825 0.167500 0.144330
0 0.693125 0.529991 0.138750 0.066542
0 0.297500 0.596532 0.082500 0.077788
0 0.238750 0.712746 0.082500 0.077788
0 0.292500 0.804124 0.085000 0.084349
0 0.660625 0.577788 0.113750 0.062793
0 0.877500 0.139644 0.060000 0.046860
0 0.427500 0.824274 0.042500 0.032802
0 0.110625 0.544049 0.033750 0.042174
0 0.955000 0.156982 0.045000 0.034677
0 0.923125 0.516401 0.048750 0.041237
1 0.035000 0.480787 0.070000 0.138707
0 0.446250 0.325211 0.147500 0.103093
0 0.806875 0.182287 0.013750 0.010309
0 0.579375 0.097001 0.008750 0.006560
0 0.460625 0.116214 0.016250 0.007498
0 0.330625 0.135426 0.028750 0.021556
0 0.203750 0.612465 0.015000 0.014058
0 0.842500 0.447985 0.020000 0.014995
0 0.828125 0.448454 0.011250 0.008435
0 0.766875 0.539831 0.016250 0.011246
0 0.773750 0.534677 0.027500 0.012184
0 0.544375 0.544986 0.016250 0.017807
0 0.551250 0.558575 0.020000 0.018744
0 0.887500 0.634489 0.015000 0.013121
0 0.847500 0.768510 0.015000 0.014995
0 0.846875 0.799438 0.016250 0.013121
