0 0.742500 0.182032 0.017500 0.012230
0 0.831875 0.418156 0.018750 0.015992
0 0.844375 0.412982 0.018750 0.015052
0 0.926250 0.666980 0.017500 0.013170
0 0.496250 0.213547 0.025000 0.018815
0 0.569375 0.353246 0.026250 0.015992
0 0.661875 0.518344 0.018750 0.015052
0 0.413125 0.506115 0.021250 0.018815
0 0.375000 0.402634 0.022500 0.016933
0 0.512500 0.447319 0.020000 0.014111
0 0.505000 0.458137 0.020000 0.015052
0 0.306250 0.619003 0.025000 0.018815
0 0.128125 0.672154 0.026250 0.019755
0 0.200000 0.552211 0.022500 0.020696
0 0.125625 0.603951 0.021250 0.016933
0 0.003125 0.442145 0.006250 0.020696
0 0.149375 0.887582 0.033750 0.025400
0 0.231250 0.664628 0.025000 0.015992
0 0.285000 0.877705 0.022500 0.020696
0 0.468750 0.269050 0.105000 0.079022
0 0.064375 0.682502 0.081250 0.113829
0 0.402500 0.692380 0.082500 0.063970
0 0.318750 0.672625 0.085000 0.062088
0 0.141875 0.725306 0.103750 0.071496
0 0.246875 0.707902 0.096250 0.070555
0 0.620000 0.551740 0.045000 0.032926
0 0.341250 0.156162 0.120000 0.047037
0 0.370000 0.428504 0.040000 0.034807
0 0.883125 0.349012 0.048750 0.033866
0 0.550000 0.603951 0.047500 0.033866
0 0.574375 0.586548 0.046250 0.034807
0 0.258750 0.181091 0.067500 0.066792
0 0.591250 0.565851 0.045000 0.032926
0 0.840000 0.833490 0.012500 0.007526
0 0.341875 0.838194 0.021250 0.018815
0 0.357500 0.896049 0.085000 0.019755
0 0.568750 0.201787 0.035000 0.012230
0 0.565000 0.193791 0.032500 0.015052
