0 0.150625 0.756350 0.016250 0.011289
0 0.152500 0.509878 0.017500 0.015052
0 0.137500 0.513170 0.017500 0.014111
0 0.151875 0.251646 0.016250 0.012230
0 0.399375 0.776576 0.023750 0.017874
0 0.380000 0.626529 0.025000 0.015052
0 0.351250 0.450141 0.017500 0.014111
0 0.586250 0.513170 0.020000 0.017874
0 0.585625 0.620414 0.021250 0.015992
0 0.469375 0.548448 0.018750 0.013170
0 0.480625 0.539511 0.018750 0.014111
0 0.730625 0.426623 0.023750 0.017874
0 0.920000 0.412041 0.025000 0.018815
0 0.808125 0.512230 0.021250 0.019755
0 0.898750 0.478363 0.020000 0.015992
0 0.962500 0.659925 0.017500 0.019755
0 0.979375 0.200847 0.031250 0.023518
0 0.819375 0.397930 0.023750 0.015052
0 0.845625 0.182032 0.021250 0.019755
0 0.446875 0.729069 0.098750 0.075259
0 0.973750 0.414393 0.052500 0.111947
0 0.665625 0.336312 0.078750 0.061148
0 0.738125 0.372060 0.081250 0.059266
0 0.926875 0.357949 0.098750 0.066792
0 0.819375 0.353246 0.091250 0.066792
0 0.403750 0.425682 0.042500 0.031044
0 0.527500 0.864534 0.117500 0.041392
0 0.598750 0.596425 0.037500 0.033866
0 0.076875 0.566322 0.046250 0.031985
0 0.490000 0.390405 0.045000 0.031985
0 0.460625 0.401223 0.043750 0.032926
0 0.616250 0.857008 0.062500 0.063970
0 0.436250 0.418156 0.042500 0.031044
0 0.295000 0.109125 0.012500 0.007526
0 0.776250 0.208373 0.020000 0.017874
0 0.782500 0.149106 0.085000 0.015992
0 0.325000 0.772813 0.035000 0.010348
0 0.325625 0.781750 0.031250 0.013170
