0 0.219375 0.316776 0.016250 0.018744
0 0.436250 0.169634 0.030000 0.018744
0 0.473819 0.296575 0.020137 0.025201
0 0.591250 0.242268 0.030000 0.017807
0 0.351250 0.188379 0.030000 0.013121
0 0.351875 0.317713 0.016250 0.016870
0 0.698125 0.291471 0.028750 0.016870
0 0.811875 0.276476 0.021250 0.014995
0 0.878575 0.289363 0.019650 0.008903
0 0.247500 0.606842 0.020000 0.012184
0 0.181875 0.619025 0.026250 0.014058
0 0.212338 0.533365 0.022175 0.026429
0 0.240000 0.464855 0.020000 0.018744
0 0.625000 0.352858 0.030000 0.017807
0 0.353125 0.652338 0.023750 0.011331
0 0.385556 0.514695 0.023613 0.011584
0 0.555875 0.658636 0.021750 0.012680
0 0.509375 0.506092 0.018750 0.009372
0 0.353750 0.540300 0.020000 0.012184
0 0.529269 0.465042 0.018537 0.022868
0 0.791250 0.615276 0.035000 0.025305
0 0.912200 0.378871 0.009400 0.019222
0 0.814375 0.632146 0.036250 0.025305
0 0.786250 0.448922 0.012500 0.018744
0 0.821250 0.542919 0.012500 0.009925
0 0.313125 0.698219 0.023750 0.013121
0 0.126250 0.916120 0.025000 0.014058
0 0.319375 0.764292 0.018750 0.012184
0 0.004375 0.861293 0.008750 0.022493
0 0.304375 0.773664 0.018750 0.014058
0 0.443750 0.785380 0.022500 0.011246
0 0.552500 0.766635 0.027500 0.014995
0 0.635000 0.862231 0.017500 0.014995
0 0.363750 0.893627 0.025000 0.012184
0 0.521875 0.794752 0.026250 0.016870
0 0.586250 0.876757 0.025000 0.015933
0 0.480000 0.698252 0.022500 0.013187
0 0.456806 0.670773 0.018613 0.010712
0 0.910625 0.699625 0.036250 0.023430
0 0.727500 0.758669 0.015000 0.012184
0 0.775000 0.704311 0.012500 0.012184
0 0.806250 0.737582 0.012500 0.011246
0 0.750000 0.685098 0.015000 0.011246
0 0.820625 0.809747 0.013750 0.011246
0 0.884925 0.568964 0.077350 0.062015
0 0.672969 0.648229 0.073438 0.040600
0 0.699375 0.478913 0.068750 0.121837
0 0.645000 0.619025 0.072500 0.044049
0 0.531044 0.211026 0.052088 0.017179
0 0.585781 0.576101 0.124063 0.044424
0 0.526650 0.618674 0.073300 0.028351
0 0.541006 0.604349 0.079512 0.018444
0 0.506387 0.394489 0.020275 0.011097
0 0.485156 0.383552 0.020313 0.011715
0 0.371531 0.341115 0.018062 0.009316
0 0.482219 0.294578 0.019437 0.023083
0 0.259025 0.332788 0.013050 0.018903
0 0.248488 0.333055 0.019475 0.017563
0 0.231388 0.314883 0.015275 0.016832
0 0.159306 0.240843 0.018613 0.009335
0 0.324581 0.190764 0.014162 0.010394
0 0.528763 0.201795 0.042525 0.013711
0 0.878494 0.283796 0.019488 0.009016
0 0.921756 0.378936 0.008512 0.017479
0 0.404700 0.550230 0.019400 0.009550
0 0.429819 0.553833 0.029638 0.046748
0 0.426825 0.571115 0.033650 0.047573
0 0.536050 0.462577 0.019600 0.021687
0 0.255644 0.472338 0.026288 0.033711
0 0.201687 0.534738 0.018375 0.023552
0 0.119581 0.545492 0.116663 0.043187
0 0.109319 0.534953 0.116137 0.042727
0 0.216400 0.507830 0.105300 0.035342
0 0.152731 0.511832 0.220463 0.062090
0 0.106025 0.391082 0.014550 0.013655
0 0.270238 0.624391 0.017975 0.009794
