0 0.622500 0.184507 0.132500 0.111737
0 0.596875 0.600469 0.133750 0.102347
0 0.501875 0.610798 0.123750 0.098592
0 0.549375 0.332394 0.131250 0.105164
0 0.328750 0.328169 0.175000 0.081690
0 0.107500 0.556338 0.120000 0.076056
1 0.317500 0.502817 0.235000 0.192488
0 0.570000 0.396714 0.190000 0.083568
0 0.181250 0.502347 0.080000 0.058216
0 0.721875 0.457746 0.078750 0.061033
0 0.240000 0.777465 0.062500 0.090141
0 0.616875 0.838498 0.066250 0.078873
0 0.087500 0.717840 0.090000 0.132394
0 0.023125 0.726291 0.046250 0.083568
1 0.196250 0.502817 0.287500 0.237559
0 0.931875 0.691549 0.088750 0.057277
0 0.075000 0.307512 0.040000 0.036620
0 0.991250 0.402817 0.017500 0.035681
0 0.705625 0.520657 0.046250 0.032864
0 0.311250 0.800939 0.062500 0.101408
0 0.990000 0.351643 0.020000 0.030986
0 0.921250 0.489202 0.040000 0.043192
0 0.510625 0.737089 0.053750 0.078873
0 0.795000 0.861972 0.040000 0.033803
0 0.825625 0.875587 0.038750 0.036620
0 0.853750 0.633333 0.055000 0.034742
1 0.420000 0.772300 0.135000 0.130516
1 0.360000 0.847418 0.095000 0.044131
0 0.856250 0.176056 0.032500 0.019718
0 0.949375 0.419249 0.028750 0.023474
0 0.955000 0.779343 0.010000 0.016901
0 0.942500 0.735681 0.020000 0.027230
0 0.679375 0.882160 0.018750 0.017840
0 0.722500 0.892019 0.042500 0.016901
0 0.725000 0.407981 0.032500 0.023474
0 0.240625 0.313615 0.033750 0.026291
0 0.511250 0.787793 0.017500 0.024413
0 0.519375 0.741784 0.008750 0.013146
0 0.656875 0.887324 0.023750 0.013146
0 0.792500 0.896244 0.020000 0.014085
0 0.807500 0.900000 0.012500 0.012207
0 0.820625 0.901408 0.021250 0.015023
0 0.838125 0.894836 0.016250 0.013146
1 0.570625 0.176526 0.068750 0.099531
1 0.361875 0.472770 0.121250 0.091080
0 0.373125 0.771831 0.028750 0.043192
1 0.419375 0.790610 0.098750 0.078873
1 0.518125 0.775117 0.161250 0.218779
