0 0.236875 0.612433 0.056250 0.019954
0 0.186875 0.528780 0.036250 0.018419
0 0.100000 0.487721 0.037500 0.016117
0 0.330000 0.727936 0.040000 0.020721
0 0.651250 0.698005 0.030000 0.023791
0 0.283125 0.733308 0.041250 0.026861
0 0.481875 0.719110 0.031250 0.024559
0 0.432500 0.751343 0.040000 0.021489
0 0.620625 0.733308 0.028750 0.020721
0 0.281250 0.821566 0.047500 0.011512
0 0.523750 0.495779 0.040000 0.016884
0 0.459375 0.526094 0.028750 0.017652
0 0.482500 0.534152 0.022500 0.016884
0 0.458750 0.540675 0.027500 0.014582
0 0.467500 0.229087 0.017500 0.011512
0 0.917500 0.745587 0.020000 0.014582
0 0.944375 0.666539 0.018750 0.011512
0 0.816250 0.651957 0.017500 0.014582
0 0.980000 0.637375 0.017500 0.011512
1 0.293750 0.379893 0.197500 0.118189
1 0.906250 0.287797 0.127500 0.107444
0 0.808125 0.602072 0.091250 0.049885
1 0.100625 0.327705 0.201250 0.121259
0 0.120000 0.712586 0.055000 0.045280
0 0.785625 0.707598 0.053750 0.062932
1 0.045000 0.255180 0.090000 0.065234
1 0.614375 0.323101 0.186250 0.110514
0 0.585000 0.597851 0.040000 0.027629
1 0.483125 0.399463 0.191250 0.108212
0 0.551875 0.655027 0.038750 0.028396
0 0.708125 0.555257 0.038750 0.043745
0 0.783750 0.777437 0.052500 0.024559
0 0.589375 0.334996 0.053750 0.049885
1 0.713750 0.235610 0.300000 0.141213
0 0.688125 0.185725 0.016250 0.006140
0 0.101250 0.330775 0.010000 0.010744
0 0.105000 0.303147 0.010000 0.012279
0 0.390625 0.642364 0.048750 0.023024
0 0.439375 0.657713 0.043750 0.024559
0 0.646875 0.793937 0.013750 0.009977
0 0.886875 0.567536 0.021250 0.013047
0 0.448125 0.368764 0.011250 0.005372
