0 0.366875 0.116654 0.036250 0.023024
0 0.313125 0.340752 0.033750 0.035303
0 0.448125 0.308519 0.031250 0.023024
0 0.513750 0.254797 0.027500 0.023024
0 0.126250 0.399847 0.035000 0.024559
0 0.181250 0.595932 0.040000 0.019186
0 0.117500 0.371067 0.045000 0.025326
0 0.144375 0.492709 0.041250 0.019954
0 0.089375 0.462778 0.036250 0.024559
0 0.122500 0.578281 0.035000 0.017652
0 0.507500 0.514965 0.027500 0.024559
0 0.457500 0.475058 0.030000 0.018419
0 0.445000 0.490023 0.027500 0.014582
0 0.433750 0.475058 0.025000 0.016884
0 0.941250 0.475825 0.020000 0.010744
0 0.170000 0.831543 0.022500 0.013047
0 0.106875 0.760553 0.023750 0.012279
0 0.390000 0.865695 0.020000 0.013814
0 0.237500 0.775518 0.020000 0.011512
0 0.259375 0.849962 0.021250 0.011512
0 0.258125 0.696853 0.023750 0.010744
0 0.285000 0.797391 0.020000 0.010744
0 0.152500 0.907137 0.025000 0.013814
1 0.692500 0.371450 0.195000 0.122794
1 0.856250 0.759785 0.182500 0.107444
0 0.340000 0.690714 0.082500 0.056792
0 0.620000 0.155794 0.082500 0.062932
1 0.773750 0.249041 0.200000 0.131236
0 0.825000 0.133538 0.060000 0.033768
0 0.147500 0.270530 0.075000 0.034536
0 0.167500 0.678818 0.102500 0.034536
1 0.890625 0.204912 0.108750 0.079816
1 0.790000 0.566769 0.182500 0.115886
0 0.239375 0.199923 0.063750 0.034536
0 0.343125 0.553338 0.046250 0.024559
1 0.664375 0.487721 0.178750 0.118956
0 0.249375 0.534536 0.046250 0.023791
0 0.483750 0.141980 0.050000 0.029163
0 0.414375 0.628550 0.071250 0.024559
0 0.053750 0.679202 0.040000 0.032233
0 0.770625 0.551804 0.081250 0.033768
1 0.908125 0.626247 0.183750 0.185725
0 0.768750 0.252494 0.017500 0.006140
0 0.815000 0.254029 0.020000 0.006140
0 0.266875 0.434766 0.038750 0.029931
0 0.242500 0.465081 0.040000 0.027629
0 0.108750 0.886032 0.040000 0.023791
0 0.024375 0.594781 0.016250 0.009210
0 0.396875 0.738680 0.021250 0.013047
0 0.713125 0.466232 0.008750 0.006907
