0 0.762500 0.257263 0.092500 0.072165
0 0.740625 0.414714 0.138750 0.126523
0 0.450000 0.659794 0.105000 0.125586
0 0.316875 0.412840 0.063750 0.081537
0 0.635625 0.547798 0.126250 0.117151
0 0.885000 0.556232 0.100000 0.077788
0 0.073125 0.829428 0.038750 0.035614
0 0.956875 0.404405 0.081250 0.130272
0 0.047500 0.679944 0.047500 0.077788
0 0.087500 0.794283 0.037500 0.036551
0 0.110625 0.746017 0.046250 0.035614
0 0.568750 0.731490 0.092500 0.051546
0 0.574375 0.690253 0.066250 0.068416
0 0.171250 0.634958 0.050000 0.034677
0 0.143125 0.495783 0.033750 0.061856
0 0.471250 0.775539 0.085000 0.027179
0 0.980000 0.507029 0.037500 0.067479
0 0.264375 0.317245 0.028750 0.017807
0 0.228750 0.303655 0.017500 0.014995
0 0.241250 0.319119 0.020000 0.015933
0 0.191875 0.305530 0.018750 0.014995
0 0.111250 0.372540 0.025000 0.021556
0 0.262500 0.555764 0.027500 0.022493
0 0.214375 0.591846 0.031250 0.021556
0 0.099375 0.629803 0.023750 0.018744
0 0.040625 0.638238 0.023750 0.020619
0 0.188125 0.654639 0.028750 0.021556
0 0.050625 0.435801 0.023750 0.026242
0 0.320625 0.500469 0.026250 0.026242
0 0.063125 0.391753 0.026250 0.018744
0 0.016250 0.407685 0.032500 0.026242
0 0.127500 0.410965 0.027500 0.019681
0 0.146875 0.456888 0.028750 0.023430
0 0.060000 0.456888 0.017500 0.017807
0 0.163750 0.602156 0.017500 0.015933
0 0.293125 0.575914 0.021250 0.015933
0 0.326019 0.531528 0.022037 0.015258
0 0.236875 0.606373 0.021250 0.016870
0 0.158125 0.386598 0.008750 0.010309
0 0.004375 0.598407 0.008750 0.025305
0 0.165625 0.392690 0.013750 0.013121
0 0.117500 0.497188 0.027500 0.021556
0 0.003125 0.478022 0.006250 0.028210
0 0.445625 0.535145 0.023750 0.018744
0 0.390625 0.504217 0.028750 0.022493
0 0.391250 0.526242 0.020000 0.015933
0 0.356250 0.395970 0.025000 0.027179
0 0.446250 0.556701 0.012500 0.011246
0 0.383750 0.414714 0.020000 0.015933
0 0.482500 0.581757 0.022500 0.014499
0 0.364375 0.383318 0.013750 0.011246
0 0.985000 0.651828 0.027500 0.019681
0 0.050625 0.871134 0.033750 0.027179
0 0.153750 0.691659 0.027500 0.022493
0 0.011875 0.879569 0.023750 0.029053
0 0.118750 0.851921 0.012500 0.009372
0 0.165000 0.875351 0.012500 0.011246
0 0.023125 0.695408 0.011250 0.020619
0 0.179375 0.687441 0.013750 0.008435
0 0.182500 0.680412 0.010000 0.011246
0 0.337144 0.784241 0.011787 0.012718
0 0.366250 0.734770 0.015000 0.013121
0 0.961875 0.827554 0.011250 0.009372
0 0.990000 0.858482 0.017500 0.026242
0 0.983081 0.816879 0.008663 0.010515
0 0.983375 0.828336 0.009250 0.007188
0 0.902262 0.753604 0.014525 0.005801
0 0.649444 0.727671 0.078887 0.060778
0 0.510431 0.712170 0.013362 0.011031
0 0.044406 0.654030 0.021313 0.022212
0 0.399981 0.421373 0.014963 0.008632
0 0.668256 0.631546 0.016512 0.010984
1 0.007412 0.701687 0.014825 0.021931
0 0.763781 0.566092 0.012563 0.009410
