0 0.297500 0.178069 0.025000 0.016870
0 0.458750 0.291471 0.037500 0.029991
0 0.598125 0.256795 0.033750 0.029991
0 0.560000 0.275539 0.035000 0.029991
0 0.350625 0.308810 0.033750 0.021556
0 0.459375 0.229147 0.023750 0.014058
0 0.379375 0.119494 0.023750 0.014058
0 0.768125 0.296626 0.036250 0.029053
1 0.954375 0.543580 0.091250 0.149953
0 0.235000 0.231959 0.085000 0.074039
0 0.935000 0.253046 0.040000 0.033739
1 0.564375 0.184161 0.208750 0.130272
1 0.519375 0.446111 0.136250 0.136832
0 0.309375 0.742268 0.123750 0.086223
0 0.881875 0.258669 0.041250 0.035614
0 0.350625 0.783505 0.126250 0.061856
0 0.655625 0.333646 0.041250 0.039363
0 0.134375 0.598407 0.091250 0.060918
0 0.798750 0.299438 0.050000 0.049672
0 0.450000 0.374883 0.082500 0.058107
0 0.174375 0.096064 0.053750 0.032802
0 0.676875 0.230084 0.038750 0.034677
0 0.041875 0.367854 0.036250 0.038425
0 0.172500 0.640581 0.087500 0.034677
0 0.709375 0.228679 0.038750 0.035614
0 0.881875 0.820525 0.121250 0.062793
0 0.816875 0.785380 0.038750 0.024367
0 0.735000 0.219775 0.030000 0.030928
0 0.463125 0.121837 0.056250 0.016870
0 0.203750 0.151828 0.032500 0.026242
0 0.156250 0.289128 0.037500 0.027179
0 0.082500 0.338800 0.045000 0.029053
0 0.168125 0.485942 0.011250 0.012184
0 0.183125 0.480319 0.016250 0.010309
0 0.203750 0.484536 0.015000 0.009372
0 0.224375 0.487348 0.016250 0.009372
0 0.235625 0.497657 0.013750 0.011246
0 0.201875 0.491565 0.063750 0.015933
0 0.198125 0.667760 0.088750 0.036551
0 0.428125 0.860825 0.041250 0.023430
0 0.630000 0.729616 0.015000 0.012184
0 0.570625 0.517338 0.011250 0.009372
1 0.466250 0.495314 0.077500 0.051546
0 0.366250 0.157919 0.025000 0.019681
