0 0.893125 0.298969 0.018750 0.016870
0 0.768750 0.436739 0.035000 0.024367
0 0.835625 0.534822 0.036250 0.021846
0 0.805625 0.509841 0.036250 0.022493
0 0.728125 0.358950 0.023750 0.022493
0 0.850625 0.426898 0.016250 0.015933
0 0.982500 0.350984 0.015000 0.015933
0 0.810625 0.666790 0.033750 0.023365
1 0.513125 0.875169 0.191250 0.108351
0 0.811875 0.261481 0.088750 0.054358
0 0.893750 0.783037 0.040000 0.025305
1 0.926875 0.498126 0.146250 0.141518
1 0.573750 0.505623 0.167500 0.083411
0 0.151875 0.396439 0.098750 0.082474
0 0.877500 0.745080 0.042500 0.026242
0 0.401169 0.104306 0.064837 0.049288
0 0.103750 0.432990 0.065000 0.088097
0 0.743563 0.588819 0.047125 0.024873
0 0.313750 0.244142 0.070000 0.060918
0 0.811250 0.689316 0.060000 0.030928
0 0.657500 0.443299 0.067500 0.054358
1 0.052306 0.908079 0.104612 0.097320
0 0.981619 0.195351 0.035737 0.036439
0 0.856875 0.857545 0.063750 0.031865
0 0.883125 0.588566 0.041250 0.024367
0 0.603437 0.140244 0.046875 0.021818
0 0.264150 0.278749 0.033300 0.062652
0 0.890044 0.611888 0.042588 0.024152
0 0.138687 0.833224 0.067375 0.086317
0 0.173706 0.778707 0.027412 0.026017
0 0.905250 0.629850 0.038000 0.018838
0 0.993419 0.413388 0.014338 0.041396
0 0.912837 0.225965 0.030675 0.020815
0 0.724381 0.211575 0.031262 0.023899
0 0.647469 0.165117 0.032438 0.030328
0 0.466181 0.251546 0.014863 0.006373
0 0.476756 0.262446 0.011013 0.011303
0 0.473612 0.278730 0.009725 0.010131
0 0.474000 0.293168 0.010500 0.010890
0 0.461919 0.303908 0.013838 0.008004
0 0.464525 0.277362 0.011550 0.046757
0 0.231950 0.302207 0.036400 0.062709
0 0.012962 0.503182 0.025925 0.027919
0 0.217431 0.631626 0.014863 0.009269
0 0.488044 0.554963 0.011087 0.007769
1 0.500750 0.473683 0.059000 0.051396
0 0.929331 0.347113 0.023662 0.015689
