0 0.157727 0.061364 0.042727 0.033636
0 0.127273 0.085909 0.038182 0.037273
0 0.119091 0.123636 0.038182 0.038182
0 0.128636 0.160909 0.051818 0.029091
0 0.194091 0.072727 0.030000 0.034545
0 0.160000 0.096818 0.040000 0.031818
0 0.157727 0.130000 0.046364 0.029091
0 0.171818 0.165455 0.034545 0.036364
0 0.191364 0.107273 0.033636 0.030909
0 0.206818 0.137273 0.042727 0.027273
0 0.217727 0.165909 0.048182 0.037273
0 0.234091 0.067727 0.037273 0.022727
0 0.227727 0.100909 0.031818 0.036364
0 0.264091 0.100000 0.033636 0.036364
0 0.251364 0.140455 0.040909 0.035455
0 0.463182 0.055909 0.057273 0.042727
0 0.421818 0.074545 0.060000 0.043636
0 0.403182 0.117273 0.070000 0.045455
0 0.408182 0.161364 0.050909 0.053636
0 0.476364 0.105455 0.063636 0.043636
0 0.460455 0.162727 0.044545 0.065455
0 0.510455 0.163182 0.046364 0.066364
0 0.521818 0.058182 0.058182 0.041818
0 0.533182 0.100455 0.057273 0.042727
0 0.556364 0.145455 0.061818 0.041818
0 0.702273 0.070455 0.091818 0.064545
0 0.706364 0.130000 0.127273 0.045455
0 0.785455 0.090455 0.069091 0.110000
0 0.869545 0.069091 0.104545 0.060000
0 0.868636 0.125909 0.119091 0.060909
0 0.077727 0.312273 0.084545 0.199091
0 0.219545 0.260000 0.175455 0.112727
0 0.229091 0.361364 0.207273 0.130000
0 0.394091 0.327273 0.157273 0.196364
0 0.443636 0.305455 0.163636 0.196364
0 0.642273 0.341364 0.222727 0.268182
0 0.837727 0.341818 0.262727 0.236364
0 0.138182 0.570909 0.216364 0.276364
0 0.337727 0.554545 0.159091 0.216364
0 0.496818 0.580909 0.219091 0.269091
0 0.788182 0.569091 0.363636 0.189091
0 0.248636 0.829091 0.428182 0.223636
0 0.715909 0.823636 0.506364 0.287273
