0 0.150000 0.067273 0.043636 0.034545
0 0.119545 0.092727 0.039091 0.038182
0 0.113182 0.130455 0.039091 0.039091
0 0.122727 0.166818 0.052727 0.030000
0 0.186364 0.077727 0.030909 0.035455
0 0.153182 0.102727 0.040909 0.032727
0 0.151818 0.135909 0.047273 0.030000
0 0.165909 0.171364 0.035455 0.037273
0 0.184545 0.112273 0.034545 0.031818
0 0.200909 0.142273 0.043636 0.028182
0 0.211818 0.170909 0.049091 0.038182
0 0.225909 0.071818 0.037273 0.023636
0 0.220909 0.105909 0.032727 0.037273
0 0.257273 0.104091 0.034545 0.037273
0 0.244545 0.144545 0.041818 0.036364
0 0.455455 0.056364 0.058182 0.043636
0 0.414091 0.075909 0.060909 0.044545
0 0.396364 0.119545 0.070909 0.046364
0 0.402273 0.163636 0.051818 0.054545
0 0.469545 0.105909 0.064545 0.044545
0 0.454545 0.163182 0.045455 0.066364
0 0.504545 0.163636 0.047273 0.067273
0 0.514091 0.057727 0.059091 0.042727
0 0.526364 0.100000 0.058182 0.043636
0 0.550455 0.144091 0.062727 0.042727
0 0.694545 0.066818 0.092727 0.066364
0 0.699545 0.126364 0.128182 0.047273
0 0.778182 0.085455 0.070909 0.110909
0 0.861818 0.062727 0.105455 0.061818
0 0.861818 0.119545 0.120000 0.062727
0 0.074091 0.319545 0.088182 0.200909
0 0.215909 0.265000 0.177273 0.115455
0 0.226364 0.365909 0.209091 0.133636
0 0.390455 0.328636 0.160909 0.199091
0 0.440000 0.305909 0.167273 0.199091
0 0.639091 0.339545 0.227273 0.271818
0 0.835000 0.335909 0.266364 0.240909
0 0.139545 0.577273 0.220909 0.280000
0 0.338636 0.557727 0.162727 0.219091
0 0.498182 0.580909 0.223636 0.272727
0 0.789091 0.564091 0.367273 0.195455
0 0.255000 0.833636 0.431818 0.230909
0 0.721818 0.820000 0.510909 0.296364
0 0.150000 0.067273 0.043636 0.034545
0 0.119545 0.092727 0.039091 0.038182
0 0.113182 0.130455 0.039091 0.039091
0 0.122727 0.166818 0.052727 0.030000
0 0.186364 0.077727 0.030909 0.035455
0 0.153182 0.102727 0.040909 0.032727
0 0.151818 0.135909 0.047273 0.030000
0 0.165909 0.171364 0.035455 0.037273
0 0.184545 0.112273 0.034545 0.031818
0 0.200909 0.142273 0.043636 0.028182
0 0.211818 0.170909 0.049091 0.038182
0 0.225909 0.071818 0.037273 0.023636
0 0.220909 0.105909 0.032727 0.037273
0 0.257273 0.104091 0.034545 0.037273
0 0.244545 0.144545 0.041818 0.036364
0 0.455455 0.056364 0.058182 0.043636
0 0.414091 0.075909 0.060909 0.044545
0 0.396364 0.119545 0.070909 0.046364
0 0.402273 0.163636 0.051818 0.054545
0 0.469545 0.105909 0.064545 0.044545
0 0.454545 0.163182 0.045455 0.066364
0 0.504545 0.163636 0.047273 0.067273
0 0.514091 0.057727 0.059091 0.042727
0 0.526364 0.100000 0.058182 0.043636
0 0.550455 0.144091 0.062727 0.042727
0 0.694545 0.066818 0.092727 0.066364
0 0.699545 0.126364 0.128182 0.047273
0 0.778182 0.085455 0.070909 0.110909
0 0.861818 0.062727 0.105455 0.061818
0 0.861818 0.119545 0.120000 0.062727
0 0.074091 0.319545 0.088182 0.200909
0 0.215909 0.265000 0.177273 0.115455
0 0.226364 0.365909 0.209091 0.133636
0 0.390455 0.328636 0.160909 0.199091
0 0.440000 0.305909 0.167273 0.199091
0 0.639091 0.339545 0.227273 0.271818
0 0.835000 0.335909 0.266364 0.240909
0 0.139545 0.577273 0.220909 0.280000
0 0.338636 0.557727 0.162727 0.219091
0 0.498182 0.580909 0.223636 0.272727
0 0.789091 0.564091 0.367273 0.195455
0 0.255000 0.833636 0.431818 0.230909
0 0.721818 0.820000 0.510909 0.296364
