0 0.843182 0.939545 0.042727 0.033636
0 0.873636 0.914091 0.038182 0.037273
0 0.880909 0.876364 0.038182 0.038182
0 0.871364 0.840000 0.051818 0.029091
0 0.806818 0.928182 0.030000 0.034545
0 0.840909 0.903182 0.040000 0.031818
0 0.842273 0.870909 0.046364 0.029091
0 0.828182 0.835455 0.034545 0.036364
0 0.808636 0.893636 0.033636 0.030909
0 0.793182 0.862727 0.042727 0.027273
0 0.783182 0.834091 0.048182 0.037273
0 0.766818 0.933182 0.037273 0.022727
0 0.773182 0.900000 0.031818 0.036364
0 0.735909 0.900909 0.033636 0.036364
0 0.749545 0.860455 0.040909 0.035455
0 0.536818 0.945000 0.057273 0.042727
0 0.579091 0.925455 0.060000 0.043636
0 0.597727 0.882727 0.070000 0.045455
0 0.591818 0.838636 0.050909 0.053636
0 0.524545 0.895455 0.063636 0.043636
0 0.540455 0.838182 0.044545 0.065455
0 0.490455 0.836818 0.046364 0.066364
0 0.478182 0.941818 0.058182 0.041818
0 0.467727 0.900455 0.057273 0.042727
0 0.443636 0.855455 0.061818 0.041818
0 0.298636 0.930455 0.091818 0.064545
0 0.294545 0.870000 0.127273 0.045455
0 0.214545 0.910455 0.069091 0.110000
0 0.131364 0.930909 0.104545 0.060000
0 0.131364 0.875000 0.119091 0.060909
0 0.923182 0.687727 0.084545 0.199091
0 0.780455 0.740000 0.175455 0.112727
0 0.771818 0.638636 0.207273 0.130000
0 0.606818 0.673636 0.157273 0.196364
0 0.557273 0.695455 0.163636 0.196364
0 0.358636 0.658636 0.222727 0.268182
0 0.162273 0.659091 0.262727 0.236364
0 0.861818 0.430000 0.216364 0.276364
0 0.662273 0.445455 0.159091 0.216364
0 0.504091 0.420000 0.219091 0.269091
0 0.212727 0.430909 0.363636 0.189091
0 0.751364 0.170909 0.428182 0.223636
0 0.284091 0.177273 0.506364 0.287273
