0 0.786477 0.085447 0.131673 0.098798
0 0.765125 0.002003 0.060498 0.004005
0 0.259786 0.265020 0.131673 0.065421
0 0.064947 0.139519 0.129893 0.158879
0 0.108541 0.017356 0.039146 0.005340
0 0.369217 0.067423 0.055160 0.041389
1 0.445730 0.811749 0.336299 0.267023
1 0.734875 0.561415 0.320285 0.222964
1 0.236655 0.240320 0.298932 0.232310
0 0.917260 0.345794 0.119217 0.077437
0 0.647687 0.339786 0.088968 0.073431
0 0.968861 0.899866 0.062278 0.098798
0 0.419929 0.897196 0.131673 0.085447
0 0.045374 0.604806 0.083630 0.093458
