0 0.617450 0.292000 0.088591 0.053333
0 0.053691 0.151333 0.067114 0.062667
0 0.177181 0.173333 0.045638 0.042667
0 0.047651 0.427333 0.084564 0.078667
0 0.031544 0.598000 0.049664 0.052000
0 0.277181 0.518667 0.060403 0.058667
0 0.345638 0.451333 0.079195 0.065333
0 0.382550 0.575333 0.147651 0.124000
0 0.554362 0.560667 0.174497 0.169333
0 0.291946 0.816000 0.079195 0.090667
0 0.190604 0.768667 0.053691 0.057333
0 0.089933 0.809333 0.107383 0.117333
0 0.571812 0.951333 0.085906 0.097333
0 0.557047 0.839333 0.099329 0.078667
0 0.904698 0.780000 0.083221 0.085333
0 0.725503 0.600000 0.173154 0.157333
0 0.799329 0.386000 0.084564 0.068000
0 0.724161 0.194667 0.138255 0.130667
1 0.257047 0.816000 0.328859 0.309333
1 0.651678 0.165333 0.350336 0.330667
0 0.465772 0.163333 0.120805 0.121333
0 0.428188 0.377333 0.077852 0.088000
