0 0.694631 0.642000 0.044295 0.084000
0 0.783893 0.014667 0.281879 0.029333
0 0.904027 0.103333 0.057718 0.060000
0 0.866443 0.222000 0.038926 0.041333
0 0.627517 0.062667 0.071141 0.077333
0 0.459732 0.026000 0.046980 0.044000
0 0.509396 0.278000 0.052349 0.054667
0 0.568456 0.353333 0.057718 0.072000
0 0.439597 0.376000 0.108725 0.136000
0 0.432886 0.546667 0.154362 0.157333
0 0.210067 0.257333 0.084564 0.069333
0 0.269128 0.162000 0.052349 0.046667
0 0.241611 0.058667 0.107383 0.096000
0 0.017450 0.037333 0.034899 0.037333
0 0.042953 0.515333 0.085906 0.076000
0 0.153691 0.514000 0.068456 0.092000
0 0.171812 0.865333 0.077852 0.074667
0 0.372483 0.710667 0.140940 0.157333
0 0.577852 0.809333 0.060403 0.077333
0 0.778523 0.758667 0.118121 0.125333
1 0.214765 0.222000 0.279195 0.297333
1 0.820134 0.692667 0.308725 0.316000
0 0.842282 0.507333 0.111409 0.108000
0 0.632886 0.444667 0.081879 0.068000
