1 0.751302 0.545833 0.200521 0.375000
1 0.694010 0.989062 0.122396 0.021875
1 0.535807 0.907292 0.209635 0.185417
1 0.707682 0.863021 0.147135 0.251042
1 0.736328 0.686458 0.175781 0.220833
1 0.548177 0.679688 0.221354 0.271875
1 0.520833 0.522917 0.289062 0.277083
1 0.554688 0.332813 0.252604 0.394792
1 0.755208 0.207292 0.169271 0.308333
0 0.942708 0.145833 0.046875 0.052083
0 0.997396 0.253646 0.005208 0.034375
0 0.840495 0.289583 0.233073 0.318750
0 0.989583 0.403646 0.020833 0.038542
0 0.736328 0.548958 0.123698 0.127083
0 0.899089 0.519271 0.048177 0.044792
0 0.966146 0.560937 0.031250 0.034375
0 0.880208 0.628646 0.080729 0.140625
0 0.966797 0.629167 0.053385 0.047917
0 0.796875 0.753125 0.041667 0.081250
0 0.880859 0.730208 0.045573 0.045833
0 0.945964 0.807813 0.032552 0.042708
0 0.858724 0.936979 0.042969 0.057292
0 0.341146 0.958854 0.057292 0.046875
0 0.310547 0.819792 0.066406 0.075000
0 0.159505 0.542708 0.113281 0.154167
0 0.195312 0.519271 0.091146 0.098958
0 0.123698 0.173437 0.080729 0.086458
