1 0.756510 0.517708 0.216146 0.379167
1 0.779297 0.968229 0.123698 0.036458
1 0.606120 0.902083 0.217448 0.195833
1 0.768880 0.836458 0.157552 0.254167
1 0.766276 0.658333 0.183594 0.225000
1 0.579427 0.672917 0.231771 0.277083
1 0.524740 0.519792 0.299479 0.283333
1 0.525391 0.328125 0.269531 0.400000
1 0.701823 0.181771 0.182292 0.311458
0 0.942708 0.028646 0.020833 0.032292
0 0.876302 0.100521 0.049479 0.053125
0 0.958984 0.200521 0.024740 0.034375
0 0.800130 0.253646 0.246094 0.323958
0 0.973307 0.350000 0.029948 0.039583
0 0.742839 0.522396 0.128906 0.130208
0 0.898438 0.475000 0.049479 0.045833
0 0.972005 0.508333 0.032552 0.035417
0 0.898438 0.585417 0.085938 0.141667
0 0.978516 0.575521 0.042969 0.048958
0 0.837891 0.717187 0.045573 0.082292
0 0.917318 0.685937 0.048177 0.046875
0 0.988281 0.754167 0.023438 0.043750
0 0.931641 0.892708 0.045573 0.058333
0 0.421875 0.972917 0.059896 0.047917
0 0.367839 0.837500 0.069010 0.077083
0 0.170573 0.580208 0.119792 0.156250
0 0.202474 0.552604 0.095052 0.101042
0 0.070964 0.218229 0.084635 0.088542
