1 0.786875 0.562324 0.098750 0.069353
1 0.461875 0.517338 0.096250 0.061856
0 0.413125 0.341612 0.083750 0.025305
1 0.304375 0.801781 0.203750 0.162137
0 0.226875 0.594658 0.068750 0.036551
0 0.258125 0.552484 0.053750 0.040300
0 0.315000 0.663543 0.062500 0.061856
0 0.520000 0.755389 0.045000 0.028116
0 0.851875 0.452202 0.071250 0.032802
0 0.708750 0.769447 0.050000 0.033739
0 0.760625 0.816776 0.043750 0.030928
0 0.160625 0.664011 0.051250 0.045923
0 0.543125 0.522962 0.078750 0.037488
0 0.627500 0.576382 0.035000 0.056232
1 0.359375 0.676195 0.093750 0.102156
1 0.728750 0.650422 0.075000 0.101218
0 0.502500 0.451265 0.082500 0.034677
0 0.834081 0.383814 0.040663 0.029110
0 0.533125 0.635895 0.033750 0.042174
0 0.605000 0.477507 0.037500 0.057170
1 0.508750 0.462043 0.220000 0.089972
0 0.922500 0.528116 0.072500 0.040300
0 0.118750 0.654171 0.027500 0.020619
0 0.305625 0.412840 0.026250 0.015933
0 0.147500 0.505623 0.027500 0.021556
0 0.110625 0.524836 0.041250 0.029991
0 0.196875 0.385661 0.026250 0.023430
0 0.296875 0.492034 0.028750 0.016870
0 0.303125 0.521556 0.036250 0.017807
0 0.300000 0.518276 0.037500 0.018744
0 0.506250 0.353327 0.030000 0.020619
0 0.373125 0.600281 0.046250 0.021556
0 0.636250 0.433458 0.030000 0.029053
0 0.388750 0.455014 0.020000 0.029053
0 0.633125 0.371603 0.026250 0.015933
0 0.545000 0.605436 0.022500 0.016870
0 0.546250 0.619494 0.015000 0.011246
0 0.835625 0.355670 0.041250 0.027179
0 0.721250 0.543112 0.025000 0.019681
0 0.750625 0.500937 0.038750 0.029053
0 0.926875 0.351921 0.026250 0.019681
0 0.694375 0.583411 0.026250 0.021556
0 0.741875 0.431584 0.026250 0.015933
0 0.731250 0.372540 0.012500 0.010309
0 0.162500 0.741799 0.017500 0.008435
0 0.187500 0.703374 0.017500 0.006560
0 0.215000 0.734770 0.010000 0.009372
0 0.519375 0.803187 0.041250 0.026242
0 0.704375 0.842081 0.038750 0.014058
0 0.729956 0.676823 0.022412 0.030309
0 0.798800 0.696626 0.097600 0.058669
0 0.814019 0.687395 0.070538 0.073946
0 0.839100 0.667812 0.068200 0.113505
0 0.891319 0.669620 0.080138 0.111500
0 0.897919 0.690825 0.090838 0.067685
0 0.786319 0.644911 0.040137 0.028341
0 0.886162 0.495703 0.044825 0.026082
