0 0.072500 0.388889 0.130000 0.067511
0 0.505625 0.352672 0.178750 0.079466
0 0.598750 0.723277 0.152500 0.106188
0 0.306250 0.539030 0.102500 0.058368
0 0.207500 0.538678 0.095000 0.049226
0 0.825625 0.633263 0.078750 0.038678
0 0.778750 0.593179 0.090000 0.049930
0 0.221875 0.287975 0.093750 0.031646
0 0.743125 0.408228 0.048750 0.030239
0 0.010000 0.480661 0.020000 0.042897
0 0.108125 0.347750 0.086250 0.021800
0 0.038750 0.577707 0.055000 0.028833
0 0.133750 0.607595 0.040000 0.023910
0 0.081875 0.588959 0.043750 0.023207
0 0.108750 0.598101 0.042500 0.024613
0 0.036875 0.224684 0.023750 0.017581
0 0.616875 0.640999 0.038750 0.021800
0 0.216250 0.656118 0.035000 0.023910
0 0.344375 0.754571 0.011250 0.019691
0 0.475625 0.487342 0.028750 0.028129
0 0.528125 0.506329 0.033750 0.025316
0 0.687500 0.432841 0.065000 0.021800
0 0.789375 0.418776 0.021250 0.013361
0 0.636875 0.431435 0.023750 0.013361
0 0.505000 0.228551 0.027500 0.014065
0 0.543750 0.367089 0.020000 0.014065
0 0.642500 0.228903 0.067500 0.011955
0 0.320625 0.377286 0.013750 0.006329
0 0.490000 0.714487 0.040000 0.023910
1 0.383125 0.748242 0.116250 0.063291
1 0.385000 0.736287 0.135000 0.087201
1 0.499375 0.720113 0.131250 0.126582
