0 0.645000 0.246484 0.122500 0.075246
0 0.761875 0.484880 0.143750 0.101969
0 0.119375 0.582630 0.191250 0.087904
0 0.407500 0.396976 0.105000 0.058368
0 0.445000 0.115682 0.132500 0.052743
0 0.396875 0.340717 0.088750 0.054149
0 0.160625 0.151899 0.166250 0.047820
0 0.306250 0.697961 0.070000 0.044304
0 0.370000 0.667370 0.090000 0.052039
0 0.840000 0.318565 0.057500 0.053446
0 0.691875 0.624473 0.053750 0.028129
0 0.473750 0.217651 0.077500 0.026020
0 0.721875 0.810478 0.056250 0.034459
0 0.722500 0.262307 0.040000 0.049226
0 0.307500 0.252110 0.052500 0.031646
0 0.266250 0.308720 0.042500 0.022504
0 0.293125 0.277426 0.041250 0.024613
0 0.192500 0.217300 0.055000 0.023910
0 0.279375 0.293249 0.043750 0.023910
0 0.655000 0.142757 0.052500 0.019691
0 0.928750 0.194796 0.035000 0.039381
0 0.951875 0.182489 0.021250 0.035865
0 0.946250 0.116385 0.012500 0.017581
0 0.266250 0.582630 0.040000 0.021800
0 0.190625 0.360759 0.043750 0.019691
0 0.032500 0.443741 0.035000 0.007032
0 0.520000 0.485232 0.050000 0.016878
0 0.493125 0.516526 0.046250 0.018987
0 0.641875 0.596695 0.038750 0.037271
0 0.679375 0.651547 0.023750 0.011955
0 0.638125 0.567862 0.023750 0.013361
0 0.980000 0.469761 0.025000 0.015471
0 0.740000 0.507736 0.025000 0.011252
0 0.991875 0.546414 0.016250 0.037975
0 0.695625 0.384669 0.011250 0.008439
0 0.208750 0.836850 0.050000 0.028129
0 0.668750 0.811181 0.022500 0.010549
0 0.121250 0.521097 0.042500 0.022504
1 0.051875 0.464487 0.103750 0.066807
1 0.073750 0.464135 0.147500 0.077356
1 0.112500 0.526723 0.225000 0.075949
0 0.645000 0.246484 0.122500 0.075246
0 0.761875 0.484880 0.143750 0.101969
0 0.119375 0.582630 0.191250 0.087904
0 0.407500 0.396976 0.105000 0.058368
0 0.445000 0.115682 0.132500 0.052743
0 0.396875 0.340717 0.088750 0.054149
0 0.160625 0.151899 0.166250 0.047820
0 0.306250 0.697961 0.070000 0.044304
0 0.370000 0.667370 0.090000 0.052039
0 0.840000 0.318565 0.057500 0.053446
0 0.691875 0.624473 0.053750 0.028129
0 0.473750 0.217651 0.077500 0.026020
0 0.721875 0.810478 0.056250 0.034459
0 0.722500 0.262307 0.040000 0.049226
0 0.307500 0.252110 0.052500 0.031646
0 0.266250 0.308720 0.042500 0.022504
0 0.293125 0.277426 0.041250 0.024613
0 0.192500 0.217300 0.055000 0.023910
0 0.279375 0.293249 0.043750 0.023910
0 0.655000 0.142757 0.052500 0.019691
0 0.928750 0.194796 0.035000 0.039381
0 0.951875 0.182489 0.021250 0.035865
0 0.946250 0.116385 0.012500 0.017581
0 0.266250 0.582630 0.040000 0.021800
0 0.190625 0.360759 0.043750 0.019691
0 0.032500 0.443741 0.035000 0.007032
0 0.520000 0.485232 0.050000 0.016878
0 0.493125 0.516526 0.046250 0.018987
0 0.641875 0.596695 0.038750 0.037271
0 0.679375 0.651547 0.023750 0.011955
0 0.638125 0.567862 0.023750 0.013361
0 0.980000 0.469761 0.025000 0.015471
0 0.740000 0.507736 0.025000 0.011252
0 0.991875 0.546414 0.016250 0.037975
0 0.695625 0.384669 0.011250 0.008439
0 0.208750 0.836850 0.050000 0.028129
0 0.668750 0.811181 0.022500 0.010549
0 0.121250 0.521097 0.042500 0.022504
1 0.051875 0.464487 0.103750 0.066807
1 0.073750 0.464135 0.147500 0.077356
1 0.112500 0.526723 0.225000 0.075949
