0 0.675625 0.252813 0.113750 0.071027
0 0.762500 0.495077 0.132500 0.097046
0 0.109375 0.567159 0.181250 0.080872
0 0.420625 0.393108 0.098750 0.054852
0 0.492500 0.113924 0.127500 0.047820
0 0.416250 0.337201 0.082500 0.051336
0 0.204375 0.139592 0.161250 0.041491
0 0.281250 0.689873 0.065000 0.042194
0 0.349375 0.661392 0.083750 0.048523
0 0.861875 0.332278 0.051250 0.051336
0 0.675625 0.631857 0.051250 0.026020
0 0.508750 0.216948 0.075000 0.023207
0 0.682500 0.818565 0.052500 0.032349
0 0.750625 0.271449 0.033750 0.047820
0 0.338125 0.244726 0.048750 0.029536
0 0.290000 0.299578 0.040000 0.021097
0 0.320531 0.269691 0.038562 0.023207
0 0.227500 0.205696 0.052500 0.021800
0 0.305625 0.284810 0.041250 0.022504
0 0.698750 0.149437 0.050000 0.017581
0 0.965000 0.212377 0.030000 0.037975
0 0.990000 0.201125 0.017500 0.035162
0 0.992500 0.134669 0.010000 0.017581
0 0.256250 0.572785 0.037500 0.020394
0 0.208125 0.348805 0.041250 0.018284
0 0.040000 0.425457 0.035000 0.005626
0 0.521875 0.485584 0.048750 0.014768
0 0.490625 0.515823 0.043750 0.017581
0 0.628750 0.601617 0.035000 0.035865
0 0.659894 0.658228 0.022287 0.011252
0 0.628750 0.573136 0.022500 0.012658
0 0.981875 0.488397 0.023750 0.014768
0 0.738125 0.517229 0.023750 0.010549
0 0.988750 0.565752 0.017500 0.037271
0 0.708750 0.392757 0.010000 0.007736
0 0.167500 0.824543 0.047500 0.026020
0 0.629375 0.817159 0.021250 0.009845
0 0.118688 0.505464 0.039875 0.020774
1 0.053394 0.447032 0.106788 0.062841
1 0.074631 0.447257 0.149262 0.071730
1 0.109331 0.511399 0.218663 0.067806
