0 0.045685 0.487548 0.013536 0.015326
0 0.024112 0.204502 0.048223 0.035441
0 0.088832 0.185824 0.032149 0.036398
0 0.109560 0.164272 0.024535 0.035441
0 0.117597 0.193008 0.008460 0.023946
0 0.115482 0.262931 0.004230 0.010536
0 0.035956 0.274904 0.049915 0.063218
0 0.017343 0.318966 0.034687 0.038314
0 0.038494 0.363985 0.076988 0.065134
0 0.105753 0.354406 0.010152 0.011494
0 0.125635 0.376916 0.024535 0.022031
0 0.101946 0.405651 0.022843 0.031609
0 0.113790 0.400862 0.014382 0.022031
0 0.117597 0.428161 0.020305 0.044061
0 0.123096 0.459770 0.004230 0.005747
0 0.010152 0.468391 0.020305 0.057471
0 0.062606 0.481322 0.011844 0.016284
0 0.073604 0.607759 0.028765 0.031609
0 0.101946 0.587165 0.029611 0.053640
0 0.123942 0.624042 0.016074 0.016284
0 0.131980 0.611111 0.023689 0.015326
0 0.122673 0.637452 0.042301 0.046935
0 0.108291 0.695881 0.020305 0.066092
0 0.126481 0.677682 0.024535 0.025862
0 0.099408 0.744732 0.031303 0.066092
0 0.109137 0.808429 0.016920 0.032567
0 0.071066 0.850096 0.042301 0.045019
0 0.295262 0.762452 0.006768 0.009579
0 0.255076 0.715038 0.019459 0.022031
0 0.293570 0.691092 0.006768 0.006705
0 0.263536 0.625000 0.046531 0.069923
0 0.178088 0.617816 0.026227 0.028736
0 0.232234 0.552203 0.010998 0.010536
0 0.285110 0.500958 0.016920 0.021073
0 0.302030 0.422893 0.043993 0.060345
0 0.291878 0.463602 0.043993 0.055556
0 0.318951 0.354885 0.015228 0.022031
0 0.245770 0.313218 0.016074 0.021073
0 0.297377 0.281130 0.014382 0.023946
0 0.264805 0.430077 0.015228 0.015326
0 0.207699 0.408525 0.014382 0.022031
0 0.186125 0.298372 0.008460 0.012452
0 0.176819 0.291667 0.010152 0.012452
0 0.172589 0.395594 0.018613 0.021073
0 0.199239 0.260057 0.017766 0.022031
0 0.257614 0.272031 0.012690 0.026820
0 0.282572 0.236590 0.013536 0.015326
0 0.225042 0.223180 0.015228 0.011494
0 0.180626 0.212644 0.019459 0.021073
0 0.388325 0.617816 0.008460 0.009579
0 0.395939 0.675766 0.006768 0.008621
0 0.405245 0.741858 0.008460 0.008621
0 0.598985 0.768678 0.035533 0.046935
0 0.659475 0.694923 0.041455 0.041188
0 0.530880 0.661398 0.026227 0.033525
0 0.500846 0.697318 0.027073 0.042146
0 0.466582 0.627874 0.024535 0.071839
0 0.496616 0.600575 0.028765 0.040230
0 0.440355 0.551245 0.022843 0.069923
0 0.446277 0.470785 0.022843 0.069923
0 0.459814 0.376916 0.032995 0.037356
0 0.525804 0.357759 0.032995 0.022031
0 0.577411 0.324234 0.012690 0.018199
0 0.582487 0.388410 0.087140 0.131226
0 0.683587 0.398467 0.118443 0.128352
0 0.554569 0.203065 0.012690 0.032567
0 0.530457 0.052203 0.101523 0.104406
0 0.616751 0.013410 0.032149 0.026820
0 0.703892 0.044061 0.060914 0.088123
0 0.774112 0.050766 0.035533 0.044061
0 0.808376 0.179598 0.038071 0.035441
0 0.901861 0.223180 0.064298 0.068966
0 0.880711 0.516762 0.104907 0.117816
0 0.748731 0.528736 0.067682 0.103448
0 0.817682 0.609195 0.031303 0.045977
0 0.876481 0.632184 0.037225 0.045977
0 0.719120 0.632184 0.052453 0.061303
0 0.835448 0.834770 0.021151 0.025862
0 0.923858 0.848180 0.025381 0.039272
0 0.815144 0.895115 0.027919 0.045019
1 0.854061 0.512931 0.176819 0.213602
1 0.639171 0.304598 0.114213 0.118774
1 0.685702 0.370211 0.252961 0.384100
1 0.312183 0.598659 0.081218 0.116858
1 0.200508 0.586686 0.137056 0.135057
1 0.126904 0.675766 0.045685 0.045019
1 0.043993 0.502395 0.087986 0.113985
1 0.221658 0.422893 0.096447 0.077586
1 0.183164 0.436782 0.065144 0.068966
1 0.098562 0.379310 0.058376 0.103448
