0 0.785110 0.040230 0.032149 0.036398
0 0.803299 0.063697 0.031303 0.027778
0 0.777919 0.072797 0.021151 0.009579
0 0.716159 0.068966 0.009306 0.003831
0 0.631980 0.011494 0.049069 0.022989
0 0.635364 0.056513 0.010152 0.011494
0 0.616328 0.078544 0.019459 0.026820
0 0.590948 0.051724 0.027919 0.024904
0 0.595178 0.065134 0.019459 0.015326
0 0.570220 0.068487 0.038917 0.022031
0 0.541878 0.074234 0.004230 0.004789
0 0.524535 0.005747 0.013536 0.011494
0 0.413283 0.018678 0.026227 0.023946
0 0.430626 0.047893 0.047377 0.032567
0 0.397208 0.072318 0.014382 0.018199
0 0.408629 0.081897 0.013536 0.025862
0 0.385787 0.070402 0.040609 0.046935
0 0.333756 0.053161 0.058376 0.022031
0 0.349831 0.074234 0.022843 0.027778
0 0.291455 0.042146 0.058376 0.034483
0 0.235195 0.051724 0.028765 0.019157
0 0.272420 0.263410 0.008460 0.007663
0 0.314721 0.218391 0.018613 0.021073
0 0.335448 0.262452 0.005922 0.007663
0 0.393401 0.229885 0.060914 0.051724
0 0.401438 0.133621 0.024535 0.029693
0 0.459391 0.195881 0.008460 0.012452
0 0.503384 0.256226 0.018613 0.018199
0 0.571912 0.277778 0.052453 0.049808
0 0.535956 0.264847 0.048223 0.048851
0 0.632403 0.297414 0.019459 0.016284
0 0.670051 0.215517 0.018613 0.017241
0 0.697547 0.274425 0.021151 0.016284
0 0.566836 0.234674 0.013536 0.017241
0 0.586717 0.170498 0.019459 0.015326
0 0.684010 0.147989 0.010998 0.008621
0 0.689932 0.138410 0.010998 0.010536
0 0.598985 0.131705 0.018613 0.020115
0 0.717851 0.163793 0.019459 0.019157
0 0.706430 0.228927 0.023689 0.013410
0 0.736887 0.258621 0.013536 0.015326
0 0.749577 0.193487 0.010152 0.017241
0 0.759306 0.144157 0.017766 0.022031
0 0.398477 0.370690 0.008460 0.009579
0 0.347293 0.378352 0.007614 0.007663
0 0.288071 0.388889 0.007614 0.009579
0 0.261421 0.607759 0.040609 0.039272
0 0.325719 0.677203 0.035533 0.045977
0 0.357445 0.532088 0.029611 0.029693
0 0.325719 0.497126 0.037225 0.030651
0 0.387902 0.460728 0.063452 0.026820
0 0.411591 0.494732 0.034687 0.031609
0 0.456430 0.431992 0.061760 0.024904
0 0.526650 0.439655 0.061760 0.024904
0 0.609560 0.456897 0.032995 0.036398
0 0.625212 0.532088 0.018613 0.037356
0 0.654822 0.590517 0.015228 0.014368
0 0.598139 0.595307 0.115059 0.096743
0 0.587140 0.709770 0.111675 0.132184
0 0.762267 0.567529 0.028765 0.014368
0 0.901861 0.543103 0.104907 0.113027
0 0.937394 0.641284 0.042301 0.035441
0 0.963621 0.707854 0.011844 0.044061
0 0.900592 0.738985 0.078680 0.068008
0 0.968274 0.870211 0.022843 0.031609
0 0.892978 0.818008 0.038071 0.040230
0 0.777919 0.854885 0.031303 0.043103
0 0.736041 0.948755 0.057530 0.050766
0 0.478849 0.931034 0.103215 0.116858
0 0.470812 0.781130 0.090525 0.075670
0 0.398900 0.857280 0.039763 0.034483
0 0.376904 0.923851 0.039763 0.041188
0 0.380288 0.745211 0.053299 0.059387
0 0.198393 0.874042 0.022843 0.023946
0 0.185702 0.973659 0.034687 0.027778
0 0.145939 0.849617 0.039763 0.030651
1 0.483080 0.900383 0.186125 0.197318
1 0.670897 0.661398 0.103215 0.127395
1 0.611675 0.713123 0.336717 0.280651
1 0.416667 0.286398 0.102369 0.090038
1 0.429357 0.159004 0.117597 0.153257
1 0.351523 0.074713 0.039763 0.051724
1 0.508460 0.016284 0.093063 0.032567
1 0.573181 0.186303 0.066836 0.108238
1 0.562183 0.142720 0.060068 0.072797
1 0.613790 0.047414 0.090525 0.064176
