1 0.889375 0.313964 0.111250 0.170572
1 0.476250 0.743674 0.232500 0.115276
1 0.795625 0.628866 0.326250 0.275539
1 0.917500 0.743674 0.165000 0.203374
0 0.494375 0.551546 0.058750 0.038425
0 0.477500 0.597470 0.100000 0.059044
0 0.585000 0.440956 0.110000 0.098407
0 0.332500 0.415651 0.045000 0.029053
0 0.218125 0.492971 0.043750 0.028116
1 0.585000 0.656045 0.330000 0.193065
0 0.650000 0.462043 0.047500 0.041237
1 0.853125 0.808810 0.211250 0.133083
0 0.015625 0.173383 0.031250 0.050609
0 0.501875 0.340206 0.076250 0.067479
0 0.055625 0.599813 0.043750 0.026242
0 0.678125 0.713683 0.063750 0.036551
0 0.014375 0.308810 0.028750 0.029053
0 0.526250 0.740862 0.115000 0.038425
0 0.617500 0.269916 0.017500 0.074977
0 0.253125 0.330834 0.103750 0.014995
1 0.906250 0.670572 0.065000 0.044049
0 0.643750 0.716026 0.060000 0.043112
0 0.053750 0.686973 0.017500 0.016870
0 0.202500 0.625586 0.030000 0.019681
0 0.038125 0.686504 0.016250 0.017807
0 0.238750 0.670103 0.015000 0.011246
0 0.195000 0.532802 0.030000 0.019681
0 0.180625 0.556701 0.016250 0.026242
0 0.166875 0.557170 0.016250 0.019681
0 0.213750 0.611059 0.025000 0.011246
0 0.414375 0.807404 0.023750 0.019681
0 0.570625 0.871134 0.026250 0.008435
0 0.294375 0.635895 0.016250 0.012184
0 0.533125 0.864105 0.018750 0.009372
0 0.552500 0.856139 0.015000 0.006560
0 0.442500 0.592315 0.027500 0.013121
0 0.641875 0.158857 0.018750 0.029053
0 0.575000 0.217432 0.020000 0.016870
0 0.652500 0.367385 0.012500 0.009372
0 0.919375 0.796626 0.033750 0.024367
0 0.895625 0.817713 0.023750 0.017807
0 0.876875 0.592784 0.031250 0.023430
0 0.763750 0.529522 0.030000 0.022493
0 0.895000 0.450797 0.017500 0.013121
0 0.988125 0.412840 0.008750 0.006560
0 0.569375 0.401593 0.073750 0.062793
0 0.593750 0.219306 0.012500 0.014995
0 0.841875 0.242737 0.011250 0.009372
0 0.933125 0.128397 0.016250 0.005623
0 0.500000 0.849110 0.012500 0.009372
0 0.487500 0.843486 0.012500 0.003749
0 0.511875 0.871134 0.008750 0.008435
0 0.335625 0.456888 0.016250 0.012184
0 0.197500 0.335052 0.015000 0.014058
0 0.210625 0.320525 0.023750 0.009372
0 0.397500 0.232896 0.020000 0.019681
0 0.398750 0.203374 0.012500 0.039363
0 0.413125 0.220712 0.013750 0.038425
