0 0.172500 0.669484 0.100000 0.071362
0 0.181875 0.591080 0.113750 0.076056
0 0.590625 0.194836 0.108750 0.074178
0 0.425625 0.885446 0.101250 0.075117
0 0.212500 0.530986 0.092500 0.066667
1 0.304375 0.221596 0.168750 0.146479
0 0.735000 0.733803 0.077500 0.059155
0 0.430000 0.446948 0.037500 0.037559
0 0.741250 0.924883 0.107500 0.058216
0 0.618750 0.904225 0.040000 0.035681
0 0.678750 0.357746 0.050000 0.045070
0 0.503750 0.159155 0.045000 0.040376
0 0.313750 0.630986 0.050000 0.037559
1 0.369375 0.146948 0.251250 0.213146
0 0.844375 0.718310 0.038750 0.026291
0 0.837500 0.807512 0.040000 0.031925
0 0.410000 0.623474 0.050000 0.067606
0 0.451875 0.690610 0.076250 0.130516
0 0.208125 0.711268 0.053750 0.030986
1 0.771875 0.467606 0.303750 0.146479
0 0.405000 0.578873 0.040000 0.047887
0 0.704375 0.776995 0.041250 0.061033
0 0.393750 0.170423 0.040000 0.030986
0 0.284375 0.595305 0.063750 0.030047
0 0.966250 0.574178 0.052500 0.032864
0 0.583750 0.736620 0.052500 0.081690
0 0.861250 0.447887 0.062500 0.041315
0 0.992500 0.304225 0.015000 0.039437
0 0.022500 0.467136 0.045000 0.139906
0 0.250625 0.375117 0.033750 0.062911
0 0.923125 0.429108 0.046250 0.039437
0 0.735000 0.623474 0.080000 0.041315
0 0.714375 0.537089 0.186250 0.080751
0 0.569375 0.803286 0.043750 0.077934
0 0.298750 0.564319 0.045000 0.050704
0 0.332500 0.556338 0.047500 0.038498
0 0.905625 0.892958 0.013750 0.016901
0 0.368750 0.794366 0.030000 0.011268
0 0.301875 0.771362 0.026250 0.017840
0 0.226250 0.700000 0.020000 0.015962
0 0.776875 0.602347 0.031250 0.023474
0 0.852500 0.636620 0.035000 0.022535
0 0.820625 0.558216 0.036250 0.021596
0 0.995000 0.359624 0.010000 0.011268
0 0.984375 0.555399 0.026250 0.023474
0 0.561250 0.452582 0.020000 0.015023
0 0.283750 0.400000 0.025000 0.015023
0 0.658125 0.307512 0.038750 0.025352
0 0.267500 0.234742 0.015000 0.015023
0 0.984375 0.500000 0.031250 0.036620
0 0.956250 0.523005 0.052500 0.033803
0 0.531875 0.707512 0.021250 0.062911
0 0.548750 0.720657 0.025000 0.051643
0 0.458125 0.684038 0.033750 0.053521
0 0.323125 0.557746 0.013750 0.018779
0 0.300625 0.569953 0.021250 0.011268
0 0.261875 0.435211 0.026250 0.062911
0 0.258750 0.189202 0.070000 0.057277
0 0.325000 0.094836 0.087500 0.052582
0 0.770625 0.237089 0.013750 0.008451
0 0.896875 0.403756 0.031250 0.022535
0 0.635625 0.482629 0.023750 0.011268
0 0.654375 0.491549 0.023750 0.014085
0 0.685000 0.575117 0.135000 0.059155
