0 0.138750 0.649016 0.102500 0.090909
1 0.486250 0.514058 0.150000 0.124649
0 0.631875 0.715558 0.128750 0.096532
1 0.770625 0.434864 0.161250 0.131209
1 0.376875 0.330834 0.148750 0.118088
1 0.624375 0.478444 0.156250 0.126523
0 0.513750 0.238051 0.095000 0.088097
0 0.309375 0.207591 0.101250 0.074039
0 0.747500 0.654171 0.115000 0.080600
0 0.696875 0.690722 0.136250 0.091846
0 0.707500 0.285848 0.060000 0.043112
0 0.249375 0.392221 0.116250 0.070291
0 0.083125 0.207123 0.053750 0.050609
0 0.813750 0.855670 0.090000 0.104967
0 0.913125 0.704311 0.106250 0.074039
0 0.756250 0.358950 0.060000 0.043112
0 0.629375 0.532334 0.061250 0.043112
0 0.826250 0.680881 0.050000 0.042174
0 0.660000 0.216026 0.055000 0.034677
0 0.357500 0.411903 0.047500 0.036551
0 0.936875 0.240862 0.116250 0.059981
0 0.300625 0.441893 0.041250 0.030928
0 0.210625 0.201968 0.063750 0.030928
1 0.366250 0.567479 0.072500 0.077788
0 0.061250 0.269447 0.040000 0.059044
0 0.068125 0.326148 0.046250 0.044986
0 0.300625 0.442830 0.041250 0.030928
0 0.176250 0.358950 0.015000 0.013121
0 0.285000 0.249766 0.037500 0.025305
0 0.092500 0.248828 0.030000 0.025305
0 0.200625 0.282568 0.023750 0.019681
0 0.445000 0.293346 0.032500 0.022493
0 0.385625 0.364574 0.026250 0.016870
0 0.337500 0.439082 0.017500 0.012184
0 0.076250 0.434864 0.020000 0.018744
0 0.158125 0.228210 0.031250 0.025305
0 0.656250 0.336457 0.027500 0.022493
0 0.595000 0.422212 0.025000 0.015933
0 0.838125 0.487816 0.026250 0.030928
0 0.780625 0.212746 0.033750 0.028116
0 0.151875 0.556701 0.028750 0.022493
0 0.192500 0.607310 0.040000 0.029991
0 0.792500 0.735708 0.020000 0.016870
0 0.066250 0.567479 0.022500 0.017807
0 0.073750 0.540300 0.025000 0.021556
0 0.553750 0.811621 0.015000 0.013121
0 0.055625 0.667291 0.026250 0.020619
0 0.454375 0.611528 0.013750 0.012184
0 0.065625 0.497657 0.026250 0.020619
0 0.011250 0.589503 0.022500 0.016870
0 0.071250 0.611996 0.022500 0.020619
0 0.446875 0.718838 0.016250 0.011246
0 0.098750 0.453608 0.037500 0.022493
0 0.031875 0.739925 0.028750 0.019681
0 0.081250 0.514527 0.030000 0.022493
0 0.011875 0.690253 0.023750 0.021556
0 0.005625 0.505155 0.011250 0.031865
0 0.090625 0.599813 0.018750 0.014995
0 0.295000 0.465792 0.032500 0.024367
0 0.302500 0.631678 0.015000 0.011246
0 0.125000 0.399719 0.012500 0.012184
0 0.035000 0.465792 0.060000 0.052484
0 0.043125 0.424086 0.056250 0.051546
0 0.052500 0.382849 0.057500 0.053421
0 0.547500 0.641987 0.015000 0.011246
0 0.581250 0.677601 0.015000 0.011246
0 0.358750 0.666354 0.012500 0.011246
0 0.265625 0.697282 0.013750 0.011246
0 0.026875 0.635426 0.021250 0.020619
0 0.923750 0.827554 0.017500 0.014995
