1 0.364094 0.438032 0.395688 0.317488
1 0.715625 0.574977 0.343750 0.242737
0 0.941875 0.489222 0.093750 0.061856
0 0.076250 0.173852 0.062500 0.049672
0 0.058750 0.303187 0.077500 0.060918
0 0.258125 0.081537 0.078750 0.059981
0 0.134375 0.346767 0.086250 0.059981
0 0.618125 0.219306 0.088750 0.076851
0 0.285000 0.745080 0.095000 0.076851
0 0.873125 0.109185 0.058750 0.045923
0 0.311875 0.555295 0.123750 0.077788
0 0.690625 0.119025 0.118750 0.067479
0 0.816250 0.141987 0.047500 0.042174
0 0.361875 0.645267 0.116250 0.064667
0 0.190625 0.623243 0.098750 0.099344
0 0.798750 0.281162 0.037500 0.028116
0 0.860000 0.237582 0.037500 0.029053
0 0.810625 0.589503 0.086250 0.056232
0 0.057500 0.668229 0.085000 0.061856
0 0.330625 0.065136 0.088750 0.034677
0 0.203125 0.860356 0.043750 0.033739
0 0.973750 0.271790 0.047500 0.039363
1 0.584375 0.197282 0.411250 0.304592
0 0.023125 0.512184 0.046250 0.042174
0 0.068125 0.130272 0.046250 0.041237
0 0.195000 0.421743 0.047500 0.061856
0 0.965625 0.068416 0.068750 0.058107
0 0.586875 0.879569 0.046250 0.036551
0 0.236250 0.711809 0.045000 0.030928
0 0.878750 0.870197 0.035000 0.027179
0 0.788750 0.907216 0.035000 0.026242
1 0.352069 0.699152 0.309138 0.230544
0 0.317500 0.090440 0.012500 0.010309
0 0.228750 0.478444 0.017500 0.017807
0 0.406875 0.219775 0.011250 0.021556
0 0.711875 0.250234 0.031250 0.026242
0 0.583125 0.581068 0.031250 0.029991
0 0.073125 0.892221 0.016250 0.013121
0 0.160625 0.494377 0.013750 0.021556
0 0.620000 0.583880 0.015000 0.011246
0 0.734375 0.578725 0.018750 0.012184
0 0.148750 0.567010 0.017500 0.014995
0 0.312950 0.457830 0.010900 0.008444
0 0.337056 0.472680 0.011612 0.010028
