1 0.594375 0.403468 0.456250 0.323336
1 0.382500 0.654639 0.352500 0.278351
0 0.476250 0.831303 0.090000 0.074977
0 0.966875 0.211809 0.066250 0.050609
0 0.800000 0.187910 0.087500 0.062793
0 0.736250 0.240862 0.087500 0.069353
0 0.862500 0.612933 0.110000 0.073102
0 0.193750 0.318182 0.110000 0.077788
0 0.443125 0.355201 0.113750 0.099344
0 0.963750 0.673383 0.047500 0.090909
0 0.945000 0.767104 0.055000 0.038425
0 0.319375 0.384724 0.096250 0.092784
0 0.363750 0.258669 0.140000 0.082474
0 0.765625 0.742737 0.041250 0.030928
0 0.818125 0.792409 0.041250 0.030928
0 0.353750 0.724461 0.082500 0.069353
0 0.315000 0.155108 0.090000 0.068416
0 0.048750 0.246485 0.045000 0.035614
0 0.761875 0.874414 0.056250 0.039363
1 0.836875 0.585286 0.326250 0.327085
0 0.526250 0.142924 0.060000 0.038425
0 0.630625 0.279288 0.086250 0.041237
0 0.006875 0.532334 0.013750 0.035614
0 0.241250 0.284442 0.045000 0.036551
1 0.249375 0.373008 0.333750 0.251172
0 0.552500 0.299906 0.025000 0.014995
0 0.881250 0.455014 0.030000 0.010309
0 0.813750 0.679944 0.037500 0.025305
0 0.385000 0.554827 0.042500 0.026242
0 0.537500 0.246954 0.030000 0.012184
0 0.378125 0.582474 0.016250 0.012184
0 0.375000 0.668229 0.017500 0.014995
0 0.441875 0.231959 0.021250 0.014058
0 0.572500 0.364574 0.012500 0.009372
0 0.551250 0.381443 0.015000 0.009372
