0 0.226250 0.328022 0.072500 0.050609
0 0.073125 0.329897 0.058750 0.048735
0 0.155625 0.316776 0.063750 0.054358
0 0.835000 0.226804 0.047500 0.033739
0 0.671250 0.261949 0.045000 0.038425
0 0.938125 0.418463 0.041250 0.045923
1 0.639375 0.512652 0.398750 0.384255
0 0.016875 0.381912 0.033750 0.066542
0 0.541250 0.733365 0.090000 0.128397
0 0.452500 0.413777 0.065000 0.053421
0 0.559375 0.361762 0.088750 0.046860
0 0.466250 0.375820 0.067500 0.039363
0 0.920000 0.526242 0.020000 0.021556
0 0.375000 0.261481 0.040000 0.024367
0 0.226875 0.449391 0.023750 0.017807
0 0.090625 0.579194 0.021250 0.016870
0 0.480625 0.456888 0.101250 0.120900
0 0.901250 0.383318 0.045000 0.046860
0 0.926250 0.537020 0.022500 0.028116
0 0.756250 0.740394 0.045000 0.048735
0 0.838125 0.625586 0.163750 0.201500
0 0.561250 0.742737 0.085000 0.111528
1 0.484375 0.874883 0.023750 0.010309
1 0.653750 0.812559 0.185000 0.116214
1 0.733125 0.654639 0.303750 0.306467
1 0.833125 0.400656 0.306250 0.297095
