0 0.960625 0.232896 0.073750 0.053421
0 0.305000 0.633083 0.085000 0.055295
1 0.085000 0.369260 0.055000 0.069353
0 0.901875 0.809747 0.068750 0.058107
0 0.869375 0.761949 0.066250 0.058107
0 0.890000 0.474227 0.062500 0.071228
0 0.268125 0.878632 0.048750 0.045923
0 0.940625 0.537020 0.058750 0.035614
0 0.940000 0.493440 0.052500 0.042174
0 0.358750 0.223993 0.057500 0.037488
0 0.491875 0.616682 0.051250 0.043112
0 0.801250 0.423618 0.057500 0.039363
0 0.781875 0.897376 0.041250 0.032802
0 0.822500 0.540769 0.060000 0.044986
0 0.258125 0.228210 0.051250 0.042174
0 0.841250 0.214620 0.045000 0.026242
0 0.785625 0.781631 0.038750 0.029991
0 0.830625 0.314902 0.061250 0.039363
0 0.634375 0.537488 0.036250 0.027179
0 0.895000 0.633083 0.055000 0.038425
0 0.652500 0.632615 0.047500 0.037488
0 0.796875 0.463918 0.043750 0.028116
0 0.364375 0.686036 0.038750 0.029991
0 0.600625 0.631209 0.041250 0.029053
0 0.318125 0.305061 0.023750 0.017807
0 0.523750 0.288191 0.022500 0.015933
0 0.528125 0.225398 0.018750 0.010309
0 0.707500 0.304124 0.027500 0.019681
0 0.219375 0.544049 0.036250 0.023430
0 0.191250 0.521556 0.035000 0.023430
0 0.304375 0.429709 0.033750 0.023430
0 0.304375 0.480787 0.023750 0.018744
0 0.080625 0.425492 0.026250 0.018744
0 0.223125 0.625117 0.026250 0.024367
0 0.331250 0.535145 0.017500 0.013121
0 0.623125 0.438613 0.036250 0.024367
0 0.520625 0.511246 0.026250 0.019681
0 0.556250 0.407685 0.025000 0.018744
0 0.521875 0.458763 0.026250 0.019681
0 0.447500 0.433458 0.030000 0.021556
0 0.513125 0.596064 0.021250 0.014995
0 0.630000 0.392690 0.012500 0.013121
0 0.738125 0.460637 0.031250 0.021556
0 0.676250 0.662137 0.027500 0.021556
0 0.225625 0.832709 0.013750 0.014058
0 0.596875 0.719775 0.018750 0.014995
0 0.790000 0.693533 0.025000 0.016870
0 0.710000 0.776007 0.020000 0.014995
0 0.668750 0.836457 0.017500 0.014058
0 0.121875 0.773196 0.043750 0.018744
0 0.224375 0.632146 0.018750 0.017807
0 0.636875 0.400187 0.008750 0.013121
0 0.781875 0.370665 0.041250 0.023430
1 0.034375 0.473290 0.068750 0.279288
0 0.030000 0.487816 0.010000 0.015933
0 0.032500 0.503280 0.010000 0.016870
