0 0.888125 0.826148 0.076250 0.059044
0 0.310000 0.363636 0.080000 0.067479
1 0.645625 0.180412 0.096250 0.045923
0 0.116250 0.822399 0.082500 0.055295
0 0.177500 0.795220 0.082500 0.053421
0 0.561875 0.790534 0.098750 0.051546
0 0.005625 0.351453 0.011250 0.037488
0 0.481875 0.832240 0.051250 0.046860
0 0.540000 0.828960 0.060000 0.042174
0 0.858125 0.375351 0.053750 0.045923
0 0.344375 0.502343 0.061250 0.041237
0 0.623125 0.720244 0.056250 0.045923
0 0.468125 0.744611 0.063750 0.047798
0 0.845000 0.299906 0.060000 0.041237
0 0.903750 0.735708 0.037500 0.035614
0 0.145000 0.733365 0.042500 0.030928
0 0.769375 0.734770 0.056250 0.048735
0 0.459375 0.603093 0.038750 0.029053
0 0.351250 0.804592 0.055000 0.044049
0 0.334375 0.623711 0.053750 0.038425
0 0.568750 0.719306 0.040000 0.034677
0 0.243750 0.411903 0.042500 0.030928
0 0.333125 0.584349 0.041250 0.032802
0 0.747500 0.350515 0.025000 0.018744
0 0.783750 0.502812 0.022500 0.017807
0 0.867500 0.501406 0.015000 0.014995
0 0.775000 0.641518 0.027500 0.021556
0 0.421875 0.293814 0.033750 0.029053
0 0.450625 0.270853 0.033750 0.028116
0 0.580625 0.349110 0.033750 0.027179
0 0.511875 0.352390 0.026250 0.018744
0 0.570625 0.181818 0.026250 0.020619
0 0.314375 0.302249 0.033750 0.021556
0 0.441875 0.376289 0.018750 0.014058
0 0.590000 0.588097 0.035000 0.029053
0 0.486250 0.516401 0.027500 0.020619
0 0.626875 0.535614 0.026250 0.019681
0 0.556250 0.513590 0.027500 0.020619
0 0.585625 0.456420 0.031250 0.024367
0 0.373125 0.516401 0.021250 0.016870
0 0.651875 0.589972 0.018750 0.010309
0 0.569375 0.675258 0.031250 0.025305
0 0.297500 0.642924 0.030000 0.022493
0 0.038750 0.318650 0.020000 0.011246
0 0.214375 0.587629 0.021250 0.014995
0 0.263125 0.730553 0.023750 0.019681
0 0.148125 0.676195 0.021250 0.015933
0 0.065000 0.649953 0.020000 0.014058
0 0.111250 0.236176 0.027500 0.033739
0 0.306250 0.302718 0.025000 0.014995
0 0.642500 0.596064 0.017500 0.007498
0 0.693125 0.702437 0.033750 0.032802
1 0.503125 0.149953 0.376250 0.071228
0 0.483750 0.147610 0.022500 0.008435
0 0.463125 0.150422 0.023750 0.008435
