0 0.108750 0.170572 0.125000 0.093721
0 0.838125 0.168229 0.113750 0.077788
1 0.454375 0.504217 0.258750 0.328022
0 0.035000 0.317245 0.040000 0.025305
0 0.530000 0.424086 0.050000 0.045923
1 0.528750 0.239456 0.105000 0.117151
1 0.211250 0.528116 0.365000 0.145267
0 0.326875 0.597001 0.063750 0.041237
0 0.288750 0.536551 0.057500 0.038425
0 0.085000 0.671509 0.040000 0.025305
0 0.143125 0.225867 0.041250 0.024367
0 0.548125 0.244142 0.043750 0.051546
0 0.357500 0.540769 0.055000 0.037488
0 0.965000 0.157451 0.070000 0.054358
0 0.236250 0.137769 0.040000 0.031865
0 0.667500 0.147610 0.210000 0.042174
0 0.086875 0.514995 0.028750 0.017807
0 0.008125 0.388941 0.011250 0.022493
0 0.115000 0.258201 0.022500 0.021556
0 0.018750 0.349578 0.030000 0.018744
0 0.254375 0.344424 0.018750 0.015933
0 0.823125 0.602624 0.036250 0.026242
0 0.574375 0.594658 0.021250 0.017807
0 0.506250 0.158857 0.020000 0.015933
0 0.665625 0.669634 0.028750 0.014058
0 0.578125 0.845361 0.068750 0.026242
0 0.397500 0.776007 0.042500 0.028116
0 0.588125 0.852858 0.013750 0.007498
0 0.311875 0.736176 0.038750 0.025305
0 0.005000 0.836926 0.010000 0.031865
0 0.063125 0.142924 0.043750 0.047798
0 0.945625 0.173383 0.018750 0.013121
0 0.551875 0.460637 0.033750 0.034677
1 0.705000 0.493440 0.335000 0.287723
1 0.720000 0.522024 0.430000 0.329897
