0 0.932500 0.200572 0.122500 0.091865
0 0.948125 0.747891 0.101250 0.084349
1 0.494669 0.465178 0.434338 0.188088
0 0.736250 0.148079 0.032500 0.029991
0 0.602500 0.520619 0.060000 0.036551
1 0.848750 0.516401 0.155000 0.076851
1 0.457500 0.283505 0.187500 0.270853
0 0.347500 0.115276 0.032500 0.029991
0 0.368125 0.372071 0.053750 0.046860
0 0.447500 0.341612 0.050000 0.042174
0 0.263750 0.191190 0.032500 0.029991
0 0.859375 0.227273 0.031250 0.030928
0 0.842562 0.531514 0.067625 0.032099
0 0.443350 0.394231 0.049200 0.040572
0 0.964375 0.850244 0.071250 0.065998
0 0.426250 0.101687 0.075000 0.030928
0 0.979375 0.295689 0.041250 0.029053
0 0.973944 0.619124 0.052888 0.156710
0 0.473125 0.190722 0.023750 0.021556
0 0.638750 0.125117 0.030000 0.017807
0 0.815625 0.207123 0.028750 0.016870
0 0.692500 0.134958 0.025000 0.026242
0 0.703125 0.312559 0.021250 0.014058
0 0.369375 0.743674 0.033750 0.027179
0 0.375625 0.557170 0.023750 0.015933
0 0.955625 0.498594 0.021250 0.014995
0 0.276875 0.626523 0.018750 0.021556
0 0.040825 0.564555 0.034150 0.051321
0 0.130663 0.427624 0.036325 0.030506
0 0.031125 0.572029 0.009750 0.010037
0 0.182444 0.362948 0.032387 0.028613
0 0.040975 0.127709 0.041950 0.021115
0 0.968525 0.165928 0.062050 0.031949
0 0.943856 0.829072 0.017712 0.014283
0 0.552887 0.538079 0.045775 0.024611
1 0.512338 0.652746 0.377175 0.246448
1 0.474700 0.664410 0.431900 0.316635
