0 0.128125 0.842081 0.138750 0.104030
0 0.033750 0.300843 0.067500 0.093721
1 0.512500 0.533739 0.465000 0.231490
0 0.331250 0.873008 0.037500 0.032802
0 0.394375 0.490628 0.066250 0.042174
1 0.152500 0.520150 0.167500 0.091846
1 0.583125 0.709934 0.236250 0.287723
0 0.722500 0.865511 0.037500 0.032802
0 0.655000 0.613402 0.062500 0.051546
0 0.581250 0.651359 0.057500 0.046860
0 0.791250 0.781162 0.037500 0.032802
0 0.195625 0.807873 0.036250 0.033739
0 0.155000 0.504686 0.072500 0.038425
0 0.576875 0.598875 0.056250 0.044986
0 0.647500 0.887067 0.080000 0.038425
0 0.063125 0.753046 0.046250 0.032802
0 0.024375 0.431584 0.048750 0.160262
0 0.583750 0.803655 0.027500 0.023430
0 0.432500 0.885661 0.032500 0.020619
0 0.241875 0.823336 0.031250 0.019681
0 0.377500 0.881443 0.030000 0.029053
0 0.334375 0.707123 0.023750 0.015933
0 0.584375 0.245548 0.038750 0.029991
0 0.613125 0.430647 0.026250 0.017807
0 0.049375 0.549203 0.023750 0.016870
0 0.697500 0.351921 0.022500 0.023430
0 0.942500 0.388941 0.042500 0.054358
0 0.880625 0.533739 0.041250 0.034677
0 0.950625 0.379569 0.011250 0.011246
0 0.841250 0.602624 0.037500 0.031865
0 0.098750 0.879569 0.067500 0.038425
0 0.004375 0.220712 0.008750 0.015933
0 0.441250 0.468135 0.050000 0.029053
1 0.460000 0.349578 0.420000 0.283037
1 0.495000 0.334114 0.487500 0.358950
