0 0.621250 0.355670 0.080000 0.062793
0 0.131875 0.820993 0.036250 0.033739
0 0.898750 0.893627 0.070000 0.047798
0 0.412500 0.768978 0.035000 0.032802
0 0.398750 0.350047 0.167500 0.111528
0 0.825625 0.829897 0.036250 0.032802
0 0.312500 0.791940 0.027500 0.046860
0 0.175625 0.449859 0.028750 0.054358
0 0.470000 0.394564 0.052500 0.043112
0 0.810625 0.730553 0.023750 0.032802
0 0.700000 0.790534 0.025000 0.019681
0 0.741875 0.872540 0.021250 0.039363
0 0.876250 0.792877 0.007500 0.005623
0 0.620000 0.715089 0.022500 0.016870
0 0.206250 0.679475 0.025000 0.039363
0 0.033125 0.655576 0.018750 0.012184
0 0.135625 0.760544 0.018750 0.015933
0 0.225000 0.702905 0.017500 0.024367
0 0.903750 0.381443 0.025000 0.018744
0 0.800000 0.457826 0.025000 0.019681
0 0.739375 0.510309 0.028750 0.015933
0 0.725000 0.474695 0.027500 0.017807
0 0.735000 0.493440 0.027500 0.015933
0 0.733750 0.350984 0.017500 0.015933
0 0.756875 0.545455 0.016250 0.024367
0 0.772500 0.564667 0.022500 0.012184
0 0.822500 0.607310 0.020000 0.011246
0 0.661250 0.449391 0.025000 0.029053
0 0.467500 0.502343 0.027500 0.022493
0 0.436250 0.482193 0.020000 0.014058
0 0.638750 0.429709 0.020000 0.014058
0 0.645625 0.643393 0.016250 0.021556
0 0.548750 0.424555 0.017500 0.016870
0 0.476875 0.589503 0.016250 0.014995
0 0.182500 0.593252 0.032500 0.024367
0 0.191875 0.557638 0.018750 0.016870
0 0.196875 0.483130 0.016250 0.010309
0 0.184375 0.394564 0.013750 0.013121
0 0.208125 0.348172 0.013750 0.014058
0 0.188125 0.572165 0.011250 0.010309
0 0.206875 0.557638 0.013750 0.014995
0 0.157500 0.439082 0.020000 0.025305
0 0.990625 0.231490 0.018750 0.018744
0 0.885000 0.342549 0.025000 0.019681
0 0.544375 0.228210 0.023750 0.015933
0 0.516875 0.241331 0.026250 0.017807
0 0.630000 0.256326 0.025000 0.015933
0 0.567500 0.318650 0.022500 0.013121
0 0.688125 0.278819 0.021250 0.019681
0 0.593750 0.313496 0.020000 0.014058
0 0.161250 0.238051 0.017500 0.018744
0 0.982500 0.595595 0.012500 0.010309
0 0.886250 0.790066 0.015000 0.009372
0 0.762500 0.873008 0.022500 0.014058
0 0.289375 0.775539 0.011250 0.014058
0 0.256250 0.867385 0.017500 0.023430
0 0.240000 0.862231 0.012500 0.016870
0 0.146875 0.236176 0.016250 0.014995
0 0.498125 0.397844 0.103750 0.066542
0 0.490625 0.406748 0.018750 0.009372
0 0.559375 0.527648 0.018750 0.011246
0 0.569375 0.524836 0.018750 0.013121
