0 0.308750 0.407216 0.085000 0.060918
0 0.921250 0.782568 0.045000 0.028116
0 0.856875 0.570291 0.043750 0.027179
0 0.298125 0.573571 0.151250 0.127460
0 0.945625 0.261481 0.043750 0.028116
0 0.886250 0.646204 0.062500 0.021556
0 0.427500 0.742268 0.072500 0.022493
0 0.358750 0.521556 0.057500 0.040300
0 0.811875 0.271790 0.043750 0.018744
0 0.890000 0.355670 0.027500 0.019681
0 0.986875 0.323805 0.026250 0.015933
0 0.898125 0.223524 0.008750 0.006560
0 0.788750 0.414246 0.022500 0.016870
0 0.733750 0.723993 0.052500 0.019681
0 0.699375 0.853327 0.016250 0.014058
0 0.840625 0.778351 0.021250 0.014058
0 0.766250 0.710403 0.032500 0.013121
0 0.349375 0.195408 0.026250 0.019681
0 0.450000 0.274133 0.027500 0.019681
0 0.517500 0.320993 0.022500 0.021556
0 0.470000 0.330834 0.025000 0.020619
0 0.495000 0.324274 0.022500 0.020619
0 0.305625 0.322399 0.021250 0.013121
0 0.565000 0.308810 0.032500 0.012184
0 0.590625 0.297095 0.016250 0.016870
0 0.648750 0.260544 0.015000 0.014995
0 0.434375 0.378163 0.038750 0.019681
0 0.501875 0.524836 0.031250 0.020619
0 0.475625 0.548266 0.018750 0.014995
0 0.409375 0.394564 0.018750 0.014995
0 0.694375 0.394096 0.028750 0.012184
0 0.400000 0.462043 0.022500 0.013121
0 0.618750 0.519681 0.020000 0.012184
0 0.618750 0.740394 0.032500 0.024367
0 0.571250 0.732427 0.022500 0.014058
0 0.471875 0.726804 0.013750 0.012184
0 0.353750 0.735239 0.017500 0.010309
0 0.293125 0.716495 0.018750 0.010309
0 0.591875 0.736176 0.013750 0.008435
0 0.571250 0.721181 0.020000 0.010309
0 0.413125 0.756326 0.033750 0.014995
0 0.151875 0.124649 0.026250 0.020619
0 0.296250 0.208529 0.027500 0.019681
0 0.137500 0.462512 0.022500 0.017807
0 0.155000 0.483130 0.025000 0.019681
0 0.177500 0.398313 0.022500 0.018744
0 0.260000 0.446111 0.017500 0.016870
0 0.208125 0.356139 0.026250 0.016870
0 0.253125 0.427366 0.018750 0.014995
0 0.145000 0.750234 0.025000 0.014058
0 0.635625 0.140581 0.013750 0.009372
0 0.892500 0.215558 0.012500 0.011246
0 0.996250 0.309278 0.007500 0.016870
0 0.863125 0.663074 0.018750 0.008435
0 0.975625 0.689316 0.011250 0.012184
0 0.973750 0.701031 0.012500 0.009372
0 0.141250 0.760544 0.020000 0.012184
0 0.364375 0.499531 0.091250 0.078725
0 0.376250 0.506560 0.012500 0.014058
0 0.537500 0.456888 0.015000 0.014058
0 0.535000 0.448454 0.017500 0.014058
