0 0.392500 0.650890 0.075000 0.059044
0 0.838419 0.161200 0.034337 0.031865
0 0.065625 0.128866 0.066250 0.044049
0 0.562500 0.227273 0.032500 0.030928
0 0.615900 0.644784 0.159300 0.103065
0 0.144375 0.187910 0.033750 0.030928
0 0.660625 0.199157 0.023750 0.045923
0 0.828012 0.533730 0.023525 0.053402
0 0.540431 0.604091 0.048362 0.040422
0 0.169375 0.286785 0.021250 0.031865
0 0.274375 0.221181 0.023750 0.018744
0 0.223750 0.141050 0.017500 0.038425
0 0.098750 0.227741 0.007500 0.005623
0 0.360625 0.291940 0.021250 0.015933
0 0.776875 0.305998 0.021250 0.038425
0 0.951250 0.320525 0.017500 0.011246
0 0.840000 0.221181 0.017500 0.014995
0 0.756250 0.283505 0.015000 0.023430
0 0.108125 0.639644 0.023750 0.017807
0 0.204375 0.557638 0.023750 0.018744
0 0.260000 0.502343 0.027500 0.014995
0 0.278125 0.537020 0.026250 0.016870
0 0.266875 0.519213 0.026250 0.014995
0 0.280625 0.660656 0.016250 0.014845
0 0.239375 0.468135 0.013750 0.023430
0 0.221875 0.449859 0.021250 0.011246
0 0.168125 0.410028 0.018750 0.010309
0 0.343750 0.559513 0.022500 0.028116
0 0.532500 0.496251 0.025000 0.021556
0 0.565625 0.514527 0.018750 0.013121
0 0.368125 0.577320 0.018750 0.013121
0 0.341875 0.364574 0.013750 0.020619
0 0.458125 0.577746 0.016250 0.015848
0 0.515000 0.410028 0.015000 0.014058
0 0.808750 0.390815 0.030000 0.022493
0 0.802500 0.426898 0.017500 0.015933
0 0.803750 0.501406 0.015000 0.009372
0 0.824788 0.589035 0.012075 0.012184
0 0.804788 0.636434 0.012075 0.013261
0 0.805000 0.411434 0.010000 0.009372
0 0.787500 0.427835 0.012500 0.014058
0 0.847500 0.542643 0.017500 0.024367
0 0.031250 0.793346 0.025000 0.017807
0 0.130625 0.677601 0.023750 0.018744
0 0.481250 0.774133 0.022500 0.014995
0 0.507500 0.759138 0.025000 0.016870
0 0.393125 0.749766 0.023750 0.014995
0 0.449375 0.684630 0.021250 0.012184
0 0.333606 0.731022 0.019713 0.018744
0 0.424375 0.690722 0.018750 0.013121
0 0.863388 0.743557 0.016775 0.017573
0 0.010387 0.430366 0.010775 0.009747
0 0.086975 0.231781 0.013950 0.008079
0 0.203113 0.141565 0.021225 0.013215
0 0.685206 0.214391 0.010412 0.012662
0 0.708794 0.120829 0.015088 0.022352
0 0.725925 0.125098 0.011850 0.015895
0 0.877369 0.745375 0.014737 0.013711
0 0.511775 0.601565 0.098550 0.061612
0 0.519006 0.592662 0.018013 0.008191
0 0.438981 0.475815 0.017962 0.010675
0 0.428519 0.478650 0.017038 0.012596
