0 0.603125 0.376289 0.131250 0.096532
0 0.525625 0.186036 0.113750 0.074039
0 0.663125 0.304124 0.113750 0.075914
0 0.125625 0.166823 0.101250 0.067479
0 0.445000 0.623243 0.125000 0.058107
0 0.557500 0.740862 0.102500 0.053421
1 0.215625 0.596532 0.086250 0.105904
0 0.552500 0.575445 0.080000 0.054358
0 0.551250 0.642924 0.095000 0.039363
0 0.587500 0.591378 0.067500 0.069353
0 0.480000 0.335052 0.047500 0.030928
0 0.838750 0.264761 0.045000 0.023430
0 0.779375 0.753983 0.043750 0.027179
0 0.319375 0.228210 0.048750 0.027179
0 0.622500 0.433458 0.047500 0.032802
0 0.832500 0.586692 0.107500 0.138707
0 0.216250 0.417994 0.090000 0.043112
0 0.787500 0.777413 0.050000 0.029053
1 0.953750 0.656045 0.092500 0.256795
0 0.386875 0.296626 0.031250 0.049672
1 0.916875 0.405811 0.166250 0.277413
0 0.015000 0.209466 0.030000 0.021556
0 0.670000 0.116214 0.042500 0.022493
0 0.818750 0.063730 0.022500 0.026242
0 0.763750 0.106373 0.027500 0.017807
0 0.851250 0.038425 0.020000 0.009372
0 0.441250 0.490159 0.040000 0.014995
0 0.904375 0.585286 0.026250 0.029053
0 0.688750 0.637769 0.020000 0.014058
0 0.920000 0.475164 0.032500 0.022493
0 0.238750 0.798500 0.025000 0.014995
0 0.518125 0.836926 0.023750 0.013121
0 0.648125 0.736645 0.031250 0.013121
0 0.462500 0.746954 0.025000 0.014995
0 0.061250 0.299906 0.122500 0.148079
0 0.399375 0.300375 0.038750 0.062793
0 0.530625 0.238988 0.028750 0.020619
0 0.422500 0.096532 0.065000 0.033739
0 0.428750 0.083411 0.060000 0.033739
0 0.940625 0.310684 0.031250 0.012184
0 0.946250 0.417994 0.010000 0.007498
0 0.980625 0.429709 0.033750 0.051546
0 0.978750 0.701500 0.007500 0.006560
