0 0.409375 0.629335 0.138750 0.102156
0 0.504375 0.815370 0.118750 0.078725
0 0.355000 0.704780 0.120000 0.080600
0 0.905000 0.813027 0.107500 0.072165
0 0.543125 0.374883 0.128750 0.063730
0 0.420625 0.263355 0.106250 0.058107
1 0.774375 0.389410 0.096250 0.109653
0 0.441875 0.428304 0.083750 0.058107
0 0.436250 0.360356 0.097500 0.044049
0 0.405000 0.413777 0.072500 0.072165
0 0.536250 0.663543 0.050000 0.033739
0 0.184375 0.753515 0.046250 0.026242
0 0.198750 0.261012 0.045000 0.029053
0 0.706250 0.762418 0.050000 0.029053
0 0.385000 0.572634 0.050000 0.035614
0 0.160625 0.431115 0.118750 0.142455
0 0.791250 0.567010 0.092500 0.046860
0 0.187500 0.238519 0.052500 0.030928
1 0.045000 0.368791 0.090000 0.259606
0 0.632500 0.698219 0.035000 0.050609
1 0.093750 0.615745 0.187500 0.283037
0 0.366250 0.892221 0.045000 0.024367
0 0.222500 0.952671 0.025000 0.027179
0 0.274375 0.906748 0.028750 0.019681
0 0.193750 0.978913 0.020000 0.010309
0 0.560625 0.507966 0.041250 0.016870
0 0.089375 0.435801 0.028750 0.029991
0 0.299375 0.373008 0.021250 0.014995
0 0.085000 0.547798 0.035000 0.023430
0 0.733125 0.188847 0.026250 0.015933
0 0.451250 0.165417 0.025000 0.014058
0 0.331875 0.272259 0.031250 0.014058
0 0.514375 0.251640 0.026250 0.015933
0 0.944375 0.675258 0.111250 0.154639
0 0.620000 0.694470 0.045000 0.063730
0 0.494375 0.761949 0.031250 0.022493
0 0.616250 0.898782 0.067500 0.037488
0 0.610000 0.912371 0.062500 0.036551
0 0.078125 0.712277 0.031250 0.013121
0 0.063750 0.604967 0.010000 0.008435
0 0.027500 0.595595 0.037500 0.053421
0 0.004375 0.325211 0.008750 0.007498
