0 0.705625 0.309278 0.116250 0.082474
0 0.561250 0.768041 0.107500 0.090909
0 0.453750 0.810216 0.105000 0.090909
0 0.085000 0.443768 0.140000 0.105904
0 0.614375 0.636832 0.118750 0.066542
0 0.141250 0.363168 0.110000 0.119025
0 0.181875 0.771790 0.073750 0.062793
0 0.268125 0.741331 0.041250 0.035614
0 0.208125 0.612465 0.041250 0.034677
0 0.173125 0.146673 0.066250 0.049672
0 0.817500 0.861762 0.052500 0.051546
0 0.062500 0.323805 0.087500 0.115276
0 0.930625 0.260075 0.053750 0.049672
0 0.053125 0.604030 0.056250 0.044049
0 0.953125 0.423618 0.071250 0.046860
0 0.159375 0.697282 0.056250 0.035614
0 0.178125 0.325211 0.061250 0.048735
0 0.280000 0.837863 0.042500 0.028116
0 0.257500 0.378163 0.040000 0.029053
0 0.986250 0.439082 0.027500 0.051546
0 0.934375 0.783505 0.041250 0.039363
0 0.152500 0.457826 0.057500 0.038425
1 0.425625 0.476101 0.348750 0.121837
0 0.205000 0.697282 0.040000 0.031865
0 0.125000 0.663074 0.045000 0.030928
0 0.093125 0.183693 0.041250 0.029991
1 0.502500 0.254452 0.115000 0.214620
0 0.945000 0.754452 0.030000 0.028116
0 0.298750 0.352858 0.032500 0.023430
0 0.950625 0.100281 0.021250 0.013121
0 0.510625 0.309747 0.028750 0.027179
0 0.058125 0.225398 0.026250 0.045923
0 0.987500 0.559513 0.020000 0.037488
0 0.089375 0.630272 0.033750 0.021556
0 0.496250 0.168229 0.015000 0.014058
1 0.499375 0.245548 0.118750 0.215558
