0 0.216250 0.377694 0.097500 0.078725
0 0.844375 0.413308 0.111250 0.071228
0 0.915625 0.486410 0.111250 0.069353
0 0.491250 0.816776 0.127500 0.094658
0 0.663125 0.394096 0.076250 0.083411
0 0.376875 0.788191 0.148750 0.069353
0 0.908125 0.693533 0.076250 0.048735
0 0.854375 0.634489 0.043750 0.028116
0 0.693750 0.699157 0.042500 0.028116
0 0.086250 0.797563 0.060000 0.044986
0 0.927500 0.208060 0.065000 0.033739
0 0.336250 0.851921 0.147500 0.052484
0 0.116875 0.219306 0.061250 0.035614
0 0.706875 0.814902 0.053750 0.038425
0 0.328750 0.177601 0.055000 0.049672
0 0.812500 0.721649 0.042500 0.039363
0 0.319375 0.766635 0.058750 0.041237
0 0.979375 0.610590 0.033750 0.029053
0 0.377500 0.698688 0.035000 0.027179
0 0.343750 0.141518 0.065000 0.029991
0 0.805000 0.134489 0.047500 0.027179
0 0.498750 0.764292 0.045000 0.040300
1 0.480000 0.559044 0.122500 0.253983
0 0.806250 0.688379 0.037500 0.027179
0 0.773750 0.752109 0.037500 0.030928
0 0.146875 0.851453 0.036250 0.027179
1 0.176250 0.537020 0.280000 0.061856
0 0.765625 0.131209 0.033750 0.018744
0 0.337500 0.672446 0.027500 0.021556
0 0.248125 0.522493 0.033750 0.017807
0 0.208125 0.870665 0.058750 0.014995
0 0.501875 0.130272 0.048750 0.011246
0 0.736250 0.784442 0.025000 0.022493
0 0.063750 0.555764 0.017500 0.009372
1 0.165000 0.541237 0.280000 0.064667
