0 0.050625 0.782568 0.048750 0.043112
0 0.871250 0.862231 0.040000 0.033739
0 0.770625 0.875820 0.018750 0.015933
0 0.930000 0.716495 0.020000 0.014058
0 0.981250 0.869728 0.012500 0.007498
0 0.743125 0.873477 0.008750 0.005623
0 0.556875 0.745080 0.016250 0.037488
0 0.528125 0.722587 0.016250 0.011246
0 0.453125 0.731022 0.016250 0.011246
0 0.359375 0.776007 0.018750 0.033739
0 0.413750 0.735239 0.017500 0.012184
0 0.789375 0.534208 0.016250 0.011246
0 0.818125 0.562324 0.011250 0.014995
0 0.806250 0.642455 0.010000 0.014058
0 0.681250 0.451265 0.010000 0.006560
0 0.475625 0.419869 0.026250 0.020619
0 0.446250 0.418932 0.025000 0.016870
0 0.590000 0.543112 0.020000 0.044049
0 0.552500 0.373946 0.025000 0.029991
0 0.525000 0.360356 0.017500 0.014058
0 0.568750 0.659325 0.015000 0.012184
0 0.773125 0.194470 0.023750 0.019681
0 0.721875 0.188847 0.011250 0.008435
0 0.454375 0.195408 0.016250 0.015933
0 0.623750 0.210872 0.010000 0.007498
0 0.140625 0.894096 0.013750 0.020619
0 0.552500 0.559981 0.010000 0.021556
0 0.573125 0.501406 0.021250 0.067479
0 0.558125 0.470478 0.023750 0.033739
0 0.566250 0.464855 0.015000 0.013121
0 0.543750 0.453608 0.055000 0.067479
0 0.557500 0.410028 0.047500 0.060918
0 0.251875 0.484067 0.013750 0.008435
