0 0.942500 0.212277 0.047500 0.042174
0 0.120625 0.142924 0.038750 0.032802
0 0.220625 0.127929 0.018750 0.015933
0 0.065000 0.289128 0.020000 0.014058
0 0.010000 0.136832 0.012500 0.007498
0 0.248125 0.130272 0.008750 0.005623
0 0.437500 0.255858 0.015000 0.037488
0 0.466875 0.278351 0.016250 0.011246
0 0.541875 0.268978 0.016250 0.011246
0 0.635000 0.222118 0.017500 0.033739
0 0.581250 0.263824 0.017500 0.012184
0 0.210625 0.469541 0.016250 0.011246
0 0.180625 0.442362 0.011250 0.014995
0 0.191250 0.362231 0.010000 0.014058
0 0.320000 0.551546 0.010000 0.006560
0 0.526875 0.580131 0.026250 0.020619
0 0.556250 0.580131 0.025000 0.016870
0 0.409375 0.458763 0.018750 0.044049
0 0.450625 0.626992 0.023750 0.029991
0 0.478750 0.640581 0.017500 0.014058
0 0.427500 0.341612 0.015000 0.012184
0 0.234375 0.809278 0.023750 0.019681
0 0.285625 0.813964 0.011250 0.008435
0 0.553125 0.804592 0.016250 0.015933
0 0.383750 0.791003 0.010000 0.007498
0 0.850637 0.101251 0.013775 0.020684
0 0.446225 0.440047 0.009950 0.021612
0 0.427275 0.499405 0.019550 0.067226
0 0.442625 0.530487 0.022750 0.033796
0 0.435275 0.535928 0.015550 0.012812
0 0.458013 0.546682 0.053525 0.066186
0 0.444619 0.590544 0.046738 0.060187
0 0.749081 0.512891 0.013162 0.007976
