1 0.463125 0.361463 0.218750 0.135021
1 0.421875 0.504571 0.143750 0.090717
1 0.381875 0.653657 0.218750 0.106188
0 0.933750 0.232771 0.077500 0.053446
1 0.585000 0.730309 0.127500 0.066807
0 0.360000 0.138186 0.077500 0.052743
0 0.936875 0.306610 0.066250 0.050633
0 0.260625 0.683544 0.063750 0.029536
0 0.792500 0.700774 0.082500 0.033052
0 0.216875 0.741210 0.036250 0.021097
0 0.895000 0.662447 0.067500 0.030942
0 0.038750 0.645218 0.037500 0.018987
0 0.603750 0.508790 0.055000 0.031646
0 0.763125 0.244374 0.046250 0.023207
0 0.953750 0.116034 0.070000 0.029536
0 0.115625 0.655415 0.038750 0.025316
0 0.621250 0.674051 0.035000 0.020394
0 0.071875 0.240858 0.038750 0.020394
0 0.044375 0.502110 0.041250 0.021097
0 0.616875 0.291842 0.051250 0.026723
0 0.126875 0.480309 0.038750 0.018284
1 0.934375 0.553797 0.131250 0.107595
0 0.677500 0.498242 0.032500 0.035865
0 0.086875 0.362518 0.038750 0.018987
0 0.106875 0.632911 0.031250 0.026723
0 0.763125 0.591772 0.091250 0.033052
0 0.536250 0.455345 0.062500 0.027426
1 0.981875 0.669480 0.036250 0.036568
1 0.861875 0.473980 0.171250 0.035162
0 0.066875 0.449367 0.038750 0.016878
0 0.812500 0.379747 0.030000 0.014065
0 0.153125 0.700774 0.031250 0.018987
0 0.039375 0.810478 0.031250 0.017581
0 0.159375 0.819972 0.031250 0.018284
0 0.038125 0.587201 0.038750 0.016878
0 0.217500 0.741210 0.035000 0.019691
0 0.097500 0.732771 0.032500 0.011252
0 0.126875 0.774262 0.033750 0.012658
0 0.068125 0.793601 0.038750 0.017581
0 0.070000 0.827356 0.027500 0.013361
0 0.373750 0.802743 0.027500 0.013361
0 0.009375 0.538678 0.018750 0.022504
0 0.399375 0.688819 0.038750 0.016174
0 0.018125 0.603376 0.036250 0.019691
0 0.040000 0.692335 0.032500 0.014768
0 0.095625 0.584388 0.036250 0.016878
0 0.020625 0.486287 0.031250 0.017581
0 0.553750 0.607243 0.032500 0.017581
0 0.014375 0.792194 0.028750 0.011955
0 0.062500 0.623066 0.037500 0.014065
0 0.083750 0.551688 0.035000 0.018987
0 0.849375 0.522504 0.028750 0.008439
0 0.007500 0.695851 0.015000 0.018987
0 0.189375 0.694796 0.028750 0.018284
0 0.985625 0.574543 0.026250 0.016878
0 0.746250 0.543601 0.035000 0.015471
0 0.458750 0.773207 0.037500 0.011955
0 0.659175 0.616779 0.043350 0.025401
0 0.493219 0.632187 0.051437 0.028087
0 0.011087 0.650781 0.022175 0.011828
0 0.059112 0.416783 0.040725 0.019219
0 0.674613 0.213928 0.044225 0.018572
0 0.741456 0.276417 0.055412 0.026814
0 0.622988 0.375172 0.058475 0.027419
0 0.969700 0.595587 0.059400 0.022398
0 0.566269 0.841744 0.030038 0.023854
