1 0.255000 0.526020 0.247500 0.127989
1 0.510625 0.543952 0.166250 0.083685
1 0.776875 0.561181 0.196250 0.126582
0 0.029375 0.265120 0.058750 0.045007
1 0.906875 0.444093 0.123750 0.073840
0 0.141250 0.261252 0.092500 0.038678
0 0.835000 0.628692 0.055000 0.036568
0 0.846875 0.328411 0.061250 0.047820
0 0.938125 0.651195 0.038750 0.021097
0 0.775000 0.272152 0.057500 0.039381
0 0.775000 0.754219 0.035000 0.021800
0 0.511875 0.441632 0.058750 0.032349
0 0.037500 0.361463 0.042500 0.026723
0 0.789375 0.710970 0.046250 0.022504
0 0.805000 0.425809 0.037500 0.020394
0 0.055000 0.749648 0.037500 0.022504
0 0.519375 0.755977 0.038750 0.023910
0 0.126875 0.441632 0.048750 0.029536
0 0.478125 0.710970 0.033750 0.022504
1 0.580625 0.253868 0.196250 0.077356
0 0.491250 0.400141 0.065000 0.019691
0 0.270000 0.736990 0.035000 0.022504
0 0.750625 0.716596 0.048750 0.018284
0 0.653750 0.349156 0.062500 0.052743
0 0.419375 0.481364 0.051250 0.035865
1 0.784375 0.223277 0.066250 0.021800
1 0.441875 0.297820 0.068750 0.097750
0 0.425625 0.745429 0.031250 0.022504
0 0.275625 0.328762 0.026250 0.017581
0 0.868750 0.688467 0.035000 0.018284
0 0.671875 0.756681 0.031250 0.022504
0 0.938125 0.650844 0.036250 0.020394
0 0.928125 0.718354 0.021250 0.018987
0 0.993750 0.699719 0.012500 0.019691
0 0.585625 0.774965 0.041250 0.011252
0 0.838750 0.549930 0.030000 0.022504
0 0.700625 0.767229 0.036250 0.021097
0 0.857500 0.752110 0.027500 0.018987
0 0.664375 0.724332 0.031250 0.021097
0 0.492500 0.770042 0.032500 0.018284
0 0.688750 0.465893 0.032500 0.018987
0 0.734375 0.741561 0.026250 0.021800
0 0.606250 0.732419 0.035000 0.020394
0 0.528125 0.302743 0.016250 0.016174
0 0.865625 0.770394 0.033750 0.009142
0 0.856875 0.668073 0.033750 0.016878
0 0.615625 0.224332 0.031250 0.015471
0 0.569375 0.360408 0.028750 0.020394
0 0.987500 0.513713 0.022500 0.021800
0 0.703125 0.406470 0.046250 0.025316
0 0.735625 0.499297 0.051250 0.029536
0 0.785000 0.769691 0.022500 0.013361
0 0.367500 0.751055 0.035000 0.023910
0 0.001250 0.411744 0.002500 0.024613
0 0.095000 0.372363 0.050000 0.031646
0 0.273125 0.435302 0.051250 0.033755
0 0.655000 0.232419 0.042500 0.034459
