0 0.423125 0.505623 0.091250 0.064667
0 0.097500 0.280225 0.060000 0.048735
0 0.420000 0.462980 0.087500 0.069353
0 0.355000 0.336457 0.152500 0.074977
0 0.535000 0.477507 0.115000 0.074039
0 0.486250 0.428304 0.102500 0.056232
0 0.885000 0.555764 0.072500 0.029991
0 0.374375 0.180412 0.046250 0.032802
0 0.248750 0.217432 0.052500 0.035614
0 0.194375 0.094189 0.096250 0.036551
0 0.183125 0.120431 0.053750 0.032802
0 0.851250 0.529053 0.095000 0.045923
0 0.628125 0.373477 0.071250 0.027179
0 0.141875 0.793814 0.048750 0.024367
0 0.108750 0.375351 0.042500 0.068416
0 0.813750 0.556232 0.070000 0.036551
0 0.188750 0.420337 0.047500 0.034677
0 0.667500 0.366448 0.075000 0.026242
0 0.940625 0.508435 0.063750 0.034677
0 0.745000 0.381443 0.082500 0.028116
0 0.895625 0.506560 0.091250 0.036551
0 0.545625 0.356139 0.103750 0.037488
0 0.560000 0.916120 0.025000 0.051546
0 0.900000 0.425961 0.110000 0.029053
0 0.867500 0.822868 0.020000 0.018744
0 0.965625 0.807873 0.016250 0.014995
0 0.943125 0.805530 0.021250 0.014058
0 0.810625 0.737582 0.018750 0.011246
0 0.890625 0.883318 0.031250 0.010309
0 0.918750 0.881443 0.020000 0.010309
0 0.599375 0.768978 0.018750 0.017807
0 0.473750 0.739456 0.020000 0.014995
0 0.478750 0.709466 0.017500 0.014995
0 0.601250 0.752109 0.017500 0.012184
0 0.236875 0.824742 0.031250 0.024367
0 0.092500 0.703843 0.035000 0.022493
0 0.125625 0.654639 0.031250 0.012184
0 0.188125 0.847235 0.018750 0.007498
0 0.874375 0.673852 0.021250 0.018744
0 0.397500 0.638707 0.020000 0.014058
0 0.300625 0.559981 0.041250 0.025305
0 0.090000 0.609653 0.037500 0.025305
0 0.253125 0.551078 0.038750 0.026242
0 0.181875 0.585754 0.038750 0.016870
0 0.163125 0.290066 0.033750 0.025305
0 0.217500 0.297095 0.045000 0.018744
0 0.111250 0.206654 0.045000 0.015933
0 0.243750 0.292409 0.032500 0.018744
0 0.146250 0.450328 0.065000 0.045923
0 0.288750 0.326148 0.080000 0.050609
0 0.406250 0.379569 0.105000 0.048735
0 0.381250 0.414246 0.087500 0.052484
0 0.254375 0.610590 0.018750 0.015933
0 0.270000 0.611528 0.020000 0.014058
0 0.238750 0.764292 0.017500 0.014058
0 0.902500 0.873946 0.017500 0.012184
0 0.951875 0.485005 0.096250 0.032802
0 0.969375 0.466729 0.061250 0.026242
0 0.951875 0.446579 0.081250 0.021556
0 0.820625 0.421743 0.058750 0.022493
0 0.741875 0.408622 0.038750 0.011246
0 0.539375 0.366917 0.041250 0.014058
0 0.698125 0.386129 0.058750 0.022493
0 0.775000 0.400187 0.105000 0.029991
0 0.852500 0.406279 0.107500 0.029053
0 0.565625 0.618088 0.048750 0.072165
0 0.581875 0.684161 0.043750 0.063730
0 0.587500 0.738519 0.020000 0.058107
0 0.611250 0.744142 0.017500 0.014995
