0 0.578125 0.498126 0.096250 0.068416
0 0.880625 0.740862 0.063750 0.051546
0 0.577500 0.541706 0.092500 0.073102
0 0.630000 0.671978 0.157500 0.082474
0 0.463750 0.521087 0.120000 0.078725
0 0.508125 0.572165 0.106250 0.060918
0 0.121875 0.424555 0.073750 0.033739
0 0.596875 0.825679 0.048750 0.035614
0 0.725000 0.795689 0.055000 0.037488
0 0.768125 0.921275 0.098750 0.041237
0 0.781875 0.895501 0.056250 0.034677
0 0.152500 0.452671 0.097500 0.050609
0 0.360000 0.620431 0.072500 0.029991
0 0.886250 0.225867 0.050000 0.026242
0 0.879375 0.644799 0.048750 0.069353
0 0.193750 0.428304 0.072500 0.039363
0 0.804375 0.597001 0.051250 0.037488
0 0.320625 0.625117 0.076250 0.029991
0 0.061875 0.468604 0.066250 0.037488
0 0.245625 0.605904 0.083750 0.032802
0 0.106875 0.473290 0.093750 0.041237
0 0.441875 0.641518 0.106250 0.042174
0 0.479375 0.082474 0.028750 0.052484
0 0.095625 0.553421 0.111250 0.034677
0 0.163125 0.158857 0.021250 0.019681
0 0.065000 0.169166 0.017500 0.015933
0 0.087500 0.172446 0.022500 0.014995
0 0.213125 0.247891 0.018750 0.012184
0 0.146875 0.097470 0.031250 0.011246
0 0.118750 0.098407 0.020000 0.011246
0 0.426250 0.226804 0.020000 0.018744
0 0.549375 0.262887 0.021250 0.015933
0 0.540625 0.292877 0.018750 0.015933
0 0.423125 0.243674 0.018750 0.013121
0 0.793750 0.189784 0.032500 0.025305
0 0.926250 0.318650 0.037500 0.024367
0 0.889375 0.366448 0.031250 0.013121
0 0.843750 0.170103 0.020000 0.008435
0 0.143750 0.307873 0.022500 0.019681
0 0.615625 0.367385 0.021250 0.014995
0 0.705000 0.450328 0.042500 0.027179
0 0.919375 0.412840 0.038750 0.027179
0 0.751250 0.462980 0.040000 0.028116
0 0.826250 0.432052 0.040000 0.018744
0 0.816250 0.727273 0.035000 0.026242
0 0.763125 0.717432 0.046250 0.021556
0 0.861875 0.813496 0.046250 0.018744
0 0.736875 0.720244 0.033750 0.019681
0 0.848125 0.567948 0.068750 0.048735
0 0.695625 0.684161 0.083750 0.054358
0 0.583125 0.625586 0.108750 0.053421
0 0.611875 0.592315 0.091250 0.056232
0 0.756250 0.402999 0.020000 0.016870
0 0.740625 0.402062 0.021250 0.014995
0 0.785625 0.250234 0.018750 0.014995
0 0.133125 0.106842 0.018750 0.013121
0 0.048125 0.491097 0.096250 0.037488
0 0.029375 0.508903 0.058750 0.029991
0 0.045000 0.530459 0.082500 0.026242
0 0.173750 0.561856 0.060000 0.025305
0 0.250625 0.579194 0.038750 0.013121
0 0.449375 0.631209 0.041250 0.015933
0 0.292500 0.604030 0.060000 0.025305
0 0.216875 0.585286 0.106250 0.034677
0 0.140625 0.575445 0.108750 0.033739
0 0.446250 0.379100 0.055000 0.074039
0 0.436875 0.313027 0.048750 0.065604
0 0.435000 0.257732 0.025000 0.058107
0 0.413125 0.250703 0.018750 0.015933
