1 0.496787 0.632146 0.196075 0.173383
1 0.710381 0.556575 0.253263 0.185314
0 0.703125 0.205248 0.073750 0.052484
0 0.549375 0.391284 0.046250 0.029053
0 0.246875 0.865042 0.073750 0.031865
0 0.238750 0.704311 0.050000 0.060918
0 0.200000 0.508903 0.040000 0.037488
0 0.371250 0.330366 0.100000 0.064667
0 0.463125 0.495783 0.048750 0.026242
0 0.346250 0.861762 0.032500 0.029053
0 0.375000 0.736645 0.042500 0.035614
0 0.210000 0.577320 0.040000 0.031865
0 0.723125 0.752577 0.033750 0.035614
0 0.565000 0.479850 0.060000 0.035614
0 0.437500 0.533271 0.050000 0.029991
0 0.224375 0.413777 0.041250 0.034677
0 0.876875 0.683693 0.033750 0.040300
0 0.067800 0.714733 0.045600 0.093008
0 0.963087 0.400511 0.028675 0.045633
0 0.283000 0.540600 0.038500 0.119625
0 0.425000 0.343486 0.035000 0.027179
0 0.459375 0.294283 0.043750 0.028116
0 0.285000 0.277413 0.032500 0.018744
0 0.246875 0.318650 0.016250 0.020619
0 0.785894 0.220492 0.024288 0.015492
0 0.985625 0.326926 0.028750 0.031546
0 0.124375 0.572634 0.023750 0.014995
0 0.305000 0.338529 0.030000 0.017263
0 0.034375 0.641987 0.033750 0.016870
0 0.125625 0.426429 0.016250 0.014995
0 0.296250 0.638707 0.022500 0.015933
0 0.007500 0.600750 0.015000 0.011246
0 0.055000 0.457826 0.012500 0.017807
0 0.090625 0.505623 0.011250 0.006560
0 0.039375 0.420337 0.021250 0.015933
0 0.112500 0.347235 0.027500 0.019681
0 0.460000 0.628866 0.017500 0.011246
0 0.408125 0.604499 0.021250 0.031865
0 0.422500 0.562324 0.020000 0.013121
0 0.333575 0.460169 0.017150 0.014995
0 0.466875 0.647142 0.031250 0.006560
0 0.832500 0.610122 0.027500 0.031865
0 0.718750 0.542643 0.020000 0.020619
0 0.896706 0.339663 0.023412 0.019531
0 0.782500 0.602624 0.015000 0.031865
0 0.820625 0.665572 0.023750 0.026551
0 0.944025 0.659358 0.033050 0.021621
0 0.018125 0.687910 0.028750 0.028116
0 0.170625 0.691659 0.023750 0.020619
0 0.180000 0.783037 0.022500 0.021556
0 0.025000 0.891284 0.012500 0.011246
0 0.166875 0.879100 0.013750 0.013121
0 0.307500 0.714620 0.015000 0.012184
0 0.066875 0.887535 0.016250 0.014995
0 0.022788 0.869466 0.020575 0.014470
0 0.009375 0.733365 0.018750 0.019681
0 0.385625 0.871134 0.026250 0.019681
0 0.405000 0.795220 0.025000 0.019681
0 0.403125 0.670272 0.023750 0.028454
0 0.595000 0.716963 0.017500 0.013121
0 0.829762 0.449410 0.044525 0.027216
0 0.929094 0.516106 0.045687 0.036898
0 0.925737 0.545558 0.046475 0.033946
0 0.923350 0.568126 0.036700 0.026598
0 0.783469 0.671289 0.014438 0.024864
0 0.956581 0.715773 0.008162 0.008866
0 0.901044 0.827826 0.019588 0.009916
0 0.441444 0.647249 0.012888 0.006776
0 0.064113 0.396884 0.015725 0.012137
0 0.035475 0.344067 0.020950 0.017095
0 0.188163 0.301935 0.053825 0.028425
0 0.550513 0.335792 0.016025 0.011790
0 0.565350 0.329630 0.018200 0.012587
0 0.804362 0.220825 0.026225 0.018032
1 0.970869 0.448018 0.059237 0.185633
1 0.906312 0.428046 0.175125 0.185052
1 0.955106 0.604485 0.090213 0.140553
1 0.880188 0.747343 0.210375 0.227582
