0 0.720000 0.396907 0.070000 0.062793
0 0.156875 0.413777 0.093750 0.113402
1 0.591250 0.750234 0.132500 0.107779
0 0.802500 0.502812 0.075000 0.068416
0 0.044375 0.356139 0.088750 0.067479
0 0.169894 0.631678 0.077287 0.065604
0 0.083125 0.688379 0.093750 0.087160
0 0.228125 0.576382 0.066250 0.091846
0 0.973125 0.597938 0.053750 0.056232
0 0.273750 0.508903 0.142500 0.074977
0 0.960000 0.502343 0.077500 0.054358
1 0.700625 0.686973 0.143750 0.106842
0 0.568750 0.387067 0.040000 0.029991
0 0.571250 0.649953 0.040000 0.030928
0 0.241250 0.866448 0.035000 0.027179
0 0.588750 0.494845 0.060000 0.041237
0 0.668125 0.490159 0.056250 0.033739
0 0.828125 0.595595 0.043750 0.044049
0 0.170625 0.847235 0.048750 0.039363
0 0.643750 0.514527 0.042500 0.024367
0 0.874375 0.617619 0.056250 0.069353
0 0.797500 0.409091 0.040000 0.053421
0 0.591875 0.560450 0.038750 0.033739
0 0.829375 0.565604 0.043750 0.045923
0 0.394375 0.432990 0.066250 0.061856
0 0.011875 0.563261 0.023750 0.050609
0 0.304412 0.323510 0.028825 0.011593
0 0.599338 0.304035 0.013675 0.010131
0 0.866875 0.301312 0.028750 0.017807
0 0.754375 0.320525 0.028750 0.018744
0 0.931875 0.304124 0.013750 0.010309
0 0.931875 0.295220 0.016250 0.007498
0 0.831875 0.324742 0.011250 0.014058
0 0.041250 0.562793 0.010000 0.010309
0 0.650625 0.580131 0.028750 0.022493
0 0.536875 0.605436 0.033750 0.024367
0 0.494375 0.481256 0.021250 0.015933
0 0.564375 0.584817 0.023750 0.013121
0 0.466250 0.584349 0.015000 0.012184
0 0.435000 0.639644 0.007500 0.004686
0 0.888750 0.544517 0.015000 0.011246
0 0.201250 0.727741 0.027500 0.017807
0 0.206250 0.866448 0.017500 0.015933
0 0.230000 0.674321 0.012500 0.010309
0 0.190625 0.737113 0.023750 0.017807
0 0.126250 0.816776 0.010000 0.006560
0 0.534375 0.826617 0.028750 0.022493
0 0.601250 0.914714 0.030000 0.024367
0 0.551875 0.715089 0.023750 0.028116
0 0.389375 0.701031 0.023750 0.020619
0 0.493125 0.696813 0.026250 0.012184
0 0.575000 0.938144 0.025000 0.016870
0 0.596250 0.872071 0.025000 0.017807
0 0.520000 0.695408 0.017500 0.018744
0 0.550625 0.802249 0.016250 0.014995
0 0.570000 0.809747 0.020000 0.014995
0 0.678125 0.781631 0.023750 0.022493
0 0.677500 0.691659 0.015000 0.013121
0 0.988125 0.711340 0.016250 0.009372
0 0.303981 0.314213 0.022963 0.007994
0 0.279675 0.534358 0.016850 0.013421
0 0.323263 0.563843 0.014025 0.012409
0 0.142331 0.629466 0.037163 0.023693
0 0.055375 0.577081 0.028250 0.016392
0 0.035438 0.579452 0.030875 0.017385
0 0.390406 0.488664 0.053312 0.047619
0 0.961781 0.662095 0.016063 0.010225
1 0.944638 0.493051 0.111775 0.129494
0 0.818181 0.431237 0.013862 0.013365
0 0.720000 0.396907 0.070000 0.062793
0 0.156875 0.413777 0.093750 0.113402
1 0.591250 0.750234 0.132500 0.107779
0 0.802500 0.502812 0.075000 0.068416
0 0.044375 0.356139 0.088750 0.067479
0 0.169894 0.631678 0.077287 0.065604
0 0.083125 0.688379 0.093750 0.087160
0 0.228125 0.576382 0.066250 0.091846
0 0.973125 0.597938 0.053750 0.056232
0 0.273750 0.508903 0.142500 0.074977
0 0.960000 0.502343 0.077500 0.054358
1 0.700625 0.686973 0.143750 0.106842
0 0.568750 0.387067 0.040000 0.029991
0 0.571250 0.649953 0.040000 0.030928
0 0.241250 0.866448 0.035000 0.027179
0 0.588750 0.494845 0.060000 0.041237
0 0.668125 0.490159 0.056250 0.033739
0 0.828125 0.595595 0.043750 0.044049
0 0.170625 0.847235 0.048750 0.039363
0 0.643750 0.514527 0.042500 0.024367
0 0.874375 0.617619 0.056250 0.069353
0 0.797500 0.409091 0.040000 0.053421
0 0.591875 0.560450 0.038750 0.033739
0 0.829375 0.565604 0.043750 0.045923
0 0.394375 0.432990 0.066250 0.061856
0 0.011875 0.563261 0.023750 0.050609
0 0.304412 0.323510 0.028825 0.011593
0 0.599338 0.304035 0.013675 0.010131
0 0.866875 0.301312 0.028750 0.017807
0 0.754375 0.320525 0.028750 0.018744
0 0.931875 0.304124 0.013750 0.010309
0 0.931875 0.295220 0.016250 0.007498
0 0.831875 0.324742 0.011250 0.014058
0 0.041250 0.562793 0.010000 0.010309
0 0.650625 0.580131 0.028750 0.022493
0 0.536875 0.605436 0.033750 0.024367
0 0.494375 0.481256 0.021250 0.015933
0 0.564375 0.584817 0.023750 0.013121
0 0.466250 0.584349 0.015000 0.012184
0 0.435000 0.639644 0.007500 0.004686
0 0.888750 0.544517 0.015000 0.011246
0 0.201250 0.727741 0.027500 0.017807
0 0.206250 0.866448 0.017500 0.015933
0 0.230000 0.674321 0.012500 0.010309
0 0.190625 0.737113 0.023750 0.017807
0 0.126250 0.816776 0.010000 0.006560
0 0.534375 0.826617 0.028750 0.022493
0 0.601250 0.914714 0.030000 0.024367
0 0.551875 0.715089 0.023750 0.028116
0 0.389375 0.701031 0.023750 0.020619
0 0.493125 0.696813 0.026250 0.012184
0 0.575000 0.938144 0.025000 0.016870
0 0.596250 0.872071 0.025000 0.017807
0 0.520000 0.695408 0.017500 0.018744
0 0.550625 0.802249 0.016250 0.014995
0 0.570000 0.809747 0.020000 0.014995
0 0.678125 0.781631 0.023750 0.022493
0 0.677500 0.691659 0.015000 0.013121
0 0.988125 0.711340 0.016250 0.009372
0 0.303981 0.314213 0.022963 0.007994
0 0.279675 0.534358 0.016850 0.013421
0 0.323263 0.563843 0.014025 0.012409
0 0.142331 0.629466 0.037163 0.023693
0 0.055375 0.577081 0.028250 0.016392
0 0.035438 0.579452 0.030875 0.017385
0 0.390406 0.488664 0.053312 0.047619
0 0.961781 0.662095 0.016063 0.010225
1 0.944638 0.493051 0.111775 0.129494
0 0.818181 0.431237 0.013862 0.013365
