0 0.703125 0.351921 0.103750 0.079663
0 0.426250 0.347235 0.122500 0.117151
0 0.250000 0.256326 0.132500 0.122774
0 0.633125 0.329428 0.108750 0.074039
0 0.838750 0.472821 0.097500 0.072165
0 0.208125 0.523899 0.086250 0.063730
0 0.320000 0.529053 0.107500 0.083411
0 0.130625 0.256326 0.093750 0.066542
0 0.708125 0.464386 0.073750 0.051546
0 0.726875 0.212277 0.083750 0.060918
0 0.388750 0.699157 0.100000 0.114339
0 0.323750 0.147610 0.085000 0.055295
0 0.330625 0.679944 0.083750 0.074039
0 0.951250 0.544517 0.045000 0.033739
0 0.128750 0.310216 0.067500 0.052484
0 0.660000 0.404405 0.035000 0.034677
0 0.791250 0.601218 0.050000 0.040300
0 0.742500 0.654171 0.050000 0.037488
0 0.866250 0.406279 0.047500 0.036551
0 0.923125 0.726804 0.043750 0.034677
0 0.678750 0.216026 0.072500 0.051546
0 0.732500 0.159794 0.085000 0.062793
0 0.038750 0.642455 0.040000 0.042174
0 0.601875 0.140112 0.086250 0.027179
0 0.158125 0.131678 0.076250 0.094658
0 0.713125 0.148079 0.093750 0.067479
0 0.950000 0.306935 0.042500 0.042174
0 0.892500 0.215558 0.062500 0.043112
0 0.010000 0.458294 0.020000 0.043112
0 0.652500 0.447516 0.037500 0.029053
0 0.594375 0.555295 0.016250 0.012184
0 0.849375 0.428304 0.033750 0.022493
0 0.698750 0.572165 0.022500 0.012184
0 0.386875 0.900187 0.013750 0.010309
0 0.683750 0.823336 0.022500 0.012184
0 0.433750 0.910497 0.025000 0.015933
0 0.523125 0.795689 0.021250 0.011246
0 0.616250 0.714152 0.022500 0.011246
0 0.734375 0.782099 0.031250 0.027179
0 0.840625 0.865042 0.021250 0.018744
0 0.411250 0.340206 0.040000 0.031865
0 0.549375 0.217901 0.043750 0.027179
0 0.621875 0.068416 0.023750 0.018744
0 0.613125 0.483130 0.041250 0.029053
0 0.536250 0.479850 0.020000 0.014995
0 0.568750 0.561856 0.012500 0.008435
0 0.514375 0.639175 0.078750 0.020619
0 0.379375 0.807404 0.013750 0.014058
0 0.056875 0.817713 0.006250 0.015933
1 0.354375 0.573102 0.191250 0.156514
1 0.539375 0.432990 0.233750 0.146204
1 0.546875 0.443299 0.231250 0.146204
0 0.703125 0.351921 0.103750 0.079663
0 0.426250 0.347235 0.122500 0.117151
0 0.250000 0.256326 0.132500 0.122774
0 0.633125 0.329428 0.108750 0.074039
0 0.838750 0.472821 0.097500 0.072165
0 0.208125 0.523899 0.086250 0.063730
0 0.320000 0.529053 0.107500 0.083411
0 0.130625 0.256326 0.093750 0.066542
0 0.708125 0.464386 0.073750 0.051546
0 0.726875 0.212277 0.083750 0.060918
0 0.388750 0.699157 0.100000 0.114339
0 0.323750 0.147610 0.085000 0.055295
0 0.330625 0.679944 0.083750 0.074039
0 0.951250 0.544517 0.045000 0.033739
0 0.128750 0.310216 0.067500 0.052484
0 0.660000 0.404405 0.035000 0.034677
0 0.791250 0.601218 0.050000 0.040300
0 0.742500 0.654171 0.050000 0.037488
0 0.866250 0.406279 0.047500 0.036551
0 0.923125 0.726804 0.043750 0.034677
0 0.678750 0.216026 0.072500 0.051546
0 0.732500 0.159794 0.085000 0.062793
0 0.038750 0.642455 0.040000 0.042174
0 0.601875 0.140112 0.086250 0.027179
0 0.158125 0.131678 0.076250 0.094658
0 0.713125 0.148079 0.093750 0.067479
0 0.950000 0.306935 0.042500 0.042174
0 0.892500 0.215558 0.062500 0.043112
0 0.010000 0.458294 0.020000 0.043112
0 0.652500 0.447516 0.037500 0.029053
0 0.594375 0.555295 0.016250 0.012184
0 0.849375 0.428304 0.033750 0.022493
0 0.698750 0.572165 0.022500 0.012184
0 0.386875 0.900187 0.013750 0.010309
0 0.683750 0.823336 0.022500 0.012184
0 0.433750 0.910497 0.025000 0.015933
0 0.523125 0.795689 0.021250 0.011246
0 0.616250 0.714152 0.022500 0.011246
0 0.734375 0.782099 0.031250 0.027179
0 0.840625 0.865042 0.021250 0.018744
0 0.411250 0.340206 0.040000 0.031865
0 0.549375 0.217901 0.043750 0.027179
0 0.621875 0.068416 0.023750 0.018744
0 0.613125 0.483130 0.041250 0.029053
0 0.536250 0.479850 0.020000 0.014995
0 0.568750 0.561856 0.012500 0.008435
0 0.514375 0.639175 0.078750 0.020619
0 0.379375 0.807404 0.013750 0.014058
0 0.056875 0.817713 0.006250 0.015933
1 0.354375 0.573102 0.191250 0.156514
1 0.539375 0.432990 0.233750 0.146204
1 0.546875 0.443299 0.231250 0.146204
