0 0.403125 0.535211 0.108750 0.118310
0 0.829375 0.881221 0.091250 0.109859
0 0.551875 0.630047 0.148750 0.101408
0 0.497500 0.582629 0.137500 0.100469
0 0.800625 0.770423 0.118750 0.139906
0 0.465625 0.707042 0.076250 0.054460
0 0.586875 0.816432 0.061250 0.046009
1 0.295000 0.908451 0.290000 0.151174
0 0.538125 0.260563 0.081250 0.055399
0 0.791250 0.679812 0.060000 0.054460
0 0.403750 0.241315 0.047500 0.043192
0 0.532500 0.744601 0.060000 0.045070
0 0.965625 0.361972 0.051250 0.044131
0 0.608125 0.107981 0.046250 0.043192
0 0.626250 0.738028 0.055000 0.043192
0 0.366250 0.314085 0.047500 0.030986
0 0.371875 0.770423 0.051250 0.034742
0 0.643125 0.295305 0.061250 0.179343
0 0.631875 0.462441 0.058750 0.141784
0 0.665625 0.173239 0.028750 0.046009
0 0.399375 0.077934 0.048750 0.045070
0 0.485625 0.037089 0.048750 0.030986
0 0.620000 0.571831 0.082500 0.043192
0 0.593750 0.257746 0.032500 0.070423
0 0.540625 0.390141 0.036250 0.059155
0 0.995625 0.876056 0.008750 0.043192
0 0.955625 0.309390 0.036250 0.074178
0 0.300000 0.788263 0.047500 0.029108
0 0.370000 0.349296 0.052500 0.035681
1 0.156875 0.828638 0.276250 0.145540
0 0.455000 0.423005 0.035000 0.027230
0 0.520625 0.413146 0.023750 0.020657
0 0.156250 0.492019 0.030000 0.020657
0 0.087500 0.572300 0.172500 0.117371
0 0.488125 0.553052 0.021250 0.018779
0 0.633125 0.393427 0.023750 0.041315
0 0.055000 0.751174 0.027500 0.016901
1 0.119375 0.350704 0.238750 0.153052
0 0.166875 0.394366 0.013750 0.007512
0 0.996875 0.602347 0.006250 0.107981
