0 0.643750 0.494023 0.100000 0.024613
0 0.126875 0.252461 0.128750 0.101266
0 0.208125 0.670534 0.086250 0.051336
0 0.101250 0.709564 0.082500 0.042194
0 0.011250 0.721167 0.022500 0.052743
0 0.025000 0.402250 0.035000 0.064698
0 0.050625 0.357595 0.073750 0.068214
0 0.276250 0.605837 0.070000 0.040084
0 0.736875 0.524965 0.063750 0.034459
0 0.705625 0.556962 0.118750 0.036568
0 0.402500 0.473980 0.152500 0.049226
0 0.981875 0.288326 0.036250 0.056259
0 0.988750 0.347398 0.022500 0.019691
0 0.848125 0.507384 0.033750 0.021800
0 0.959375 0.447257 0.028750 0.019691
0 0.943125 0.620253 0.051250 0.023910
0 0.910000 0.670183 0.022500 0.014065
0 0.786250 0.719409 0.025000 0.008439
0 0.760625 0.332278 0.066250 0.013361
0 0.464375 0.406821 0.036250 0.034459
0 0.496250 0.408931 0.035000 0.034459
0 0.558125 0.331224 0.011250 0.005626
0 0.756250 0.324895 0.042500 0.008439
0 0.326250 0.214838 0.022500 0.007736
0 0.581250 0.521449 0.017500 0.014768
0 0.435625 0.559423 0.016250 0.009142
0 0.595625 0.527075 0.016250 0.013361
0 0.313750 0.494726 0.012500 0.006329
0 0.425625 0.447609 0.016250 0.013361
0 0.441250 0.448664 0.017500 0.014065
0 0.755000 0.468354 0.032500 0.016878
0 0.327500 0.685654 0.047500 0.026723
0 0.376875 0.695499 0.028750 0.012658
0 0.592500 0.717651 0.025000 0.009142
0 0.605000 0.712377 0.030000 0.008439
0 0.167500 0.503868 0.025000 0.013361
0 0.128750 0.479255 0.020000 0.010549
0 0.009375 0.449719 0.008750 0.009142
0 0.648125 0.526371 0.096250 0.026020
0 0.756250 0.486990 0.025000 0.016174
0 0.728750 0.485584 0.032500 0.017581
0 0.730625 0.471167 0.031250 0.015471
0 0.836875 0.392405 0.023750 0.011252
0 0.811250 0.391350 0.027500 0.011955
0 0.841875 0.380450 0.038750 0.018284
0 0.806250 0.379395 0.040000 0.017581
0 0.878750 0.362518 0.042500 0.023207
0 0.913750 0.361111 0.032500 0.023207
0 0.911875 0.342827 0.038750 0.020394
0 0.880000 0.341772 0.042500 0.019691
0 0.951250 0.238397 0.025000 0.005626
0 0.642500 0.509494 0.102500 0.014768
