0 0.431885 0.065430 0.034668 0.046224
0 0.739502 0.106120 0.020996 0.026042
0 0.638184 0.182943 0.055664 0.049479
0 0.645508 0.278646 0.055664 0.063802
0 0.448730 0.236979 0.035156 0.040365
0 0.550293 0.339518 0.037109 0.042318
0 0.710938 0.451172 0.078125 0.102865
0 0.497070 0.494792 0.166992 0.167969
0 0.425781 0.414714 0.151367 0.157552
0 0.341064 0.503581 0.016113 0.029297
0 0.461182 0.664714 0.076660 0.161458
0 0.576172 0.669271 0.028320 0.041667
0 0.730713 0.691732 0.038574 0.059245
0 0.744873 0.762695 0.010254 0.060547
0 0.651855 0.883138 0.054688 0.046224
0 0.513428 0.805990 0.020996 0.026042
0 0.542480 0.960612 0.019531 0.025391
0 0.425049 0.907878 0.017090 0.024089
0 0.202393 0.968750 0.027832 0.062500
0 0.163330 0.982747 0.045410 0.034505
0 0.118896 0.958659 0.033691 0.030599
0 0.026367 0.868490 0.036133 0.032552
0 0.051270 0.908529 0.075195 0.080078
0 0.003174 0.996745 0.006348 0.006510
0 0.221191 0.827799 0.087891 0.064453
0 0.061279 0.707357 0.079590 0.094401
0 0.028076 0.748047 0.020996 0.016927
0 0.006104 0.797526 0.011230 0.018229
0 0.097900 0.629883 0.040527 0.064453
0 0.123047 0.659180 0.013672 0.020182
0 0.010254 0.580078 0.018555 0.028646
0 0.006836 0.468424 0.013672 0.099609
0 0.119141 0.492513 0.014648 0.030599
0 0.127686 0.251302 0.084473 0.246094
0 0.021240 0.273438 0.027832 0.054688
1 0.328369 0.593424 0.140137 0.255859
1 0.333496 0.816081 0.195312 0.218099
1 0.579834 0.779948 0.283691 0.273438
1 0.223633 0.953776 0.083984 0.092448
1 0.282471 0.690755 0.381348 0.533854
