0 0.602051 0.923177 0.038086 0.050781
0 0.293213 0.925130 0.022949 0.028646
0 0.387451 0.834961 0.059082 0.056641
0 0.372559 0.740560 0.060547 0.070964
0 0.571777 0.754883 0.038086 0.044922
0 0.462891 0.666992 0.040039 0.047526
0 0.293945 0.578125 0.085938 0.113281
0 0.503662 0.505208 0.179199 0.190104
0 0.580566 0.574544 0.163086 0.177734
0 0.658203 0.474609 0.018555 0.031250
0 0.525879 0.331055 0.088867 0.171224
0 0.411133 0.342448 0.031250 0.045573
0 0.255859 0.342122 0.042969 0.064453
0 0.236084 0.273112 0.015137 0.061849
0 0.319092 0.140625 0.058105 0.053385
0 0.463135 0.197917 0.022949 0.028646
0 0.421875 0.048503 0.021484 0.027995
0 0.542725 0.084635 0.019043 0.026042
0 0.759033 0.012370 0.032715 0.024740
0 0.843262 0.004232 0.036133 0.008464
0 0.942139 0.067383 0.038574 0.037109
0 0.914062 0.038086 0.081055 0.076172
0 0.751709 0.135742 0.092285 0.076172
0 0.920654 0.233398 0.086426 0.104818
0 0.950439 0.187500 0.021973 0.019531
0 0.968262 0.135417 0.012695 0.019531
0 0.889893 0.315430 0.045410 0.069661
0 0.862549 0.289714 0.015137 0.022135
0 0.980957 0.352214 0.020508 0.031250
0 0.990967 0.462565 0.018066 0.100911
0 0.879639 0.455078 0.017090 0.032552
0 0.890137 0.695312 0.103516 0.256510
0 0.989014 0.658529 0.021973 0.057943
1 0.663818 0.383789 0.159668 0.274089
1 0.640869 0.163086 0.211426 0.244141
1 0.398926 0.233073 0.303711 0.311198
1 0.739258 0.030924 0.090820 0.061849
1 0.701660 0.285807 0.420898 0.571615
