0 0.828369 0.424154 0.035645 0.047526
0 0.786865 0.832682 0.020020 0.028646
0 0.732910 0.695638 0.039062 0.076172
0 0.661133 0.701497 0.049805 0.076172
0 0.699219 0.440755 0.031250 0.048177
0 0.619141 0.572917 0.033203 0.050781
0 0.529541 0.782878 0.079590 0.107422
0 0.503906 0.496419 0.131836 0.228516
0 0.566650 0.404297 0.123535 0.207031
0 0.503418 0.288086 0.022461 0.022786
0 0.378174 0.442057 0.123535 0.108073
0 0.370605 0.595703 0.032227 0.039062
0 0.348633 0.800781 0.045898 0.053385
0 0.294922 0.817057 0.045898 0.015625
0 0.207764 0.689453 0.036621 0.074219
0 0.270264 0.507161 0.020020 0.028646
0 0.153809 0.540690 0.019531 0.026693
0 0.197266 0.385417 0.018555 0.023438
0 0.159180 0.087240 0.047852 0.039062
0 0.149902 0.034831 0.027344 0.061849
0 0.264404 0.117513 0.051270 0.119141
0 0.698975 0.039062 0.186035 0.067708
1 0.436279 0.267904 0.196777 0.195964
1 0.269287 0.267253 0.170410 0.267578
1 0.287598 0.596680 0.214844 0.387370
1 0.169434 0.116211 0.072266 0.115234
1 0.363770 0.233073 0.412109 0.466146
