0 0.653906 0.943056 0.069271 0.113889
0 0.607031 0.944444 0.070312 0.111111
0 0.570052 0.637500 0.024479 0.036111
0 0.517708 0.625926 0.019792 0.035185
0 0.485417 0.790741 0.006250 0.018519
0 0.469010 0.597685 0.018229 0.034259
1 0.410938 0.023611 0.059375 0.047222
1 0.439844 0.058796 0.189062 0.117593
1 0.463281 0.235185 0.054688 0.057407
1 0.548438 0.185648 0.338542 0.371296
1 0.467708 0.422222 0.098958 0.183333
1 0.483333 0.528241 0.094792 0.173148
1 0.393490 0.418519 0.118229 0.177778
1 0.497396 0.771296 0.083333 0.162963
1 0.674219 0.757407 0.092188 0.125926
1 0.600521 0.986111 0.114583 0.027778
