1 0.322702 0.120075 0.435272 0.206379
1 0.756098 0.162289 0.457786 0.215760
1 0.675422 0.363977 0.251407 0.273921
1 0.374296 0.290807 0.200750 0.180113
1 0.502814 0.304878 0.116323 0.114447
1 0.500938 0.426829 0.112570 0.114447
1 0.388368 0.416510 0.112570 0.116323
1 0.214822 0.329268 0.272045 0.294559
1 0.226079 0.478424 0.223265 0.243902
1 0.443715 0.589118 0.245779 0.225141
1 0.664165 0.521576 0.187617 0.198874
1 0.848968 0.538462 0.212008 0.454034
1 0.589118 0.666041 0.296435 0.277674
1 0.341463 0.673546 0.195122 0.180113
1 0.186679 0.619137 0.268293 0.296435
1 0.458724 0.865854 0.846154 0.253283
