1 0.277674 0.143527 0.420263 0.155722
1 0.713884 0.134146 0.440901 0.163227
1 0.657598 0.343340 0.223265 0.247655
1 0.349906 0.308630 0.181989 0.159475
1 0.478424 0.304878 0.105066 0.103189
1 0.491557 0.426829 0.101313 0.103189
1 0.378987 0.429644 0.101313 0.105066
1 0.196060 0.365854 0.242026 0.266417
1 0.224203 0.512195 0.196998 0.221388
1 0.454972 0.594747 0.223265 0.198874
1 0.665103 0.500938 0.166979 0.180113
1 0.850844 0.496248 0.159475 0.437148
1 0.608818 0.654784 0.268293 0.247655
1 0.363977 0.691370 0.176360 0.159475
1 0.202627 0.656660 0.236398 0.270169
1 0.502814 0.868668 0.833021 0.153846
