0 0.667917 0.865409 0.042500 0.062893
0 0.812917 0.624528 0.024167 0.049057
0 0.313750 0.838994 0.027500 0.050314
0 0.316250 0.621384 0.040833 0.047799
0 0.579167 0.350314 0.018333 0.021384
0 0.558750 0.354717 0.020833 0.022642
1 0.570833 0.393082 0.078333 0.124528
1 0.842917 0.288050 0.022500 0.085535
1 0.268750 0.927673 0.045833 0.074214
1 0.317500 0.837736 0.083333 0.123270
1 0.266250 0.720126 0.047500 0.114465
1 0.314583 0.613836 0.085833 0.123270
1 0.342917 0.755346 0.209167 0.464151
0 0.321667 0.549057 0.110000 0.129560
1 0.657500 0.734591 0.346667 0.530818
