0 0.418125 0.238988 0.096250 0.088097
0 0.059375 0.873946 0.108750 0.134021
0 0.120625 0.771790 0.073750 0.051546
0 0.576875 0.579663 0.071250 0.051546
0 0.178125 0.652296 0.068750 0.050609
1 0.242500 0.605904 0.070000 0.053421
0 0.778125 0.266167 0.068750 0.037488
0 0.330625 0.270853 0.091250 0.067479
1 0.621250 0.352858 0.147500 0.220244
0 0.915625 0.492971 0.073750 0.035614
0 0.698750 0.594189 0.042500 0.031865
0 0.073125 0.567010 0.063750 0.080600
0 0.065625 0.632615 0.061250 0.082474
0 0.791250 0.905811 0.042500 0.034677
1 0.636875 0.462512 0.123750 0.237113
0 0.865000 0.367854 0.035000 0.038425
0 0.796250 0.115112 0.075000 0.018416
1 0.042038 0.637310 0.084075 0.238069
0 0.263750 0.246017 0.042500 0.029053
0 0.136875 0.283037 0.041250 0.022493
0 0.267500 0.322868 0.015000 0.015933
0 0.555625 0.037020 0.028750 0.025305
0 0.728125 0.137769 0.028750 0.026242
0 0.788750 0.228679 0.030000 0.037488
0 0.804375 0.233833 0.023750 0.034677
0 0.091250 0.375820 0.042500 0.024367
0 0.249375 0.369728 0.016250 0.014058
0 0.631250 0.523899 0.015000 0.013121
0 0.645000 0.526710 0.012500 0.011246
0 0.972500 0.507498 0.040000 0.025305
0 0.874375 0.463449 0.026250 0.017807
0 0.743750 0.661832 0.035000 0.024695
0 0.983750 0.470478 0.030000 0.035614
0 0.783750 0.531396 0.017500 0.014995
0 0.842500 0.378632 0.020000 0.014995
0 0.990625 0.532334 0.016250 0.033739
0 0.967500 0.383786 0.062500 0.019681
0 0.988750 0.585754 0.020000 0.014995
0 0.590625 0.684161 0.013750 0.011246
0 0.925000 0.800843 0.035000 0.027179
0 0.700000 0.834583 0.032500 0.025305
0 0.786256 0.731228 0.040012 0.032277
0 0.568412 0.582179 0.011825 0.009719
0 0.969031 0.366204 0.063063 0.018257
0 0.607406 0.406251 0.019813 0.014002
0 0.672463 0.276692 0.009925 0.015426
