0 0.855000 0.466729 0.127500 0.080600
0 0.094375 0.135895 0.101250 0.088097
0 0.179375 0.189316 0.076250 0.059981
0 0.385625 0.549203 0.076250 0.058107
0 0.331875 0.244611 0.073750 0.056232
1 0.386875 0.297095 0.078750 0.058107
0 0.781250 0.732427 0.057500 0.055295
0 0.821875 0.398313 0.098750 0.074977
1 0.682500 0.606373 0.307500 0.133083
0 0.466250 0.811153 0.055000 0.059044
0 0.354375 0.638707 0.046250 0.034677
0 0.455625 0.175258 0.113750 0.056232
0 0.369375 0.162137 0.116250 0.054358
1 0.536250 0.605904 0.327500 0.117151
0 0.637500 0.786317 0.055000 0.029991
1 0.366250 0.143861 0.325000 0.087160
0 0.862500 0.350984 0.042500 0.034677
0 0.825625 0.252577 0.033750 0.032802
0 0.760000 0.345829 0.022500 0.013121
0 0.956250 0.707591 0.037500 0.024367
0 0.830000 0.744142 0.052500 0.026242
0 0.821875 0.754920 0.048750 0.021556
0 0.708125 0.208529 0.036250 0.034677
0 0.698750 0.327085 0.020000 0.013121
0 0.454375 0.595595 0.018750 0.012184
0 0.449375 0.605904 0.016250 0.010309
0 0.441250 0.851453 0.037500 0.032802
0 0.509375 0.783037 0.026250 0.021556
0 0.260625 0.664948 0.036250 0.029053
0 0.488750 0.864105 0.050000 0.026242
0 0.429375 0.708529 0.021250 0.014995
0 0.625000 0.768510 0.022500 0.016870
0 0.405625 0.862699 0.046250 0.015933
0 0.605000 0.861293 0.032500 0.048735
0 0.335000 0.855670 0.022500 0.016870
0 0.246875 0.548266 0.016250 0.011246
0 0.056250 0.785848 0.040000 0.029053
0 0.035000 0.614339 0.037500 0.027179
0 0.163125 0.690253 0.046250 0.032802
0 0.384375 0.542643 0.013750 0.009372
0 0.628750 0.864105 0.030000 0.048735
0 0.613125 0.590909 0.021250 0.015933
0 0.778125 0.651359 0.021250 0.009372
