1 0.337500 0.396439 0.240000 0.223055
1 0.626875 0.554358 0.456250 0.370197
0 0.554375 0.180412 0.076250 0.060918
0 0.313125 0.189784 0.091250 0.057170
0 0.631250 0.734770 0.090000 0.071228
0 0.039375 0.742268 0.078750 0.071228
0 0.083750 0.594658 0.042500 0.034677
0 0.468750 0.658388 0.052500 0.038425
1 0.091875 0.216495 0.078750 0.050609
0 0.669375 0.340675 0.076250 0.042174
0 0.675000 0.312090 0.075000 0.041237
0 0.510625 0.645736 0.096250 0.084349
0 0.371875 0.672915 0.053750 0.029991
0 0.531875 0.432521 0.076250 0.038425
1 0.185000 0.236645 0.085000 0.049672
0 0.718750 0.873008 0.025000 0.040300
0 0.704375 0.149016 0.036250 0.022493
0 0.444375 0.147610 0.016250 0.014058
0 0.762500 0.262887 0.032500 0.027179
0 0.441250 0.156982 0.015000 0.014058
0 0.360625 0.517807 0.036250 0.025305
0 0.396250 0.527648 0.030000 0.022493
0 0.320000 0.550141 0.015000 0.011246
0 0.515625 0.601218 0.018750 0.015933
0 0.340000 0.676195 0.045000 0.025305
0 0.590625 0.845829 0.023750 0.030928
0 0.416875 0.627460 0.038750 0.019681
0 0.631875 0.789597 0.026250 0.036551
0 0.604375 0.701968 0.023750 0.016870
0 0.270000 0.604499 0.017500 0.014995
0 0.064375 0.423618 0.041250 0.037488
0 0.124375 0.570291 0.031250 0.032802
0 0.226250 0.802249 0.022500 0.033739
0 0.116875 0.731490 0.016250 0.010309
0 0.238750 0.783037 0.012500 0.010309
0 0.767500 0.364574 0.057500 0.041237
0 0.774375 0.380037 0.053750 0.036551
0 0.326250 0.859419 0.012500 0.009372
0 0.435625 0.587160 0.088750 0.085286
0 0.461875 0.595127 0.051250 0.037488
0 0.500625 0.605904 0.013750 0.014058
0 0.506250 0.599813 0.095000 0.104967
0 0.578125 0.728679 0.026250 0.019681
0 0.788125 0.861293 0.023750 0.013121
0 0.833125 0.620431 0.053750 0.069353
0 0.296875 0.427835 0.028750 0.025305
