1 0.331875 0.401125 0.231250 0.217432
1 0.630000 0.550609 0.442500 0.360825
0 0.539375 0.179007 0.073750 0.059981
0 0.298750 0.194470 0.090000 0.055295
0 0.641250 0.731022 0.087500 0.069353
0 0.048125 0.754452 0.081250 0.069353
0 0.088125 0.605436 0.041250 0.033739
0 0.476250 0.658857 0.050000 0.037488
1 0.079375 0.227741 0.076250 0.048735
0 0.662500 0.335989 0.075000 0.040300
0 0.666875 0.308341 0.073750 0.039363
0 0.516875 0.645736 0.093750 0.082474
0 0.380000 0.676195 0.052500 0.029053
0 0.528750 0.431584 0.075000 0.036551
1 0.173750 0.245080 0.082500 0.047798
0 0.735625 0.866448 0.023750 0.040300
0 0.687500 0.143861 0.035000 0.021556
0 0.428125 0.148547 0.016250 0.014058
0 0.750625 0.256326 0.031250 0.027179
0 0.425000 0.158857 0.015000 0.014058
0 0.361875 0.521087 0.036250 0.024367
0 0.398125 0.530928 0.028750 0.021556
0 0.322500 0.554827 0.015000 0.011246
0 0.520000 0.601218 0.017500 0.015933
0 0.348750 0.680412 0.045000 0.024367
0 0.606250 0.843018 0.022500 0.030928
0 0.422500 0.629803 0.037500 0.018744
0 0.645000 0.786317 0.025000 0.035614
0 0.613750 0.698688 0.022500 0.015933
0 0.275625 0.610122 0.016250 0.014995
0 0.061250 0.435333 0.040000 0.036551
0 0.127500 0.580131 0.030000 0.031865
0 0.240000 0.809747 0.020000 0.033739
0 0.128125 0.740862 0.016250 0.010309
0 0.251250 0.789597 0.012500 0.010309
0 0.760625 0.357545 0.056250 0.040300
0 0.768750 0.373008 0.052500 0.035614
0 0.342500 0.863168 0.012500 0.009372
0 0.440000 0.589035 0.085000 0.083411
0 0.466875 0.596064 0.048750 0.035614
0 0.505625 0.605904 0.013750 0.014058
0 0.511250 0.599813 0.090000 0.103093
0 0.588750 0.726336 0.025000 0.018744
0 0.804375 0.853327 0.023750 0.012184
0 0.839375 0.611528 0.051250 0.068416
0 0.294375 0.433927 0.028750 0.024367
