0 0.043125 0.253521 0.056250 0.039437
0 0.478750 0.831925 0.085000 0.063850
0 0.230000 0.247418 0.090000 0.081690
0 0.280625 0.217371 0.071250 0.066667
0 0.192500 0.269484 0.050000 0.037559
0 0.233125 0.576056 0.071250 0.062911
1 0.551250 0.142254 0.132500 0.070423
0 0.811250 0.486385 0.045000 0.088263
0 0.315625 0.540376 0.096250 0.027230
0 0.137500 0.684507 0.027500 0.022535
0 0.149375 0.701408 0.028750 0.022535
0 0.247500 0.525822 0.025000 0.016901
0 0.036875 0.401408 0.023750 0.015962
0 0.088125 0.391549 0.041250 0.018779
0 0.015000 0.390610 0.020000 0.015023
0 0.018125 0.417840 0.011250 0.009390
0 0.634375 0.457746 0.043750 0.032864
0 0.541875 0.614554 0.021250 0.017840
0 0.575000 0.552113 0.022500 0.018779
0 0.571875 0.515962 0.023750 0.019718
0 0.610000 0.485446 0.032500 0.024413
0 0.287500 0.529577 0.080000 0.024413
0 0.426250 0.583099 0.010000 0.007512
0 0.350625 0.492488 0.016250 0.012207
0 0.355000 0.559155 0.017500 0.025352
0 0.588750 0.499061 0.027500 0.017840
0 0.341250 0.515023 0.055000 0.017840
0 0.585000 0.509859 0.012500 0.011268
0 0.373125 0.150235 0.033750 0.026291
0 0.401875 0.364319 0.026250 0.020657
0 0.545625 0.123005 0.031250 0.016901
0 0.397500 0.324413 0.017500 0.014085
0 0.385000 0.346009 0.010000 0.008451
0 0.508125 0.125822 0.036250 0.015023
0 0.407500 0.309859 0.010000 0.009390
0 0.928750 0.811268 0.037500 0.030047
0 0.824375 0.429577 0.023750 0.014085
0 0.785625 0.393427 0.011250 0.007512
0 0.620625 0.475587 0.013750 0.006573
0 0.586250 0.444601 0.012500 0.030986
0 0.571875 0.441315 0.033750 0.060094
0 0.598750 0.437089 0.035000 0.059155
0 0.815625 0.483099 0.013750 0.029108
0 0.955000 0.370892 0.010000 0.009390
0 0.924375 0.394366 0.008750 0.007512
0 0.918125 0.392019 0.008750 0.006573
0 0.715625 0.096714 0.023750 0.007512
0 0.357500 0.524883 0.032500 0.013146
