1 0.035000 0.224883 0.070000 0.070423
1 0.075625 0.800469 0.128750 0.119249
0 0.550625 0.739906 0.093750 0.056338
0 0.615000 0.400939 0.105000 0.069484
0 0.802500 0.200469 0.107500 0.085446
0 0.588750 0.494366 0.107500 0.053521
0 0.069375 0.707512 0.058750 0.040376
1 0.452500 0.579812 0.125000 0.091080
0 0.746250 0.686385 0.085000 0.048826
0 0.452500 0.851174 0.072500 0.049765
0 0.943750 0.278873 0.045000 0.075117
0 0.243750 0.811268 0.060000 0.039437
0 0.674375 0.505164 0.046250 0.030047
0 0.547500 0.654460 0.140000 0.095775
0 0.856250 0.494836 0.047500 0.030047
0 0.638750 0.161972 0.047500 0.042254
0 0.914375 0.276995 0.043750 0.092019
1 0.936250 0.539906 0.127500 0.135211
1 0.336250 0.863380 0.092500 0.036620
0 0.965000 0.126761 0.037500 0.030047
0 0.841250 0.375587 0.020000 0.018779
0 0.856250 0.616901 0.017500 0.013146
0 0.533125 0.303286 0.018750 0.015023
0 0.389375 0.370423 0.018750 0.014085
0 0.453750 0.133333 0.067500 0.016901
0 0.359375 0.597183 0.028750 0.022535
0 0.438125 0.605164 0.013750 0.012207
0 0.363750 0.749765 0.017500 0.015962
0 0.488125 0.867606 0.056250 0.016901
0 0.245625 0.315023 0.023750 0.015962
0 0.206875 0.784977 0.036250 0.035681
0 0.038125 0.849765 0.043750 0.020657
0 0.287500 0.849296 0.012500 0.010329
0 0.156875 0.568075 0.018750 0.013146
0 0.211250 0.600469 0.012500 0.014085
0 0.425000 0.563380 0.015000 0.016901
0 0.419375 0.591549 0.026250 0.031925
0 0.898125 0.547887 0.021250 0.012207
0 0.895625 0.559624 0.021250 0.009390
