1 0.631250 0.447516 0.187500 0.134021
0 0.856875 0.637769 0.116250 0.081537
0 0.403750 0.550141 0.065000 0.050609
0 0.656875 0.579194 0.078750 0.058107
0 0.352500 0.735239 0.065000 0.044049
0 0.937500 0.791940 0.067500 0.054358
0 0.985000 0.518744 0.030000 0.090909
1 0.452500 0.174789 0.170000 0.113402
0 0.860625 0.370665 0.116250 0.059044
0 0.717500 0.215089 0.040000 0.038425
0 0.628125 0.642924 0.063750 0.050609
1 0.729375 0.343486 0.246250 0.160262
0 0.086875 0.589972 0.038750 0.040300
0 0.573750 0.216026 0.155000 0.090909
1 0.923125 0.171978 0.066250 0.051546
0 0.921250 0.367854 0.117500 0.049672
0 0.961875 0.360825 0.076250 0.033739
0 0.637500 0.864574 0.047500 0.038425
0 0.579375 0.854264 0.068750 0.055295
0 0.871875 0.844424 0.106250 0.106842
1 0.883750 0.211809 0.062500 0.048735
0 0.400000 0.247891 0.032500 0.029053
0 0.530625 0.171509 0.046250 0.020619
0 0.412500 0.178069 0.020000 0.011246
0 0.358750 0.547329 0.035000 0.041237
0 0.540000 0.605904 0.017500 0.014058
0 0.383750 0.823805 0.027500 0.026242
0 0.497500 0.750234 0.017500 0.014058
0 0.286875 0.706186 0.018750 0.014058
0 0.221250 0.301781 0.025000 0.020619
0 0.298750 0.152765 0.015000 0.013121
0 0.198750 0.542174 0.017500 0.012184
0 0.763750 0.708529 0.055000 0.044986
0 0.720000 0.722118 0.067500 0.044049
0 0.412500 0.144799 0.015000 0.012184
0 0.403750 0.126523 0.027500 0.014995
0 0.351250 0.246485 0.015000 0.014995
0 0.553125 0.240394 0.018750 0.014058
0 0.923750 0.173383 0.025000 0.016870
0 0.905000 0.204780 0.017500 0.015933
0 0.607500 0.478444 0.020000 0.010309
0 0.592500 0.481724 0.022500 0.007498
1 0.710625 0.578725 0.191250 0.137769
1 0.603750 0.285848 0.212500 0.189316
1 0.368750 0.248360 0.055000 0.044986
