1 0.335625 0.421275 0.233750 0.244611
1 0.380625 0.756326 0.443750 0.247423
0 0.764375 0.333177 0.068750 0.060918
0 0.248125 0.417057 0.061250 0.039363
0 0.080625 0.495314 0.041250 0.057170
0 0.385000 0.672446 0.060000 0.030928
0 0.125000 0.455483 0.045000 0.058107
0 0.688125 0.290534 0.023750 0.024367
0 0.396250 0.466729 0.035000 0.028116
0 0.406875 0.587629 0.018750 0.013121
0 0.676250 0.593721 0.012500 0.019681
0 0.433750 0.667760 0.042500 0.027179
0 0.698125 0.638707 0.013750 0.014058
0 0.295000 0.688379 0.025000 0.015933
0 0.377500 0.687441 0.012500 0.008435
0 0.182500 0.567479 0.017500 0.015933
0 0.134375 0.589972 0.031250 0.032802
0 0.176875 0.615276 0.023750 0.010309
0 0.042500 0.722587 0.022500 0.013121
1 0.585625 0.873008 0.026250 0.015933
0 0.278125 0.508435 0.013750 0.015933
0 0.042500 0.675258 0.032500 0.047798
0 0.350000 0.164011 0.017500 0.016870
0 0.202500 0.167291 0.007500 0.012184
