0 0.116250 0.303756 0.112500 0.085446
0 0.683750 0.212676 0.125000 0.089202
1 0.611250 0.684977 0.182500 0.138028
1 0.841250 0.276056 0.140000 0.122066
0 0.450625 0.376526 0.078750 0.061972
1 0.395625 0.458216 0.193750 0.133333
1 0.093750 0.706573 0.187500 0.160563
0 0.569375 0.392958 0.078750 0.049765
0 0.597500 0.762441 0.072500 0.086385
0 0.416250 0.696244 0.107500 0.068545
1 0.473750 0.768545 0.190000 0.160563
0 0.536250 0.774178 0.052500 0.053521
0 0.268125 0.277934 0.083750 0.045070
0 0.435625 0.593427 0.071250 0.037559
0 0.453750 0.186385 0.115000 0.051643
0 0.786250 0.179343 0.055000 0.031925
1 0.813750 0.422066 0.147500 0.132394
0 0.435625 0.828169 0.076250 0.035681
0 0.648125 0.262911 0.071250 0.041315
0 0.561875 0.187793 0.131250 0.058216
0 0.330625 0.344131 0.143750 0.042254
0 0.150000 0.373239 0.062500 0.030986
0 0.310000 0.308451 0.102500 0.038498
0 0.196250 0.404695 0.067500 0.024413
0 0.441875 0.485915 0.048750 0.032864
0 0.202500 0.644131 0.032500 0.024413
0 0.073750 0.402347 0.040000 0.029108
0 0.119375 0.441784 0.038750 0.025352
0 0.279375 0.805634 0.031250 0.028169
0 0.340000 0.550235 0.027500 0.022535
0 0.389375 0.499531 0.041250 0.022535
0 0.486875 0.582629 0.026250 0.015962
0 0.411875 0.476526 0.016250 0.014085
0 0.652500 0.340845 0.027500 0.022535
0 0.654375 0.227230 0.046250 0.024413
0 0.485000 0.296244 0.017500 0.014085
0 0.566250 0.323944 0.025000 0.011268
0 0.504375 0.299061 0.016250 0.012207
0 0.373125 0.129108 0.033750 0.019718
0 0.687500 0.330986 0.015000 0.010329
0 0.690000 0.339437 0.015000 0.010329
0 0.854375 0.792958 0.026250 0.017840
0 0.792500 0.807042 0.030000 0.036620
0 0.208125 0.860563 0.043750 0.010329
0 0.128750 0.725352 0.032500 0.032864
0 0.109375 0.754930 0.088750 0.045070
0 0.288750 0.453521 0.030000 0.022535
0 0.529375 0.427230 0.058750 0.020657
0 0.641250 0.373709 0.057500 0.041315
0 0.815625 0.426291 0.078750 0.067606
0 0.638125 0.131455 0.016250 0.005634
0 0.357500 0.328169 0.025000 0.012207
0 0.324375 0.310329 0.016250 0.008451
0 0.642500 0.222535 0.012500 0.007512
0 0.666875 0.814554 0.033750 0.044131
0 0.503125 0.751643 0.011250 0.008451
