0 0.740625 0.201878 0.108750 0.080751
0 0.892500 0.623005 0.112500 0.089202
1 0.260000 0.592958 0.175000 0.130516
1 0.815625 0.743662 0.156250 0.099531
0 0.661875 0.456338 0.078750 0.056338
1 0.550000 0.419718 0.167500 0.138967
1 0.203125 0.192488 0.203750 0.161502
0 0.646250 0.546479 0.062500 0.056338
0 0.156875 0.586385 0.111250 0.049765
0 0.235625 0.447418 0.086250 0.077934
1 0.142500 0.493897 0.205000 0.135211
0 0.138125 0.541315 0.068750 0.036620
0 0.783125 0.314085 0.056250 0.061033
0 0.373125 0.455869 0.046250 0.051643
0 0.915000 0.448826 0.062500 0.084507
0 0.941250 0.697653 0.040000 0.039437
1 0.620531 0.731042 0.168563 0.104338
0 0.060625 0.468075 0.043750 0.055399
0 0.823125 0.598592 0.051250 0.051643
0 0.918125 0.529577 0.071250 0.095775
0 0.698125 0.364789 0.048750 0.106103
0 0.650625 0.230986 0.038750 0.045070
0 0.745625 0.347418 0.046250 0.075117
0 0.610625 0.267136 0.028750 0.049765
0 0.515625 0.455869 0.041250 0.034742
0 0.293125 0.284038 0.031250 0.023474
0 0.608125 0.175117 0.036250 0.029108
0 0.558125 0.211268 0.031250 0.028169
0 0.081875 0.350235 0.036250 0.022535
0 0.425625 0.382629 0.028750 0.019718
0 0.495000 0.416901 0.027500 0.030047
0 0.390000 0.493897 0.020000 0.018779
0 0.527500 0.432864 0.017500 0.011268
0 0.719375 0.606103 0.028750 0.019718
0 0.871250 0.600939 0.030000 0.033803
0 0.770000 0.477465 0.017500 0.012207
0 0.738125 0.540376 0.013750 0.017840
0 0.767500 0.492958 0.015000 0.011268
0 0.986250 0.384977 0.025000 0.024413
0 0.735000 0.631455 0.012500 0.010329
0 0.723750 0.634272 0.012500 0.010329
0 0.130000 0.781221 0.022500 0.018779
0 0.107500 0.735211 0.047500 0.020657
0 0.005531 0.300047 0.011062 0.032958
0 0.182469 0.232714 0.042438 0.022235
0 0.141212 0.220075 0.054925 0.064563
0 0.550694 0.338549 0.028887 0.021700
0 0.598912 0.518282 0.025325 0.043136
0 0.674963 0.599033 0.052425 0.041258
0 0.614588 0.732089 0.086675 0.055728
0 0.996919 0.584432 0.006338 0.012056
0 0.722488 0.383357 0.014975 0.017418
0 0.742494 0.358005 0.009987 0.011784
0 0.876781 0.592615 0.008562 0.009643
0 0.091213 0.641568 0.057425 0.023042
0 0.165794 0.515150 0.011587 0.008704
