0 0.610000 0.686036 0.080000 0.063730
1 0.620625 0.375820 0.438750 0.247423
1 0.323750 0.283974 0.337500 0.354264
0 0.478750 0.124649 0.090000 0.069353
0 0.755000 0.387535 0.077500 0.051546
0 0.040000 0.609653 0.080000 0.068416
0 0.063750 0.299906 0.085000 0.088097
0 0.119375 0.500469 0.086250 0.065604
0 0.834375 0.314902 0.126250 0.078725
0 0.155000 0.599344 0.055000 0.066542
0 0.638750 0.876289 0.040000 0.035614
0 0.201250 0.537020 0.045000 0.039363
1 0.933750 0.167291 0.125000 0.051546
0 0.557500 0.871603 0.100000 0.082474
1 0.626875 0.553421 0.476250 0.173383
0 0.148125 0.348172 0.036250 0.032802
0 0.806875 0.651359 0.041250 0.033739
0 0.933125 0.867854 0.041250 0.035614
0 0.148750 0.307873 0.047500 0.040300
0 0.197500 0.638238 0.040000 0.033739
0 0.786875 0.771321 0.041250 0.033739
0 0.216875 0.156514 0.046250 0.033739
0 0.016875 0.743674 0.033750 0.044049
1 0.098125 0.634958 0.196250 0.306467
0 0.605000 0.638238 0.055000 0.031865
1 0.091875 0.384255 0.171250 0.136832
1 0.878125 0.462980 0.118750 0.046860
0 0.007500 0.596064 0.015000 0.063730
1 0.076875 0.431115 0.143750 0.058107
0 0.753750 0.904405 0.035000 0.026242
0 0.963125 0.696813 0.016250 0.014058
0 0.929375 0.686036 0.016250 0.013121
0 0.959375 0.560918 0.016250 0.014058
0 0.508750 0.724930 0.030000 0.023430
0 0.826250 0.571696 0.027500 0.026242
0 0.726250 0.894564 0.017500 0.010309
0 0.148750 0.348641 0.035000 0.031865
0 0.100625 0.180412 0.031250 0.021556
0 0.100000 0.222118 0.032500 0.020619
0 0.225000 0.375820 0.022500 0.013121
0 0.838125 0.486879 0.016250 0.014058
0 0.507500 0.450328 0.027500 0.014058
0 0.184375 0.037020 0.013750 0.012184
0 0.304375 0.220712 0.023750 0.017807
0 0.989375 0.428772 0.016250 0.012184
1 0.945625 0.439082 0.058750 0.023430
0 0.763125 0.567010 0.021250 0.011246
0 0.576875 0.614808 0.013750 0.009372
0 0.576250 0.619963 0.017500 0.006560
0 0.635625 0.654639 0.018750 0.012184
0 0.831250 0.783037 0.017500 0.010309
1 0.830000 0.770384 0.057500 0.026242
0 0.086875 0.693533 0.041250 0.035614
0 0.020625 0.421275 0.028750 0.029053
1 0.115000 0.246485 0.215000 0.386129
