1 0.565000 0.526710 0.115000 0.161200
0 0.943125 0.526710 0.078750 0.048735
0 0.328125 0.745548 0.046250 0.029053
0 0.801875 0.648547 0.033750 0.061856
1 0.946250 0.728210 0.107500 0.166823
1 0.084375 0.549203 0.168750 0.118088
0 0.576875 0.302249 0.016250 0.008435
0 0.576875 0.292409 0.016250 0.009372
0 0.408750 0.324742 0.032500 0.023430
0 0.073125 0.349578 0.023750 0.018744
0 0.387500 0.592784 0.025000 0.017807
0 0.486250 0.362231 0.027500 0.019681
0 0.506875 0.429241 0.028750 0.020619
0 0.373750 0.575445 0.020000 0.013121
0 0.537500 0.448454 0.015000 0.012184
0 0.355000 0.380037 0.010000 0.012184
0 0.384375 0.439082 0.011250 0.014058
0 0.529375 0.474227 0.011250 0.011246
0 0.623125 0.587629 0.011250 0.007498
0 0.540000 0.433458 0.017500 0.012184
0 0.661250 0.656514 0.007500 0.006560
0 0.716875 0.423618 0.021250 0.009372
0 0.691250 0.348172 0.027500 0.015933
0 0.989375 0.420806 0.018750 0.020619
0 0.935000 0.555295 0.030000 0.021556
0 0.278750 0.838332 0.030000 0.019681
0 0.591875 0.674321 0.041250 0.029053
0 0.478750 0.788191 0.022500 0.016870
0 0.588125 0.719306 0.026250 0.023430
0 0.476875 0.863168 0.023750 0.016870
0 0.565000 0.709466 0.012500 0.009372
0 0.405625 0.667291 0.023750 0.018744
0 0.398125 0.857545 0.011250 0.007498
0 0.356875 0.879569 0.021250 0.012184
0 0.540000 0.710403 0.015000 0.009372
0 0.410625 0.692127 0.013750 0.014058
0 0.975625 0.731490 0.033750 0.021556
0 0.797500 0.788191 0.030000 0.014995
0 0.793750 0.877694 0.027500 0.014058
0 0.934375 0.780225 0.028750 0.014058
0 0.531250 0.559981 0.010000 0.012184
0 0.548750 0.552484 0.015000 0.012184
0 0.575625 0.554827 0.013750 0.009372
0 0.502500 0.528116 0.015000 0.012184
0 0.648125 0.316307 0.023750 0.006560
0 0.648750 0.309747 0.022500 0.006560
0 0.301250 0.677132 0.015000 0.012184
0 0.355625 0.633083 0.011250 0.006560
0 0.356250 0.682755 0.040000 0.030928
0 0.483750 0.671509 0.012500 0.014058
0 0.471250 0.676195 0.015000 0.012184
0 0.033750 0.581537 0.020000 0.010309
0 0.011250 0.564667 0.017500 0.012184
0 0.109375 0.561856 0.031250 0.008435
0 0.127500 0.569822 0.027500 0.007498
1 0.317500 0.664011 0.097500 0.072165
1 0.327500 0.624649 0.085000 0.079663
0 0.287500 0.694002 0.017500 0.008435
1 0.565000 0.526710 0.115000 0.161200
0 0.943125 0.526710 0.078750 0.048735
0 0.328125 0.745548 0.046250 0.029053
0 0.801875 0.648547 0.033750 0.061856
1 0.946250 0.728210 0.107500 0.166823
1 0.084375 0.549203 0.168750 0.118088
0 0.576875 0.302249 0.016250 0.008435
0 0.576875 0.292409 0.016250 0.009372
0 0.408750 0.324742 0.032500 0.023430
0 0.073125 0.349578 0.023750 0.018744
0 0.387500 0.592784 0.025000 0.017807
0 0.486250 0.362231 0.027500 0.019681
0 0.506875 0.429241 0.028750 0.020619
0 0.373750 0.575445 0.020000 0.013121
0 0.537500 0.448454 0.015000 0.012184
0 0.355000 0.380037 0.010000 0.012184
0 0.384375 0.439082 0.011250 0.014058
0 0.529375 0.474227 0.011250 0.011246
0 0.623125 0.587629 0.011250 0.007498
0 0.540000 0.433458 0.017500 0.012184
0 0.661250 0.656514 0.007500 0.006560
0 0.716875 0.423618 0.021250 0.009372
0 0.691250 0.348172 0.027500 0.015933
0 0.989375 0.420806 0.018750 0.020619
0 0.935000 0.555295 0.030000 0.021556
0 0.278750 0.838332 0.030000 0.019681
0 0.591875 0.674321 0.041250 0.029053
0 0.478750 0.788191 0.022500 0.016870
0 0.588125 0.719306 0.026250 0.023430
0 0.476875 0.863168 0.023750 0.016870
0 0.565000 0.709466 0.012500 0.009372
0 0.405625 0.667291 0.023750 0.018744
0 0.398125 0.857545 0.011250 0.007498
0 0.356875 0.879569 0.021250 0.012184
0 0.540000 0.710403 0.015000 0.009372
0 0.410625 0.692127 0.013750 0.014058
0 0.975625 0.731490 0.033750 0.021556
0 0.797500 0.788191 0.030000 0.014995
0 0.793750 0.877694 0.027500 0.014058
0 0.934375 0.780225 0.028750 0.014058
0 0.531250 0.559981 0.010000 0.012184
0 0.548750 0.552484 0.015000 0.012184
0 0.575625 0.554827 0.013750 0.009372
0 0.502500 0.528116 0.015000 0.012184
0 0.648125 0.316307 0.023750 0.006560
0 0.648750 0.309747 0.022500 0.006560
0 0.301250 0.677132 0.015000 0.012184
0 0.355625 0.633083 0.011250 0.006560
0 0.356250 0.682755 0.040000 0.030928
0 0.483750 0.671509 0.012500 0.014058
0 0.471250 0.676195 0.015000 0.012184
0 0.033750 0.581537 0.020000 0.010309
0 0.011250 0.564667 0.017500 0.012184
0 0.109375 0.561856 0.031250 0.008435
0 0.127500 0.569822 0.027500 0.007498
1 0.317500 0.664011 0.097500 0.072165
1 0.327500 0.624649 0.085000 0.079663
0 0.287500 0.694002 0.017500 0.008435
