1 0.533125 0.450797 0.218750 0.091846
0 0.520000 0.167291 0.067500 0.060918
0 0.833750 0.620431 0.040000 0.035614
0 0.688125 0.268510 0.083750 0.027179
1 0.788125 0.157451 0.226250 0.086223
1 0.580625 0.810216 0.163750 0.130272
0 0.234375 0.449391 0.011250 0.012184
0 0.221250 0.450328 0.012500 0.012184
0 0.270000 0.574977 0.032500 0.025305
0 0.314375 0.825679 0.026250 0.018744
0 0.627500 0.581537 0.025000 0.019681
0 0.317500 0.514995 0.027500 0.021556
0 0.405625 0.497657 0.028750 0.022493
0 0.605625 0.592315 0.018750 0.014995
0 0.430625 0.474227 0.016250 0.011246
0 0.345625 0.612933 0.016250 0.007498
0 0.423125 0.588566 0.018750 0.009372
0 0.465000 0.479381 0.015000 0.008435
0 0.612500 0.405342 0.010000 0.008435
0 0.410625 0.472352 0.016250 0.013121
0 0.703125 0.373946 0.008750 0.005623
0 0.390625 0.340675 0.013750 0.015933
0 0.291250 0.362231 0.022500 0.021556
0 0.378125 0.135895 0.028750 0.014995
0 0.558750 0.171978 0.030000 0.023430
0 0.958750 0.654639 0.027500 0.023430
0 0.730000 0.425492 0.040000 0.031865
0 0.885625 0.506560 0.023750 0.017807
0 0.790000 0.426429 0.032500 0.020619
0 0.985625 0.505155 0.023750 0.018744
0 0.777500 0.444236 0.012500 0.009372
0 0.726875 0.565136 0.026250 0.018744
0 0.980000 0.563730 0.010000 0.008435
0 0.778750 0.462980 0.012500 0.011246
0 0.759375 0.560450 0.018750 0.011246
0 0.792500 0.135895 0.030000 0.026242
0 0.874375 0.267573 0.021250 0.023430
0 0.986250 0.267104 0.007500 0.020619
0 0.858750 0.164948 0.020000 0.022493
0 0.579375 0.475164 0.016250 0.007498
0 0.568125 0.462043 0.016250 0.011246
0 0.571250 0.441893 0.012500 0.010309
0 0.536875 0.497657 0.016250 0.011246
0 0.250000 0.395970 0.010000 0.017807
0 0.241250 0.395501 0.010000 0.016870
0 0.743125 0.642924 0.016250 0.011246
0 0.683125 0.604030 0.008750 0.008435
0 0.748750 0.601218 0.042500 0.030928
0 0.729375 0.506560 0.018750 0.010309
0 0.735625 0.516401 0.016250 0.011246
0 0.625000 0.847235 0.015000 0.014995
0 0.603125 0.864105 0.016250 0.013121
0 0.596250 0.791471 0.012500 0.023430
0 0.606875 0.776945 0.011250 0.020619
1 0.725000 0.632146 0.100000 0.075914
1 0.671875 0.625586 0.108750 0.066542
0 0.766875 0.652296 0.011250 0.013121
