0 0.242500 0.390815 0.037500 0.063730
0 0.925000 0.347235 0.027500 0.055295
0 0.345625 0.240862 0.033750 0.058107
0 0.866875 0.194939 0.036250 0.065604
0 0.246875 0.267104 0.033750 0.020619
0 0.086875 0.233833 0.023750 0.017807
0 0.293125 0.199625 0.016250 0.031865
0 0.526250 0.291003 0.027500 0.012184
0 0.800625 0.222118 0.036250 0.020619
0 0.673125 0.176664 0.013750 0.038425
0 0.745000 0.171509 0.015000 0.033739
0 0.310625 0.568885 0.016250 0.013121
0 0.278125 0.490159 0.016250 0.011246
0 0.177500 0.343018 0.035000 0.020619
0 0.400625 0.455483 0.026250 0.031865
0 0.636875 0.440487 0.031250 0.013121
0 0.487500 0.621368 0.022500 0.014995
0 0.415625 0.567948 0.018750 0.014995
0 0.434375 0.575445 0.026250 0.035614
0 0.596875 0.649953 0.016250 0.012184
0 0.527500 0.483130 0.020000 0.038425
0 0.460000 0.598875 0.020000 0.058107
0 0.521875 0.613871 0.016250 0.011246
0 0.450625 0.567479 0.016250 0.012184
0 0.507500 0.511715 0.015000 0.054358
0 0.948750 0.522024 0.025000 0.050609
0 0.979375 0.658857 0.018750 0.011246
0 0.980000 0.609653 0.015000 0.012184
0 0.815000 0.479381 0.020000 0.015933
0 0.978125 0.505623 0.013750 0.010309
0 0.488750 0.793814 0.022500 0.016870
0 0.561250 0.736645 0.022500 0.016870
0 0.414375 0.679007 0.016250 0.014058
0 0.487500 0.735708 0.015000 0.011246
0 0.636875 0.766167 0.016250 0.014058
0 0.638750 0.824742 0.015000 0.011246
0 0.709375 0.679944 0.016250 0.010309
0 0.675000 0.736645 0.015000 0.009372
0 0.223031 0.451635 0.008562 0.018547
0 0.231481 0.463828 0.010462 0.020440
0 0.050550 0.568285 0.011100 0.030665
1 0.010937 0.352381 0.021875 0.063711
0 0.292806 0.293491 0.020612 0.052774
0 0.527819 0.380989 0.015637 0.165914
0 0.641931 0.556560 0.018863 0.219025
0 0.323713 0.664452 0.019925 0.014939
0 0.040094 0.740773 0.007688 0.027001
0 0.055462 0.666050 0.023425 0.201828
0 0.987100 0.739817 0.026700 0.148800
0 0.986662 0.630436 0.025825 0.237441
0 0.800737 0.488955 0.013975 0.010712
