0 0.755625 0.612465 0.038750 0.064667
0 0.071875 0.647142 0.028750 0.055295
0 0.648750 0.761012 0.035000 0.058107
0 0.126250 0.800375 0.037500 0.065604
0 0.748125 0.736645 0.033750 0.020619
0 0.906875 0.771790 0.023750 0.017807
0 0.700000 0.803187 0.017500 0.031865
0 0.468750 0.708997 0.027500 0.012184
0 0.193125 0.774602 0.036250 0.021556
0 0.320000 0.821462 0.015000 0.038425
0 0.248125 0.825679 0.016250 0.033739
0 0.691875 0.433927 0.016250 0.013121
0 0.721875 0.512652 0.016250 0.011246
0 0.818750 0.661668 0.035000 0.020619
0 0.598750 0.546392 0.027500 0.031865
0 0.361875 0.557638 0.031250 0.013121
0 0.516250 0.378632 0.022500 0.014995
0 0.586875 0.432990 0.018750 0.014995
0 0.567500 0.425492 0.027500 0.035614
0 0.406875 0.349110 0.016250 0.012184
0 0.471875 0.516870 0.021250 0.038425
0 0.543125 0.402062 0.021250 0.058107
0 0.480625 0.386129 0.016250 0.011246
0 0.551875 0.433458 0.016250 0.012184
0 0.493125 0.488285 0.016250 0.054358
0 0.051875 0.472352 0.026250 0.050609
0 0.024375 0.335520 0.018750 0.011246
0 0.022500 0.384724 0.015000 0.012184
0 0.185000 0.516870 0.020000 0.015933
0 0.021875 0.488754 0.013750 0.010309
0 0.518750 0.206186 0.022500 0.016870
0 0.445000 0.262418 0.022500 0.016870
0 0.590625 0.321931 0.016250 0.014058
0 0.518750 0.264292 0.015000 0.011246
0 0.369375 0.231959 0.016250 0.014058
0 0.368750 0.173383 0.015000 0.011246
0 0.295625 0.317245 0.016250 0.010309
0 0.331250 0.261481 0.015000 0.009372
0 0.775625 0.552015 0.008750 0.018744
0 0.768750 0.539831 0.010000 0.020619
0 0.951250 0.438144 0.012500 0.030928
1 0.985625 0.654171 0.023750 0.063730
0 0.703125 0.709466 0.021250 0.052484
0 0.470000 0.619025 0.020000 0.165886
0 0.359375 0.441425 0.023750 0.219306
0 0.680000 0.337395 0.020000 0.014995
0 0.965625 0.265698 0.008750 0.027179
0 0.949375 0.339738 0.028750 0.201500
0 0.018750 0.253515 0.030000 0.149016
0 0.016875 0.363168 0.031250 0.237113
0 0.199375 0.507498 0.013750 0.010309
