1 0.715000 0.591846 0.432500 0.317713
1 0.288750 0.630740 0.415000 0.243674
0 0.267500 0.572634 0.055000 0.039363
0 0.156875 0.255389 0.088750 0.070291
0 0.603750 0.350984 0.042500 0.030928
0 0.843750 0.770853 0.072500 0.053421
0 0.421250 0.853796 0.065000 0.039363
0 0.614375 0.735708 0.093750 0.029991
0 0.578125 0.865979 0.048750 0.033739
0 0.445000 0.239456 0.120000 0.070291
0 0.291250 0.751172 0.072500 0.034677
1 0.398125 0.510309 0.533750 0.349578
0 0.444375 0.745548 0.148750 0.036551
0 0.284375 0.777882 0.063750 0.039363
0 0.780000 0.493908 0.022500 0.016870
0 0.719375 0.573571 0.048750 0.013121
0 0.040625 0.752109 0.026250 0.019681
0 0.311875 0.482193 0.023750 0.015933
0 0.130625 0.829897 0.033750 0.023430
1 0.163750 0.446111 0.327500 0.260544
0 0.040000 0.373008 0.020000 0.014995
0 0.301875 0.324742 0.073750 0.072165
0 0.343125 0.369728 0.021250 0.017807
0 0.425625 0.278819 0.126250 0.074039
0 0.806250 0.567948 0.025000 0.014995
0 0.849375 0.530459 0.023750 0.011246
0 0.901250 0.569822 0.025000 0.016870
0 0.917500 0.788191 0.020000 0.014995
0 0.119375 0.701500 0.078750 0.042174
0 0.141875 0.679007 0.028750 0.036551
0 0.413125 0.553421 0.026250 0.015933
0 0.313750 0.709934 0.087500 0.060918
0 0.555000 0.587160 0.027500 0.015933
