1 0.590625 0.327554 0.373750 0.287723
1 0.702500 0.639175 0.275000 0.284911
0 0.628125 0.663074 0.046250 0.036551
0 0.224375 0.789128 0.083750 0.058107
0 0.601250 0.057170 0.040000 0.037488
0 0.288125 0.444236 0.036250 0.028116
0 0.071875 0.107779 0.106250 0.118088
0 0.810119 0.206973 0.062738 0.048435
0 0.458750 0.038894 0.045000 0.042174
0 0.977500 0.509372 0.045000 0.044049
0 0.744375 0.108716 0.038750 0.037488
0 0.795000 0.382849 0.027500 0.068416
0 0.971875 0.391284 0.038750 0.032802
0 0.163344 0.577231 0.079188 0.082296
0 0.859737 0.620239 0.036975 0.050225
1 0.528525 0.574625 0.402050 0.361996
0 0.831875 0.507498 0.028750 0.109653
0 0.896250 0.621368 0.045000 0.043112
0 0.452500 0.293346 0.020000 0.014995
0 0.566875 0.327085 0.011250 0.035614
0 0.896875 0.806467 0.023750 0.017807
0 0.501875 0.642455 0.018750 0.015933
0 0.986250 0.728210 0.027500 0.022493
0 0.863750 0.930178 0.020000 0.017807
1 0.475844 0.817052 0.309188 0.335136
0 0.396087 0.859653 0.017175 0.013590
0 0.296931 0.671813 0.088863 0.046532
0 0.350525 0.633932 0.021050 0.013880
0 0.218219 0.586270 0.083938 0.087254
0 0.547662 0.264278 0.017825 0.016842
0 0.491431 0.236907 0.012862 0.016457
0 0.536225 0.192844 0.019950 0.016429
0 0.248637 0.047516 0.044775 0.042549
0 0.305350 0.024475 0.040700 0.035829
0 0.822675 0.150122 0.017850 0.013458
0 0.819338 0.754508 0.046175 0.054470
0 0.785837 0.740567 0.046675 0.017216
0 0.583100 0.557216 0.018700 0.017901
0 0.803006 0.609794 0.071013 0.059325
0 0.607481 0.447216 0.017463 0.019082
1 0.590625 0.327554 0.373750 0.287723
1 0.702500 0.639175 0.275000 0.284911
0 0.628125 0.663074 0.046250 0.036551
0 0.224375 0.789128 0.083750 0.058107
0 0.601250 0.057170 0.040000 0.037488
0 0.288125 0.444236 0.036250 0.028116
0 0.071875 0.107779 0.106250 0.118088
0 0.810119 0.206973 0.062738 0.048435
0 0.458750 0.038894 0.045000 0.042174
0 0.977500 0.509372 0.045000 0.044049
0 0.744375 0.108716 0.038750 0.037488
0 0.795000 0.382849 0.027500 0.068416
0 0.971875 0.391284 0.038750 0.032802
0 0.163344 0.577231 0.079188 0.082296
0 0.859737 0.620239 0.036975 0.050225
1 0.528525 0.574625 0.402050 0.361996
0 0.831875 0.507498 0.028750 0.109653
0 0.896250 0.621368 0.045000 0.043112
0 0.452500 0.293346 0.020000 0.014995
0 0.566875 0.327085 0.011250 0.035614
0 0.896875 0.806467 0.023750 0.017807
0 0.501875 0.642455 0.018750 0.015933
0 0.986250 0.728210 0.027500 0.022493
0 0.863750 0.930178 0.020000 0.017807
1 0.475844 0.817052 0.309188 0.335136
0 0.396087 0.859653 0.017175 0.013590
0 0.296931 0.671813 0.088863 0.046532
0 0.350525 0.633932 0.021050 0.013880
0 0.218219 0.586270 0.083938 0.087254
0 0.547662 0.264278 0.017825 0.016842
0 0.491431 0.236907 0.012862 0.016457
0 0.536225 0.192844 0.019950 0.016429
0 0.248637 0.047516 0.044775 0.042549
0 0.305350 0.024475 0.040700 0.035829
0 0.822675 0.150122 0.017850 0.013458
0 0.819338 0.754508 0.046175 0.054470
0 0.785837 0.740567 0.046675 0.017216
0 0.583100 0.557216 0.018700 0.017901
0 0.803006 0.609794 0.071013 0.059325
0 0.607481 0.447216 0.017463 0.019082
