1 0.787500 0.660262 0.315000 0.255858
0 0.052500 0.575914 0.042500 0.047798
1 0.931875 0.667291 0.136250 0.223055
1 0.963750 0.600281 0.072500 0.171509
0 0.192500 0.198219 0.025000 0.015933
0 0.365000 0.316307 0.020000 0.014058
0 0.375000 0.311621 0.020000 0.015933
0 0.215000 0.517807 0.030000 0.017807
0 0.011250 0.445642 0.022500 0.027179
0 0.043750 0.467666 0.035000 0.029991
0 0.434375 0.559044 0.023750 0.017807
0 0.425625 0.669166 0.063750 0.044986
0 0.844375 0.632615 0.026250 0.022493
0 0.711875 0.424086 0.023750 0.019681
0 0.993125 0.616214 0.013750 0.019681
0 0.685625 0.396439 0.036250 0.031865
0 0.782500 0.312090 0.022500 0.011246
0 0.098125 0.827554 0.033750 0.039363
0 0.883750 0.889410 0.020000 0.016870
0 0.475625 0.410028 0.018750 0.014058
0 0.388125 0.608716 0.071250 0.044049
0 0.388125 0.603561 0.018750 0.011246
0 0.433125 0.669166 0.018750 0.014995
0 0.988750 0.705717 0.010000 0.007498
1 0.986875 0.741799 0.026250 0.042174
1 0.933750 0.277413 0.090000 0.048735
1 0.903750 0.338332 0.092500 0.082474
1 0.881250 0.309278 0.127500 0.189316
1 0.992500 0.857545 0.015000 0.035614
