0 0.934375 0.720244 0.078750 0.057170
0 0.890000 0.223993 0.122500 0.088097
0 0.603750 0.514527 0.100000 0.073102
0 0.135625 0.217901 0.088750 0.062793
0 0.070625 0.504217 0.076250 0.059981
0 0.037500 0.583880 0.065000 0.056232
0 0.765000 0.347235 0.047500 0.030928
1 0.654006 0.686795 0.213012 0.153346
0 0.510625 0.804124 0.056250 0.041237
0 0.575625 0.732896 0.056250 0.039363
0 0.688125 0.501874 0.058750 0.055295
0 0.384375 0.616682 0.043750 0.046860
0 0.188750 0.661200 0.055000 0.040300
0 0.143750 0.546392 0.047500 0.044986
0 0.755000 0.475633 0.052500 0.059044
0 0.751875 0.507498 0.048750 0.034677
0 0.022500 0.627929 0.045000 0.037488
0 0.341250 0.208529 0.057500 0.100281
0 0.770625 0.629335 0.031250 0.040300
0 0.011250 0.317713 0.022500 0.026242
0 0.448750 0.265230 0.035000 0.024367
0 0.384375 0.260075 0.036250 0.023430
0 0.247500 0.474227 0.017500 0.020619
0 0.186250 0.437676 0.027500 0.018744
0 0.295000 0.584349 0.017500 0.014058
0 0.051875 0.637769 0.033750 0.021556
0 0.188125 0.447985 0.023750 0.029991
0 0.063125 0.618088 0.033750 0.021556
0 0.486250 0.522962 0.045000 0.022493
0 0.495000 0.401125 0.072500 0.016870
0 0.455625 0.343955 0.068750 0.014995
0 0.487500 0.366448 0.045000 0.026242
0 0.620625 0.401125 0.036250 0.026242
0 0.548125 0.477976 0.033750 0.028116
0 0.482500 0.644799 0.027500 0.020619
0 0.648750 0.452671 0.032500 0.033739
0 0.346250 0.391753 0.027500 0.028116
0 0.346875 0.437207 0.028750 0.030928
0 0.526875 0.576382 0.018750 0.009372
0 0.953125 0.375351 0.036250 0.027179
0 0.978750 0.623711 0.040000 0.030928
0 0.100619 0.729541 0.031237 0.023280
0 0.190000 0.708060 0.022500 0.038425
1 0.016250 0.687910 0.032500 0.031865
0 0.421250 0.746485 0.017500 0.010309
0 0.336931 0.682432 0.016362 0.009663
0 0.660350 0.821635 0.023200 0.031275
0 0.402500 0.822399 0.010000 0.008435
0 0.714375 0.774133 0.036250 0.022493
0 0.517663 0.623505 0.042825 0.032390
1 0.715100 0.671851 0.065200 0.061603
1 0.635512 0.689845 0.086025 0.041359
0 0.090344 0.548454 0.038187 0.030366
0 0.186187 0.474930 0.022375 0.037020
0 0.190006 0.500272 0.005012 0.012727
0 0.200887 0.502216 0.014275 0.010993
0 0.211175 0.509499 0.012350 0.012437
0 0.211394 0.390028 0.032787 0.050909
0 0.519444 0.415853 0.076387 0.014461
1 0.260019 0.449517 0.140038 0.156767
1 0.314406 0.432521 0.118813 0.167760
