0 0.930000 0.726336 0.080000 0.058107
0 0.896250 0.229616 0.125000 0.089972
0 0.603125 0.515933 0.101250 0.074039
0 0.142500 0.213683 0.090000 0.063730
0 0.071250 0.499063 0.077500 0.060918
0 0.035625 0.577788 0.066250 0.057170
0 0.769375 0.350515 0.048750 0.031865
1 0.649375 0.688379 0.216250 0.156514
0 0.503750 0.804592 0.057500 0.042174
0 0.570000 0.734302 0.057500 0.040300
0 0.688750 0.504217 0.060000 0.056232
0 0.382500 0.615276 0.045000 0.047798
0 0.185625 0.656982 0.056250 0.041237
0 0.143125 0.542174 0.048750 0.045923
0 0.755625 0.478913 0.053750 0.059981
0 0.752500 0.510778 0.050000 0.035614
0 0.021250 0.621837 0.042500 0.038425
0 0.348750 0.207123 0.060000 0.101218
0 0.767500 0.633083 0.032500 0.040300
0 0.016250 0.311153 0.022500 0.026242
0 0.455000 0.265230 0.035000 0.024367
0 0.390625 0.258669 0.036250 0.024367
0 0.248750 0.471415 0.017500 0.020619
0 0.187500 0.433927 0.027500 0.018744
0 0.293750 0.581537 0.017500 0.014058
0 0.049375 0.632146 0.033750 0.021556
0 0.190000 0.444236 0.025000 0.029991
0 0.060625 0.612465 0.033750 0.021556
0 0.486250 0.523430 0.045000 0.023430
0 0.497500 0.401593 0.072500 0.017807
0 0.459375 0.343486 0.068750 0.015933
0 0.491250 0.366917 0.045000 0.027179
0 0.623125 0.402530 0.036250 0.027179
0 0.548750 0.478913 0.035000 0.028116
0 0.480000 0.644799 0.027500 0.020619
0 0.650625 0.454545 0.033750 0.033739
0 0.349375 0.389878 0.028750 0.028116
0 0.348750 0.435333 0.030000 0.030928
0 0.525625 0.577320 0.018750 0.009372
0 0.956250 0.381443 0.037500 0.028116
0 0.975625 0.629803 0.041250 0.031865
0 0.096875 0.724930 0.031250 0.023430
0 0.185625 0.704311 0.023750 0.038425
1 0.014375 0.681350 0.028750 0.031865
0 0.416250 0.745548 0.017500 0.010309
0 0.333125 0.680412 0.016250 0.009372
0 0.653750 0.823336 0.025000 0.030928
0 0.395000 0.821462 0.010000 0.008435
0 0.708125 0.777413 0.036250 0.023430
0 0.515625 0.624180 0.043750 0.033739
1 0.710625 0.675258 0.066250 0.062793
1 0.631250 0.691190 0.087500 0.042174
0 0.090000 0.544049 0.040000 0.030928
0 0.186875 0.470478 0.023750 0.037488
0 0.190000 0.495783 0.005000 0.013121
0 0.201875 0.498594 0.013750 0.011246
0 0.211250 0.506560 0.012500 0.012184
0 0.214375 0.387067 0.033750 0.050609
0 0.521875 0.417057 0.076250 0.014995
1 0.261875 0.446579 0.143750 0.158388
1 0.316250 0.429709 0.122500 0.169634
