0 0.223125 0.449296 0.143750 0.109859
0 0.582500 0.044601 0.145000 0.089202
0 0.639375 0.583568 0.143750 0.143662
0 0.520625 0.381221 0.106250 0.084507
0 0.778750 0.833333 0.082500 0.061033
0 0.786250 0.116432 0.155000 0.193427
0 0.886875 0.392488 0.121250 0.165258
0 0.444375 0.346009 0.083750 0.042254
0 0.784375 0.489671 0.113750 0.111737
0 0.204375 0.834272 0.053750 0.044131
0 0.058750 0.732864 0.057500 0.046009
0 0.110000 0.784507 0.057500 0.044131
0 0.210000 0.285915 0.090000 0.126761
0 0.368125 0.344131 0.061250 0.038498
0 0.239375 0.753052 0.056250 0.043192
0 0.324375 0.632394 0.118750 0.040376
0 0.253750 0.529108 0.055000 0.030986
0 0.311250 0.244131 0.050000 0.037559
0 0.325000 0.384977 0.067500 0.033803
0 0.148125 0.669953 0.058750 0.034742
0 0.903125 0.862441 0.058750 0.042254
0 0.934375 0.258000 0.131250 0.114122
0 0.329375 0.856808 0.053750 0.027230
0 0.328750 0.418779 0.060000 0.031925
0 0.251875 0.148357 0.043750 0.028169
0 0.280625 0.688263 0.066250 0.026291
0 0.740000 0.484507 0.060000 0.041315
0 0.824375 0.642723 0.043750 0.029108
0 0.124375 0.055869 0.051250 0.034742
0 0.253750 0.043662 0.045000 0.029108
0 0.406875 0.156338 0.046250 0.025352
0 0.978125 0.316432 0.023750 0.022535
0 0.023750 0.409390 0.047500 0.024413
0 0.019375 0.372742 0.038750 0.022479
0 0.005625 0.613146 0.011250 0.022535
0 0.606250 0.374178 0.020000 0.015962
0 0.493125 0.450704 0.021250 0.016901
0 0.846875 0.861033 0.031250 0.024413
0 0.805731 0.659859 0.041462 0.025822
0 0.701875 0.785446 0.016250 0.008451
0 0.621681 0.398502 0.053363 0.028930
0 0.594119 0.400901 0.045738 0.026216
0 0.192963 0.634789 0.040925 0.030141
0 0.396525 0.136704 0.050550 0.019887
0 0.438194 0.005878 0.028887 0.011756
0 0.871838 0.556944 0.023675 0.017174
