0 0.523750 0.287324 0.167500 0.123944
0 0.411875 0.616901 0.211250 0.129577
0 0.660000 0.496714 0.127500 0.092019
0 0.105625 0.759155 0.093750 0.070423
0 0.954375 0.659624 0.091250 0.128638
0 0.701875 0.770423 0.236250 0.115493
0 0.694375 0.435211 0.068750 0.068545
0 0.558750 0.709859 0.165000 0.101408
0 0.023750 0.332394 0.047500 0.046948
0 0.125000 0.208920 0.070000 0.049765
0 0.065000 0.254930 0.067500 0.049765
0 0.736875 0.251643 0.181250 0.086385
0 0.685000 0.377934 0.060000 0.051643
0 0.126250 0.346479 0.065000 0.048826
0 0.299375 0.391080 0.071250 0.094836
0 0.423125 0.321596 0.048750 0.046009
0 0.807500 0.320188 0.057500 0.043192
0 0.623750 0.352582 0.055000 0.055399
0 0.221250 0.265728 0.055000 0.048826
0 0.091875 0.855399 0.053750 0.048826
0 0.885625 0.784507 0.171250 0.115493
0 0.013125 0.428638 0.026250 0.044131
0 0.580625 0.360094 0.051250 0.049765
0 0.924375 0.261502 0.043750 0.036620
0 0.218750 0.366667 0.045000 0.053521
0 0.558125 0.676056 0.063750 0.050704
0 0.363750 0.762911 0.045000 0.036620
0 0.937500 0.376995 0.040000 0.038498
0 0.816875 0.825822 0.033750 0.021596
0 0.545000 0.132394 0.040000 0.039437
0 0.591875 0.123944 0.036250 0.031925
0 0.274375 0.150704 0.031250 0.012207
0 0.681875 0.559624 0.023750 0.016901
0 0.563750 0.487324 0.025000 0.018779
0 0.080000 0.813615 0.037500 0.027230
0 0.338125 0.751643 0.041250 0.034742
0 0.156875 0.694836 0.013750 0.013146
0 0.653125 0.575117 0.046250 0.044131
0 0.644375 0.554460 0.041250 0.038498
0 0.274375 0.293897 0.046250 0.035681
0 0.961875 0.366667 0.033750 0.040376
0 0.483125 0.784977 0.026250 0.020657
