1 0.753750 0.737559 0.260000 0.218779
0 0.366875 0.691080 0.111250 0.092019
0 0.455000 0.676526 0.102500 0.091080
1 0.494375 0.440376 0.218750 0.281690
0 0.815625 0.701878 0.103750 0.076056
1 0.560000 0.223474 0.202500 0.212207
1 0.631875 0.761033 0.213750 0.175587
1 0.328125 0.422066 0.113750 0.113615
0 0.430000 0.214085 0.135000 0.144601
0 0.276250 0.835681 0.067500 0.054460
0 0.118125 0.618310 0.073750 0.055399
0 0.758750 0.756338 0.067500 0.051643
0 0.687500 0.258216 0.070000 0.138967
0 0.820625 0.592958 0.061250 0.042254
0 0.061875 0.799061 0.048750 0.031925
1 0.236875 0.516432 0.113750 0.116432
0 0.335625 0.502817 0.048750 0.032864
0 0.589375 0.502347 0.051250 0.061972
0 0.786875 0.627230 0.043750 0.035681
0 0.292500 0.191549 0.035000 0.058216
0 0.668750 0.165728 0.035000 0.055399
0 0.419375 0.869014 0.143750 0.030986
0 0.929375 0.551174 0.071250 0.046948
0 0.095625 0.807042 0.033750 0.042254
0 0.281875 0.774178 0.041250 0.029108
0 0.280625 0.879812 0.028750 0.016901
0 0.080000 0.877934 0.025000 0.022535
0 0.253750 0.520188 0.035000 0.033803
0 0.236875 0.492019 0.011250 0.018779
0 0.025625 0.426761 0.023750 0.025352
0 0.058750 0.498592 0.017500 0.013146
0 0.096250 0.411737 0.020000 0.012207
0 0.245625 0.351174 0.018750 0.024413
0 0.067500 0.335211 0.015000 0.013146
0 0.173125 0.155399 0.033750 0.029108
0 0.014375 0.307981 0.021250 0.028169
0 0.603125 0.540845 0.018750 0.015023
0 0.350625 0.475587 0.043750 0.030986
0 0.607500 0.315493 0.012500 0.016901
0 0.172500 0.672300 0.050000 0.033803
0 0.132500 0.670892 0.040000 0.029108
0 0.041250 0.887793 0.015000 0.025352
0 0.498750 0.279343 0.010000 0.014085
0 0.510625 0.271831 0.016250 0.023474
0 0.570000 0.415962 0.015000 0.016901
0 0.462500 0.577465 0.055000 0.033803
0 0.307500 0.400000 0.015000 0.030047
0 0.335625 0.170892 0.018750 0.016901
0 0.059375 0.383568 0.016250 0.023474
1 0.595000 0.802817 0.107500 0.075117
