1 0.167500 0.673709 0.275000 0.181221
0 0.256250 0.386385 0.115000 0.077934
0 0.268750 0.453521 0.115000 0.071362
1 0.580000 0.500000 0.362500 0.145540
0 0.210000 0.722066 0.095000 0.073239
1 0.863750 0.563850 0.270000 0.138028
1 0.145000 0.580751 0.220000 0.149296
1 0.615625 0.376056 0.143750 0.077934
0 0.885000 0.467606 0.185000 0.092019
0 0.070625 0.308920 0.068750 0.046948
0 0.369375 0.205164 0.068750 0.051643
0 0.141250 0.676056 0.065000 0.046948
0 0.808125 0.657277 0.181250 0.043192
0 0.355000 0.733333 0.052500 0.043192
0 0.133125 0.150704 0.038750 0.034742
1 0.496250 0.301878 0.147500 0.077934
0 0.507500 0.376056 0.040000 0.034742
0 0.491250 0.566667 0.080000 0.034742
0 0.311250 0.705634 0.045000 0.030986
0 0.925000 0.366197 0.075000 0.022535
0 0.931875 0.649765 0.071250 0.022535
0 0.015625 0.413146 0.031250 0.107042
0 0.402606 0.817845 0.057712 0.050714
0 0.120625 0.175587 0.053750 0.022535
0 0.151875 0.316901 0.036250 0.029108
0 0.010625 0.308920 0.021250 0.020657
0 0.028125 0.158685 0.028750 0.016901
0 0.491250 0.313615 0.042500 0.024413
0 0.529375 0.303286 0.023750 0.007512
0 0.631250 0.149765 0.032500 0.015962
0 0.533125 0.169484 0.016250 0.012207
0 0.646250 0.203286 0.015000 0.014085
0 0.715625 0.319718 0.031250 0.012207
0 0.749375 0.187324 0.016250 0.010329
0 0.980625 0.278404 0.036250 0.023474
0 0.789375 0.148826 0.036250 0.014085
0 0.439375 0.574648 0.018750 0.013146
0 0.543125 0.389202 0.038750 0.030986
0 0.738125 0.592958 0.021250 0.008451
0 0.294144 0.242343 0.040788 0.035859
0 0.299256 0.212136 0.036012 0.028028
0 0.016487 0.115742 0.032975 0.036178
0 0.794331 0.514221 0.018662 0.006845
0 0.802469 0.524465 0.029937 0.010432
0 0.607100 0.557164 0.021700 0.010103
0 0.400394 0.466667 0.040788 0.039437
0 0.646813 0.362310 0.038625 0.009127
0 0.949163 0.399784 0.020825 0.012714
0 0.686437 0.177986 0.030375 0.010432
1 0.091569 0.550573 0.093138 0.075793
