1 0.544375 0.398313 0.276250 0.183693
1 0.180625 0.247423 0.318750 0.183693
1 0.760000 0.546392 0.255000 0.183693
0 0.267500 0.762887 0.097500 0.071228
1 0.231875 0.465792 0.313750 0.179944
0 0.762500 0.501874 0.115000 0.064667
1 0.884375 0.399250 0.156250 0.106842
0 0.165625 0.348172 0.218750 0.096532
0 0.098125 0.514058 0.138750 0.111528
0 0.187500 0.632146 0.092500 0.109653
0 0.123750 0.752109 0.097500 0.062793
0 0.753750 0.097938 0.057500 0.042174
0 0.856250 0.165886 0.050000 0.039363
0 0.889375 0.186036 0.048750 0.036551
0 0.900000 0.678069 0.050000 0.042174
0 0.334375 0.782099 0.063750 0.040300
0 0.118125 0.936270 0.056250 0.035614
0 0.037500 0.447985 0.075000 0.059981
0 0.261250 0.172446 0.117500 0.163074
0 0.969375 0.679944 0.013750 0.008435
0 0.412500 0.797095 0.032500 0.019681
0 0.483750 0.804592 0.022500 0.012184
0 0.948750 0.403936 0.027500 0.026242
0 0.811250 0.617619 0.027500 0.014995
0 0.856250 0.366917 0.020000 0.014058
0 0.608750 0.345829 0.042500 0.022493
0 0.371875 0.623711 0.013750 0.019681
0 0.416250 0.400656 0.015000 0.019681
0 0.369375 0.638707 0.013750 0.019681
0 0.424375 0.385192 0.013750 0.018744
0 0.121875 0.630740 0.046250 0.029991
0 0.215000 0.468604 0.022500 0.014995
0 0.188750 0.548735 0.012500 0.010309
0 0.228125 0.457826 0.013750 0.010309
0 0.250000 0.594658 0.017500 0.012184
0 0.759375 0.192127 0.026250 0.016870
0 0.656250 0.217432 0.045000 0.035614
0 0.328750 0.113402 0.022500 0.014995
0 0.369375 0.307873 0.021250 0.012184
0 0.418125 0.207123 0.018750 0.011246
0 0.406250 0.213683 0.017500 0.011246
0 0.752500 0.305530 0.052500 0.037488
0 0.764375 0.328491 0.031250 0.029053
0 0.769375 0.350515 0.033750 0.033739
0 0.839375 0.356607 0.031250 0.014058
0 0.819375 0.328491 0.046250 0.032802
0 0.884375 0.370197 0.011250 0.007498
0 0.920000 0.388941 0.017500 0.016870
0 0.900000 0.258201 0.047500 0.036551
0 0.696250 0.101218 0.045000 0.035614
0 0.240000 0.434864 0.152500 0.063730
0 0.193125 0.436739 0.013750 0.014995
0 0.280000 0.695408 0.022500 0.037488
0 0.270000 0.712277 0.027500 0.039363
0 0.780000 0.546392 0.015000 0.013121
0 0.684375 0.502343 0.016250 0.014995
0 0.511875 0.513590 0.013750 0.007498
0 0.514375 0.502812 0.013750 0.019681
