1 0.435625 0.595595 0.246250 0.156514
1 0.763125 0.787254 0.291250 0.151828
1 0.253750 0.423618 0.225000 0.159325
0 0.784375 0.268041 0.086250 0.061856
1 0.758125 0.565136 0.286250 0.148079
0 0.241250 0.467198 0.105000 0.053421
1 0.099375 0.554827 0.138750 0.091846
0 0.799375 0.689784 0.206250 0.073102
0 0.900000 0.533739 0.120000 0.098407
0 0.836250 0.406279 0.072500 0.102156
0 0.925000 0.295689 0.087500 0.053421
0 0.166250 0.867385 0.050000 0.036551
0 0.078125 0.788660 0.043750 0.034677
0 0.050000 0.764761 0.042500 0.031865
0 0.142500 0.277413 0.042500 0.037488
0 0.722500 0.240862 0.057500 0.033739
0 0.968750 0.114339 0.050000 0.029991
0 0.955625 0.606373 0.086250 0.050609
0 0.668125 0.851453 0.086250 0.154639
0 0.013125 0.309747 0.026250 0.017807
0 0.073750 0.267104 0.012500 0.007498
0 0.648125 0.217432 0.028750 0.016870
0 0.580000 0.201031 0.020000 0.010309
0 0.037500 0.542643 0.022500 0.024367
0 0.217500 0.347235 0.025000 0.012184
0 0.121250 0.589972 0.017500 0.012184
0 0.360625 0.639644 0.038750 0.017807
0 0.652500 0.392690 0.010000 0.018744
0 0.561875 0.608247 0.011250 0.018744
0 0.658750 0.378632 0.010000 0.018744
0 0.551250 0.622774 0.010000 0.017807
0 0.900625 0.415651 0.041250 0.025305
0 0.775000 0.565136 0.020000 0.013121
0 0.818125 0.488285 0.011250 0.009372
0 0.760000 0.573571 0.012500 0.009372
0 0.767500 0.436270 0.015000 0.010309
0 0.179375 0.773664 0.023750 0.014058
0 0.286875 0.761012 0.038750 0.031865
0 0.588750 0.902530 0.020000 0.013121
0 0.589375 0.705248 0.018750 0.010309
0 0.520000 0.799438 0.017500 0.009372
0 0.533125 0.793814 0.016250 0.009372
0 0.210912 0.662329 0.046825 0.033187
0 0.204269 0.639396 0.026037 0.026682
0 0.202638 0.617142 0.027775 0.030909
0 0.135350 0.601921 0.028200 0.011715
0 0.148331 0.632709 0.041662 0.028304
0 0.093681 0.583515 0.009862 0.006767
0 0.062613 0.561289 0.015225 0.014799
0 0.054325 0.691471 0.041150 0.031490
0 0.223056 0.870586 0.038613 0.031706
0 0.743475 0.595267 0.144450 0.047142
0 0.789556 0.598383 0.011612 0.014011
0 0.759038 0.332952 0.015575 0.036101
0 0.771444 0.317765 0.020387 0.037591
0 0.004450 0.397231 0.008900 0.025951
0 0.233569 0.421312 0.012138 0.012259
0 0.318106 0.475970 0.013713 0.012858
0 0.492319 0.486125 0.012138 0.006926
0 0.486525 0.496542 0.010550 0.018388
