0 0.505625 0.281690 0.106250 0.076995
1 0.336250 0.171362 0.162500 0.160563
1 0.883125 0.230047 0.233750 0.146479
0 0.810000 0.515023 0.080000 0.057277
0 0.408750 0.492958 0.085000 0.050704
0 0.781250 0.553521 0.072500 0.032864
1 0.745625 0.218779 0.091250 0.107042
0 0.705625 0.276526 0.113750 0.061033
0 0.280000 0.433803 0.080000 0.056338
0 0.691875 0.491080 0.073750 0.037559
0 0.950000 0.266197 0.030000 0.023474
0 0.938750 0.281690 0.032500 0.018779
0 0.960000 0.582160 0.035000 0.024413
0 0.880000 0.619718 0.027500 0.018779
0 0.790000 0.667136 0.042500 0.030986
0 0.750000 0.653991 0.045000 0.030986
0 0.942500 0.749296 0.020000 0.026291
0 0.746250 0.801408 0.017500 0.012207
0 0.655000 0.157746 0.020000 0.016901
0 0.575000 0.150235 0.022500 0.015023
0 0.386250 0.543192 0.045000 0.030986
0 0.301875 0.484038 0.026250 0.019718
0 0.649375 0.502817 0.036250 0.032864
0 0.513125 0.530516 0.046250 0.031925
0 0.592500 0.759155 0.035000 0.025352
0 0.602500 0.803286 0.015000 0.010329
0 0.290625 0.303756 0.028750 0.021596
0 0.231250 0.500000 0.017500 0.012207
0 0.452500 0.746479 0.012500 0.009390
0 0.448125 0.559155 0.043750 0.032864
0 0.522500 0.493427 0.047500 0.032864
0 0.507500 0.276526 0.020000 0.012207
0 0.762500 0.813146 0.017500 0.009390
0 0.763125 0.807042 0.013750 0.010329
0 0.700000 0.527700 0.047500 0.037559
0 0.660000 0.521127 0.040000 0.030047
