0 0.212500 0.534272 0.087500 0.069484
1 0.096875 0.678404 0.193750 0.098592
1 0.079738 0.261714 0.159475 0.160986
0 0.466250 0.268545 0.065000 0.052582
0 0.506250 0.568545 0.055000 0.057277
0 0.521250 0.282629 0.032500 0.050704
1 0.088581 0.367446 0.132163 0.051324
0 0.170625 0.387324 0.063750 0.077934
0 0.450625 0.674178 0.063750 0.052582
0 0.454375 0.359624 0.038750 0.050704
0 0.787500 0.085915 0.030000 0.047887
0 0.018125 0.044131 0.036250 0.035681
0 0.115000 0.208451 0.027500 0.018779
0 0.137500 0.213146 0.020000 0.022535
0 0.527500 0.146009 0.027500 0.023474
0 0.590625 0.198592 0.021250 0.017840
0 0.668588 0.256338 0.034675 0.028169
0 0.658994 0.288263 0.035487 0.030047
0 0.827500 0.084038 0.035000 0.025352
0 0.750625 0.119718 0.033750 0.029108
0 0.851875 0.265728 0.013750 0.011268
0 0.023750 0.445540 0.020000 0.012207
0 0.028125 0.505164 0.016250 0.015023
0 0.576250 0.576526 0.035000 0.030047
0 0.513750 0.649765 0.022500 0.016901
0 0.478125 0.389671 0.038750 0.022535
0 0.538125 0.485446 0.036250 0.030047
0 0.823125 0.386854 0.028750 0.022535
0 0.879375 0.371362 0.011250 0.010329
0 0.278750 0.689202 0.025000 0.018779
0 0.546875 0.698592 0.013750 0.011268
0 0.830706 0.492549 0.011413 0.008573
0 0.587619 0.528488 0.037738 0.027869
0 0.487619 0.484263 0.037738 0.031437
0 0.205725 0.534131 0.013950 0.012864
0 0.864950 0.251141 0.009900 0.012141
0 0.856725 0.252488 0.010950 0.009202
0 0.501587 0.347577 0.043175 0.030366
0 0.499825 0.377643 0.034650 0.026648
