0 0.931250 0.524367 0.137500 0.102156
0 0.538750 0.664948 0.162500 0.094658
0 0.795625 0.502343 0.101250 0.119963
0 0.912500 0.383786 0.087500 0.055295
1 0.630000 0.310216 0.320000 0.196813
0 0.603125 0.142455 0.138750 0.065604
0 0.290000 0.324274 0.202500 0.086223
0 0.553125 0.796157 0.196250 0.105904
1 0.856250 0.849578 0.180000 0.169634
0 0.850625 0.240394 0.041250 0.038425
0 0.643125 0.578257 0.066250 0.074977
0 0.513125 0.879569 0.226250 0.120900
0 0.855625 0.306935 0.041250 0.036551
0 0.706875 0.173852 0.041250 0.038425
0 0.772500 0.142924 0.137500 0.045923
0 0.531875 0.481724 0.078750 0.046860
0 0.545625 0.442362 0.118750 0.056232
1 0.598750 0.376289 0.342500 0.149016
0 0.047500 0.672915 0.095000 0.193065
1 0.883125 0.716495 0.183750 0.167760
0 0.291875 0.429241 0.068750 0.046860
0 0.286875 0.579663 0.051250 0.045923
1 0.575000 0.459700 0.365000 0.165886
0 0.497500 0.470478 0.017500 0.014995
0 0.786875 0.313027 0.021250 0.018744
0 0.620000 0.370197 0.037500 0.018744
0 0.615625 0.444705 0.018750 0.010309
0 0.708750 0.757732 0.025000 0.021556
0 0.893750 0.925023 0.030000 0.020619
0 0.718125 0.958763 0.053750 0.014995
0 0.086875 0.675258 0.018750 0.015933
0 0.871250 0.738988 0.040000 0.059044
0 0.916250 0.708060 0.022500 0.029053
0 0.942500 0.724930 0.035000 0.019681
0 0.940625 0.547329 0.023750 0.014995
0 0.747500 0.528116 0.012500 0.012184
0 0.543125 0.261949 0.016250 0.019681
0 0.931250 0.524367 0.137500 0.102156
0 0.538750 0.664948 0.162500 0.094658
0 0.795625 0.502343 0.101250 0.119963
0 0.912500 0.383786 0.087500 0.055295
1 0.630000 0.310216 0.320000 0.196813
0 0.603125 0.142455 0.138750 0.065604
0 0.290000 0.324274 0.202500 0.086223
0 0.553125 0.796157 0.196250 0.105904
1 0.856250 0.849578 0.180000 0.169634
0 0.850625 0.240394 0.041250 0.038425
0 0.643125 0.578257 0.066250 0.074977
0 0.513125 0.879569 0.226250 0.120900
0 0.855625 0.306935 0.041250 0.036551
0 0.706875 0.173852 0.041250 0.038425
0 0.772500 0.142924 0.137500 0.045923
0 0.531875 0.481724 0.078750 0.046860
0 0.545625 0.442362 0.118750 0.056232
1 0.598750 0.376289 0.342500 0.149016
0 0.047500 0.672915 0.095000 0.193065
1 0.883125 0.716495 0.183750 0.167760
0 0.291875 0.429241 0.068750 0.046860
0 0.286875 0.579663 0.051250 0.045923
1 0.575000 0.459700 0.365000 0.165886
0 0.497500 0.470478 0.017500 0.014995
0 0.786875 0.313027 0.021250 0.018744
0 0.620000 0.370197 0.037500 0.018744
0 0.615625 0.444705 0.018750 0.010309
0 0.708750 0.757732 0.025000 0.021556
0 0.893750 0.925023 0.030000 0.020619
0 0.718125 0.958763 0.053750 0.014995
0 0.086875 0.675258 0.018750 0.015933
0 0.871250 0.738988 0.040000 0.059044
0 0.916250 0.708060 0.022500 0.029053
0 0.942500 0.724930 0.035000 0.019681
0 0.940625 0.547329 0.023750 0.014995
0 0.747500 0.528116 0.012500 0.012184
0 0.543125 0.261949 0.016250 0.019681
