0 0.933125 0.473758 0.123750 0.089035
0 0.572500 0.657919 0.147500 0.078725
0 0.791875 0.467666 0.078750 0.112465
0 0.883125 0.336457 0.078750 0.046860
1 0.588162 0.297315 0.288825 0.165389
0 0.527500 0.134958 0.130000 0.050609
0 0.255625 0.350984 0.191250 0.064667
0 0.613750 0.786317 0.180000 0.086223
1 0.924950 0.803032 0.149900 0.153393
0 0.791250 0.201968 0.035000 0.034677
0 0.657500 0.560450 0.052500 0.069353
0 0.591875 0.873477 0.208750 0.097470
0 0.811250 0.267573 0.035000 0.032802
0 0.636250 0.153233 0.035000 0.034677
0 0.693750 0.114808 0.132500 0.030928
0 0.526875 0.477976 0.071250 0.039363
0 0.533125 0.437207 0.111250 0.044049
1 0.572562 0.366218 0.322625 0.112006
0 0.059375 0.727273 0.118750 0.181818
1 0.923106 0.668946 0.153713 0.151387
0 0.980000 0.254452 0.040000 0.032802
0 0.279375 0.454077 0.061250 0.040300
0 0.305625 0.603561 0.043750 0.041237
1 0.565150 0.451022 0.342800 0.127910
0 0.491250 0.470478 0.015000 0.013121
0 0.743750 0.281162 0.017500 0.016870
0 0.591250 0.357076 0.035000 0.014995
0 0.602500 0.431584 0.017500 0.008435
0 0.759375 0.729616 0.021250 0.019681
0 0.976875 0.873008 0.026250 0.017807
0 0.811250 0.926898 0.052500 0.009372
0 0.128350 0.721087 0.016700 0.013871
0 0.916719 0.692395 0.028438 0.055829
0 0.953800 0.656289 0.017600 0.026729
0 0.983938 0.669620 0.032875 0.015904
0 0.944581 0.494714 0.021662 0.012858
0 0.749737 0.498552 0.009475 0.011162
0 0.492369 0.260544 0.012237 0.018744
