0 0.068750 0.537957 0.127500 0.091846
0 0.420625 0.343955 0.151250 0.082474
0 0.210625 0.539831 0.083750 0.114339
0 0.125625 0.673852 0.081250 0.048735
1 0.421875 0.704780 0.296250 0.172446
0 0.490000 0.865979 0.132500 0.054358
0 0.751875 0.642924 0.193750 0.069353
0 0.373125 0.216963 0.183750 0.090909
1 0.070000 0.208060 0.140000 0.157451
0 0.223125 0.805998 0.036250 0.035614
0 0.340625 0.443768 0.056250 0.070291
0 0.390625 0.129335 0.213750 0.103093
0 0.200625 0.740394 0.036250 0.033739
0 0.380625 0.850047 0.036250 0.035614
0 0.324375 0.889878 0.133750 0.034677
0 0.475000 0.522962 0.072500 0.041237
0 0.470625 0.564199 0.113750 0.046860
1 0.435000 0.635895 0.327500 0.120900
0 0.930000 0.261949 0.127500 0.184630
1 0.075000 0.342081 0.150000 0.155576
0 0.031875 0.757263 0.041250 0.033739
0 0.722500 0.540300 0.062500 0.042174
0 0.689375 0.391284 0.046250 0.042174
1 0.436875 0.550609 0.348750 0.135895
0 0.510000 0.529522 0.015000 0.013121
0 0.266875 0.725398 0.018750 0.016870
0 0.415625 0.645267 0.036250 0.015933
0 0.401250 0.571228 0.017500 0.008435
0 0.230000 0.277413 0.022500 0.020619
0 0.010000 0.139644 0.020000 0.018744
0 0.170000 0.082006 0.052500 0.010309
0 0.861250 0.269447 0.017500 0.014058
0 0.074375 0.319119 0.031250 0.057170
0 0.039375 0.355670 0.018750 0.027179
0 0.012500 0.343018 0.025000 0.016870
0 0.056875 0.516870 0.021250 0.014058
0 0.251250 0.507966 0.010000 0.011246
0 0.519375 0.739456 0.013750 0.018744
