0 0.083125 0.823488 0.153750 0.047820
0 0.851875 0.137834 0.106250 0.063291
0 0.286875 0.739451 0.131250 0.072433
0 0.583125 0.316456 0.123750 0.087201
0 0.516875 0.813994 0.143750 0.041491
0 0.488750 0.264065 0.097500 0.058368
0 0.883750 0.213080 0.067500 0.045007
0 0.803125 0.350211 0.056250 0.047820
0 0.699375 0.468354 0.048750 0.053446
0 0.113750 0.420534 0.087500 0.043601
0 0.214375 0.086498 0.033750 0.035162
0 0.186875 0.084388 0.026250 0.026723
0 0.982500 0.199015 0.035000 0.025316
0 0.804375 0.340366 0.051250 0.028129
0 0.066875 0.533404 0.058750 0.021800
0 0.958125 0.596343 0.031250 0.016878
0 0.796875 0.609705 0.023750 0.012658
0 0.912500 0.605485 0.027500 0.019691
0 0.889375 0.657173 0.013750 0.011955
0 0.218750 0.710267 0.055000 0.028129
0 0.766875 0.717300 0.021250 0.011252
1 0.280000 0.316456 0.382500 0.172996
1 0.156875 0.382208 0.291250 0.141350
0 0.176875 0.390999 0.338750 0.158931
0 0.295000 0.334388 0.027500 0.016174
0 0.300625 0.083333 0.098750 0.018987
0 0.973125 0.347398 0.053750 0.026723
0 0.090000 0.088959 0.012500 0.023207
