0 0.088750 0.367792 0.127500 0.075949
0 0.821875 0.556259 0.158750 0.073136
0 0.920000 0.505977 0.107500 0.056962
0 0.750625 0.677918 0.086250 0.033755
0 0.546875 0.613924 0.096250 0.029536
0 0.661875 0.287271 0.081250 0.051336
0 0.767500 0.678973 0.052500 0.030239
0 0.880625 0.816104 0.046250 0.016174
0 0.464375 0.255274 0.041250 0.033755
0 0.305625 0.752461 0.031250 0.018284
0 0.289375 0.661041 0.023750 0.014065
0 0.291875 0.726090 0.036250 0.016174
0 0.200625 0.710970 0.021250 0.008439
0 0.143125 0.330872 0.051250 0.031646
0 0.101250 0.638889 0.020000 0.011955
1 0.838125 0.385724 0.323750 0.221519
1 0.727500 0.312940 0.262500 0.168776
0 0.710625 0.324543 0.296250 0.196203
0 0.806250 0.393460 0.030000 0.016174
0 0.746875 0.773558 0.048750 0.030942
