1 0.739375 0.656045 0.091250 0.061856
1 0.703750 0.733365 0.075000 0.060918
1 0.811875 0.351921 0.076250 0.070291
0 0.370625 0.246485 0.053750 0.046860
0 0.312500 0.478913 0.057500 0.044986
1 0.624375 0.767573 0.073750 0.063730
0 0.270000 0.228679 0.065000 0.059981
0 0.808750 0.682287 0.045000 0.029991
0 0.774375 0.290534 0.046250 0.029991
1 0.887500 0.394564 0.087500 0.061856
0 0.889375 0.635426 0.046250 0.029991
0 0.076250 0.585286 0.052500 0.034677
0 0.357500 0.430178 0.057500 0.048735
0 0.108750 0.618557 0.057500 0.041237
0 0.257500 0.509372 0.045000 0.049672
1 0.687500 0.582943 0.092500 0.059981
0 0.353750 0.405811 0.040000 0.037488
0 0.635625 0.301312 0.088750 0.030928
0 0.055000 0.320056 0.032500 0.023430
0 0.010000 0.317245 0.020000 0.027179
0 0.489375 0.269447 0.023750 0.015933
0 0.495625 0.295689 0.018750 0.015933
0 0.705000 0.306935 0.035000 0.014058
0 0.204375 0.532334 0.033750 0.029991
0 0.176875 0.497188 0.028750 0.023430
0 0.175625 0.579194 0.011250 0.007498
0 0.038750 0.386598 0.032500 0.025305
0 0.019375 0.657919 0.018750 0.013121
0 0.254375 0.339738 0.013750 0.014058
0 0.241875 0.498594 0.033750 0.029991
0 0.287500 0.470478 0.032500 0.029991
0 0.177500 0.600750 0.017500 0.013121
0 0.512500 0.367385 0.032500 0.024367
0 0.589375 0.426898 0.038750 0.027179
0 0.600000 0.412371 0.037500 0.024367
0 0.619375 0.600281 0.041250 0.029053
0 0.539375 0.601218 0.033750 0.021556
0 0.481250 0.657919 0.025000 0.014995
0 0.505000 0.469541 0.025000 0.018744
0 0.558125 0.525773 0.023750 0.016870
0 0.558750 0.601218 0.030000 0.021556
0 0.617500 0.388472 0.020000 0.012184
0 0.645000 0.350047 0.017500 0.010309
0 0.596250 0.506092 0.017500 0.013121
0 0.726250 0.397376 0.020000 0.016870
0 0.900625 0.606842 0.041250 0.021556
0 0.975625 0.455483 0.028750 0.022493
0 0.806250 0.399719 0.040000 0.029053
0 0.733750 0.350984 0.037500 0.030928
0 0.803125 0.429709 0.031250 0.021556
0 0.818750 0.624180 0.037500 0.020619
0 0.823750 0.497188 0.027500 0.015933
0 0.738575 0.543580 0.029650 0.016870
0 0.983750 0.514883 0.032500 0.019456
0 0.506875 0.680412 0.026250 0.016870
0 0.558125 0.718369 0.023750 0.014058
0 0.883750 0.738988 0.017500 0.012184
0 0.859375 0.741799 0.011250 0.008435
0 0.725625 0.737582 0.011250 0.007498
0 0.107762 0.732446 0.018025 0.014096
0 0.251506 0.717577 0.018013 0.014349
0 0.330256 0.632038 0.018013 0.013843
0 0.283081 0.638154 0.008663 0.007329
0 0.350256 0.594986 0.018013 0.012840
0 0.320112 0.441359 0.037725 0.033608
0 0.390775 0.389185 0.034050 0.032352
0 0.691194 0.515262 0.027387 0.022090
0 0.666162 0.518102 0.024825 0.016523
0 0.646394 0.509663 0.030288 0.016514
0 0.676019 0.500450 0.034537 0.020581
0 0.646238 0.492896 0.029975 0.024217
0 0.676687 0.480628 0.030875 0.025923
0 0.746981 0.552521 0.021463 0.012259
0 0.717875 0.545155 0.008250 0.006898
0 0.684156 0.609077 0.008313 0.005408
1 0.796650 0.518308 0.090800 0.061921
1 0.788844 0.501485 0.200188 0.133243
1 0.614294 0.608894 0.091088 0.046279
0 0.874306 0.587624 0.041113 0.029981
0 0.994700 0.530651 0.009400 0.011631
1 0.739375 0.656045 0.091250 0.061856
1 0.703750 0.733365 0.075000 0.060918
1 0.811875 0.351921 0.076250 0.070291
0 0.370625 0.246485 0.053750 0.046860
0 0.312500 0.478913 0.057500 0.044986
1 0.624375 0.767573 0.073750 0.063730
0 0.270000 0.228679 0.065000 0.059981
0 0.808750 0.682287 0.045000 0.029991
0 0.774375 0.290534 0.046250 0.029991
1 0.887500 0.394564 0.087500 0.061856
0 0.889375 0.635426 0.046250 0.029991
0 0.076250 0.585286 0.052500 0.034677
0 0.357500 0.430178 0.057500 0.048735
0 0.108750 0.618557 0.057500 0.041237
0 0.257500 0.509372 0.045000 0.049672
1 0.687500 0.582943 0.092500 0.059981
0 0.353750 0.405811 0.040000 0.037488
0 0.635625 0.301312 0.088750 0.030928
0 0.055000 0.320056 0.032500 0.023430
0 0.010000 0.317245 0.020000 0.027179
0 0.489375 0.269447 0.023750 0.015933
0 0.495625 0.295689 0.018750 0.015933
0 0.705000 0.306935 0.035000 0.014058
0 0.204375 0.532334 0.033750 0.029991
0 0.176875 0.497188 0.028750 0.023430
0 0.175625 0.579194 0.011250 0.007498
0 0.038750 0.386598 0.032500 0.025305
0 0.019375 0.657919 0.018750 0.013121
0 0.254375 0.339738 0.013750 0.014058
0 0.241875 0.498594 0.033750 0.029991
0 0.287500 0.470478 0.032500 0.029991
0 0.177500 0.600750 0.017500 0.013121
0 0.512500 0.367385 0.032500 0.024367
0 0.589375 0.426898 0.038750 0.027179
0 0.600000 0.412371 0.037500 0.024367
0 0.619375 0.600281 0.041250 0.029053
0 0.539375 0.601218 0.033750 0.021556
0 0.481250 0.657919 0.025000 0.014995
0 0.505000 0.469541 0.025000 0.018744
0 0.558125 0.525773 0.023750 0.016870
0 0.558750 0.601218 0.030000 0.021556
0 0.617500 0.388472 0.020000 0.012184
0 0.645000 0.350047 0.017500 0.010309
0 0.596250 0.506092 0.017500 0.013121
0 0.726250 0.397376 0.020000 0.016870
0 0.900625 0.606842 0.041250 0.021556
0 0.975625 0.455483 0.028750 0.022493
0 0.806250 0.399719 0.040000 0.029053
0 0.733750 0.350984 0.037500 0.030928
0 0.803125 0.429709 0.031250 0.021556
0 0.818750 0.624180 0.037500 0.020619
0 0.823750 0.497188 0.027500 0.015933
0 0.738575 0.543580 0.029650 0.016870
0 0.983750 0.514883 0.032500 0.019456
0 0.506875 0.680412 0.026250 0.016870
0 0.558125 0.718369 0.023750 0.014058
0 0.883750 0.738988 0.017500 0.012184
0 0.859375 0.741799 0.011250 0.008435
0 0.725625 0.737582 0.011250 0.007498
0 0.107762 0.732446 0.018025 0.014096
0 0.251506 0.717577 0.018013 0.014349
0 0.330256 0.632038 0.018013 0.013843
0 0.283081 0.638154 0.008663 0.007329
0 0.350256 0.594986 0.018013 0.012840
0 0.320112 0.441359 0.037725 0.033608
0 0.390775 0.389185 0.034050 0.032352
0 0.691194 0.515262 0.027387 0.022090
0 0.666162 0.518102 0.024825 0.016523
0 0.646394 0.509663 0.030288 0.016514
0 0.676019 0.500450 0.034537 0.020581
0 0.646238 0.492896 0.029975 0.024217
0 0.676687 0.480628 0.030875 0.025923
0 0.746981 0.552521 0.021463 0.012259
0 0.717875 0.545155 0.008250 0.006898
0 0.684156 0.609077 0.008313 0.005408
1 0.796650 0.518308 0.090800 0.061921
1 0.788844 0.501485 0.200188 0.133243
1 0.614294 0.608894 0.091088 0.046279
0 0.874306 0.587624 0.041113 0.029981
0 0.994700 0.530651 0.009400 0.011631
