1 0.695000 0.313027 0.087500 0.071228
1 0.800000 0.335052 0.085000 0.059044
1 0.286250 0.274133 0.097500 0.060918
0 0.170000 0.610122 0.065000 0.043112
0 0.482500 0.641987 0.062500 0.044986
1 0.850625 0.392690 0.088750 0.058107
0 0.150625 0.686504 0.083750 0.051546
0 0.727500 0.259606 0.042500 0.035614
0 0.207500 0.305998 0.042500 0.036551
1 0.340000 0.216026 0.087500 0.068416
0 0.660000 0.201968 0.042500 0.036551
0 0.635625 0.813496 0.048750 0.041237
0 0.415000 0.610590 0.067500 0.045923
0 0.678750 0.787254 0.057500 0.044986
0 0.525625 0.680881 0.068750 0.036551
1 0.601250 0.355670 0.085000 0.072165
0 0.382500 0.614808 0.052500 0.031865
0 0.228125 0.409091 0.046250 0.068416
0 0.283750 0.843018 0.032500 0.025305
0 0.282500 0.876757 0.037500 0.015933
0 0.193750 0.520150 0.022500 0.018744
0 0.228750 0.514527 0.022500 0.014995
0 0.232500 0.356607 0.020000 0.027179
0 0.559375 0.720244 0.041250 0.027179
0 0.513750 0.742268 0.032500 0.022493
0 0.622500 0.738988 0.010000 0.008435
0 0.373750 0.851453 0.035000 0.025305
0 0.735625 0.851921 0.018750 0.014995
0 0.300000 0.692596 0.020000 0.011246
0 0.511875 0.694002 0.041250 0.027179
0 0.471875 0.660731 0.041250 0.026242
0 0.651875 0.736176 0.018750 0.014058
0 0.323125 0.498126 0.033750 0.025305
0 0.398125 0.436739 0.038750 0.029991
0 0.378750 0.429709 0.035000 0.029053
0 0.628125 0.405342 0.041250 0.032802
0 0.632500 0.465792 0.030000 0.026242
0 0.711875 0.505623 0.021250 0.019681
0 0.459375 0.498126 0.026250 0.019681
0 0.531875 0.455483 0.023750 0.018744
0 0.632500 0.451265 0.030000 0.023430
0 0.345000 0.418463 0.017500 0.015933
0 0.292500 0.399719 0.015000 0.014058
0 0.503125 0.427835 0.018750 0.014058
0 0.351875 0.335989 0.023750 0.015933
0 0.621875 0.194939 0.031250 0.031865
0 0.415625 0.146204 0.031250 0.022493
0 0.350625 0.276476 0.041250 0.031865
0 0.289375 0.332709 0.043750 0.029991
0 0.391250 0.277413 0.030000 0.024367
0 0.648750 0.255389 0.030000 0.029053
0 0.480000 0.258201 0.022500 0.021556
0 0.545625 0.319119 0.023750 0.023430
0 0.495000 0.137301 0.027500 0.025305
0 0.740625 0.485473 0.023750 0.020619
0 0.787500 0.445173 0.020000 0.018744
0 0.798750 0.200094 0.017500 0.014058
0 0.803125 0.218838 0.011250 0.008435
0 0.805000 0.319119 0.010000 0.008435
0 0.830000 0.782099 0.020000 0.014058
0 0.803750 0.675258 0.020000 0.014058
0 0.685000 0.620900 0.020000 0.014058
0 0.695000 0.655576 0.010000 0.006560
0 0.634375 0.606842 0.018750 0.014058
0 0.431250 0.638238 0.047500 0.029991
0 0.358750 0.587160 0.045000 0.027179
0 0.510625 0.356607 0.031250 0.021556
0 0.515625 0.375351 0.023750 0.019681
0 0.505625 0.390347 0.023750 0.023430
0 0.491875 0.368791 0.028750 0.027179
0 0.483125 0.391284 0.033750 0.023430
0 0.465625 0.369260 0.036250 0.024367
0 0.556250 0.312090 0.017500 0.016870
0 0.549375 0.335052 0.008750 0.006560
0 0.636250 0.356607 0.007500 0.006560
1 0.510000 0.277413 0.087500 0.071228
1 0.487500 0.283505 0.187500 0.156514
1 0.638125 0.409091 0.066250 0.070291
0 0.597500 0.216026 0.042500 0.032802
0 0.513750 0.127929 0.015000 0.008435
