0 0.828125 0.438345 0.126250 0.061374
0 0.776250 0.470721 0.087500 0.041667
0 0.238750 0.496903 0.152500 0.048986
0 0.589375 0.448480 0.098750 0.033221
0 0.694375 0.290541 0.101250 0.025901
0 0.703125 0.269989 0.086250 0.023086
0 0.312500 0.419482 0.067500 0.024775
0 0.670000 0.499437 0.070000 0.022523
0 0.633125 0.658502 0.081250 0.025338
0 0.875625 0.554054 0.071250 0.023649
0 0.182500 0.673705 0.175000 0.025338
0 0.723750 0.532939 0.077500 0.019707
0 0.114375 0.431869 0.166250 0.019144
0 0.265000 0.645552 0.150000 0.021959
0 0.635625 0.338682 0.046250 0.025338
0 0.090000 0.591498 0.055000 0.021959
0 0.274375 0.615428 0.041250 0.019144
0 0.124375 0.636261 0.041250 0.015766
0 0.194375 0.451858 0.033750 0.011824
0 0.126250 0.577703 0.030000 0.014640
0 0.196875 0.526182 0.028750 0.025338
0 0.285000 0.471284 0.067500 0.013514
0 0.312500 0.488176 0.025000 0.010135
0 0.033125 0.393581 0.031250 0.015766
0 0.585000 0.391329 0.045000 0.023649
0 0.455000 0.589527 0.032500 0.020270
0 0.349375 0.520270 0.043750 0.015766
0 0.703750 0.566723 0.045000 0.020833
0 0.775625 0.377252 0.048750 0.022523
0 0.839375 0.487613 0.041250 0.019144
0 0.944375 0.619088 0.056250 0.025338
0 0.711250 0.412725 0.042500 0.022523
0 0.788750 0.630912 0.040000 0.017455
0 0.725000 0.598536 0.050000 0.011261
0 0.063750 0.717624 0.042500 0.020833
0 0.295625 0.663570 0.173750 0.018581
0 0.360000 0.711993 0.057500 0.019707
0 0.417500 0.749718 0.055000 0.010698
0 0.739375 0.727759 0.038750 0.012950
0 0.833125 0.718187 0.016250 0.007320
0 0.944375 0.753941 0.016250 0.006757
0 0.987500 0.395552 0.025000 0.020833
0 0.685000 0.513795 0.085000 0.023086
0 0.726250 0.529561 0.022500 0.006194
