0 0.366875 0.429577 0.106250 0.072300
0 0.505625 0.526761 0.121250 0.080751
0 0.598750 0.269953 0.115000 0.091080
0 0.593125 0.184977 0.078750 0.069484
0 0.375625 0.301878 0.048750 0.068545
0 0.616875 0.288732 0.081250 0.064789
0 0.337500 0.238967 0.087500 0.042254
0 0.738750 0.208451 0.052500 0.037559
0 0.550625 0.570423 0.073750 0.036620
0 0.642500 0.192488 0.070000 0.046948
0 0.329375 0.752113 0.083750 0.058216
0 0.463750 0.778873 0.050000 0.034742
0 0.243125 0.630516 0.078750 0.042254
0 0.692500 0.546009 0.072500 0.044131
0 0.443125 0.465258 0.068750 0.053521
0 0.776875 0.215962 0.041250 0.041315
0 0.205000 0.606573 0.052500 0.037559
0 0.721875 0.576995 0.036250 0.049765
0 0.610000 0.466197 0.075000 0.049765
0 0.666250 0.678404 0.080000 0.021596
1 0.445625 0.463380 0.113750 0.156808
0 0.780000 0.268545 0.032500 0.026291
0 0.790000 0.438967 0.015000 0.012207
0 0.868125 0.467606 0.021250 0.007512
0 0.396250 0.337089 0.030000 0.031925
0 0.470000 0.321127 0.035000 0.028169
0 0.335625 0.310329 0.026250 0.034742
0 0.697500 0.230516 0.037500 0.030986
0 0.480625 0.588732 0.041250 0.030047
0 0.412500 0.600000 0.030000 0.022535
0 0.385000 0.605634 0.025000 0.037559
0 0.681875 0.580751 0.018750 0.014085
0 0.526875 0.618310 0.031250 0.021596
0 0.301250 0.634742 0.035000 0.024413
0 0.363125 0.604695 0.011250 0.011268
0 0.396875 0.843662 0.026250 0.019718
0 0.587500 0.656338 0.022500 0.015023
0 0.610000 0.655869 0.017500 0.008451
0 0.550625 0.628638 0.016250 0.010329
0 0.620000 0.648826 0.015000 0.007512
0 0.605625 0.865728 0.011250 0.009390
0 0.375625 0.764319 0.023750 0.020657
0 0.223125 0.360094 0.036250 0.027230
0 0.186875 0.290610 0.033750 0.027230
0 0.106875 0.295775 0.026250 0.018779
0 0.183750 0.641315 0.042500 0.026291
0 0.167500 0.612207 0.020000 0.037559
0 0.203125 0.848357 0.011250 0.008451
0 0.267500 0.881690 0.025000 0.013146
1 0.370000 0.792019 0.075000 0.068545
0 0.273125 0.762441 0.023750 0.015023
0 0.339375 0.882160 0.026250 0.006573
0 0.488750 0.870423 0.022500 0.015023
0 0.588125 0.752113 0.018750 0.013146
0 0.531250 0.598592 0.067500 0.051643
0 0.340000 0.663850 0.022500 0.009390
0 0.337500 0.670423 0.007500 0.005634
0 0.220000 0.620188 0.055000 0.017840
0 0.231875 0.607042 0.066250 0.032864
0 0.365625 0.452582 0.008750 0.011268
0 0.306250 0.240845 0.012500 0.012207
0 0.346875 0.237089 0.013750 0.012207
0 0.237500 0.144601 0.027500 0.015023
0 0.377500 0.133803 0.055000 0.010329
0 0.501875 0.134742 0.038750 0.023474
0 0.874375 0.110798 0.026250 0.015023
0 0.693750 0.571362 0.020000 0.004695
0 0.825625 0.608451 0.011250 0.009390
0 0.838125 0.608451 0.013750 0.009390
0 0.860625 0.472770 0.018750 0.004695
1 0.625625 0.764319 0.178750 0.093897
1 0.582500 0.804225 0.115000 0.092958
1 0.506875 0.800939 0.093750 0.082629
1 0.468125 0.822535 0.123750 0.097653
1 0.361250 0.613146 0.062500 0.061972
1 0.335625 0.651643 0.123750 0.065728
