1 0.450625 0.287793 0.313750 0.273239
1 0.206875 0.615962 0.196250 0.208451
1 0.214375 0.461033 0.208750 0.082629
0 0.561250 0.736620 0.047500 0.040376
0 0.583125 0.452582 0.056250 0.048826
0 0.575000 0.415493 0.057500 0.042254
0 0.113750 0.874648 0.082500 0.030986
0 0.310625 0.762911 0.028750 0.015962
0 0.498125 0.567606 0.033750 0.027230
0 0.007500 0.600939 0.015000 0.045070
0 0.024375 0.320188 0.018750 0.030047
0 0.599375 0.230986 0.028750 0.020657
0 0.530625 0.094836 0.031250 0.022535
0 0.565000 0.209390 0.035000 0.022535
0 0.053750 0.046009 0.027500 0.024413
0 0.034375 0.353052 0.046250 0.028169
0 0.015625 0.381690 0.011250 0.015962
0 0.137500 0.668075 0.007500 0.006573
0 0.095000 0.877934 0.030000 0.011268
0 0.106250 0.887324 0.077500 0.035681
0 0.456250 0.575587 0.040000 0.033803
1 0.450625 0.287793 0.313750 0.273239
1 0.206875 0.615962 0.196250 0.208451
1 0.214375 0.461033 0.208750 0.082629
0 0.561250 0.736620 0.047500 0.040376
0 0.583125 0.452582 0.056250 0.048826
0 0.575000 0.415493 0.057500 0.042254
0 0.113750 0.874648 0.082500 0.030986
0 0.310625 0.762911 0.028750 0.015962
0 0.498125 0.567606 0.033750 0.027230
0 0.007500 0.600939 0.015000 0.045070
0 0.024375 0.320188 0.018750 0.030047
0 0.599375 0.230986 0.028750 0.020657
0 0.530625 0.094836 0.031250 0.022535
0 0.565000 0.209390 0.035000 0.022535
0 0.053750 0.046009 0.027500 0.024413
0 0.034375 0.353052 0.046250 0.028169
0 0.015625 0.381690 0.011250 0.015962
0 0.137500 0.668075 0.007500 0.006573
0 0.095000 0.877934 0.030000 0.011268
0 0.106250 0.887324 0.077500 0.035681
0 0.456250 0.575587 0.040000 0.033803
