1 0.700000 0.406748 0.110000 0.082474
1 0.555000 0.514058 0.132500 0.074039
1 0.469375 0.470009 0.136250 0.077788
0 0.490000 0.845361 0.092500 0.061856
1 0.476875 0.298969 0.126250 0.088097
0 0.864375 0.341143 0.048750 0.054358
0 0.241875 0.197282 0.061250 0.055295
0 0.312500 0.215558 0.082500 0.052484
1 0.174375 0.578725 0.311250 0.105904
0 0.864375 0.674321 0.088750 0.038425
0 0.182500 0.171509 0.065000 0.061856
1 0.154375 0.509372 0.131250 0.072165
0 0.114375 0.133083 0.061250 0.048735
0 0.305625 0.137301 0.053750 0.042174
0 0.658750 0.753515 0.097500 0.037488
0 0.491875 0.563730 0.048750 0.032802
0 0.201875 0.279756 0.053750 0.032802
1 0.223125 0.326617 0.296250 0.113402
1 0.325625 0.370197 0.126250 0.078725
0 0.453750 0.569822 0.040000 0.041237
1 0.115000 0.324742 0.057500 0.044049
0 0.318750 0.421275 0.065000 0.045923
0 0.755625 0.271790 0.021250 0.026242
0 0.771250 0.484067 0.030000 0.025305
0 0.763125 0.612465 0.021250 0.025305
0 0.879375 0.877226 0.038750 0.020619
0 0.725000 0.798500 0.025000 0.020619
0 0.811250 0.823336 0.022500 0.025305
0 0.738750 0.764292 0.047500 0.015933
0 0.652500 0.265698 0.027500 0.027179
0 0.596875 0.272259 0.028750 0.019681
0 0.480000 0.268978 0.045000 0.024367
0 0.351875 0.298032 0.033750 0.029991
0 0.635625 0.398313 0.023750 0.022493
0 0.472500 0.776476 0.037500 0.015933
0 0.604375 0.655576 0.021250 0.015933
0 0.582500 0.768978 0.030000 0.014058
0 0.589375 0.712746 0.021250 0.014058
0 0.343125 0.738988 0.011250 0.008435
0 0.693750 0.775539 0.022500 0.010309
0 0.079375 0.583880 0.023750 0.013121
0 0.259375 0.736645 0.016250 0.024367
0 0.261250 0.806935 0.020000 0.014995
0 0.840000 0.285380 0.025000 0.025305
0 0.170625 0.288660 0.033750 0.022493
0 0.045625 0.590440 0.018750 0.020619
0 0.155000 0.524836 0.037500 0.018744
0 0.328750 0.593721 0.047500 0.032802
0 0.284375 0.650422 0.018750 0.026242
0 0.276875 0.673383 0.018750 0.023430
0 0.321875 0.815370 0.013750 0.007498
0 0.086875 0.823805 0.018750 0.007498
0 0.142500 0.827085 0.017500 0.008435
0 0.117500 0.817245 0.235000 0.022493
0 0.366250 0.810684 0.260000 0.054358
0 0.418125 0.796157 0.291250 0.055295
0 0.771250 0.753983 0.010000 0.012184
0 0.665625 0.768041 0.203750 0.053421
0 0.288750 0.553421 0.030000 0.008435
