1 0.337500 0.703374 0.325000 0.156514
1 0.668125 0.208529 0.068750 0.047798
0 0.880000 0.418463 0.062500 0.042174
1 0.129375 0.300843 0.258750 0.131209
1 0.801875 0.405811 0.063750 0.048735
0 0.874375 0.840675 0.046250 0.039363
0 0.133125 0.939082 0.046250 0.039363
0 0.968750 0.777882 0.047500 0.041237
0 0.434375 0.520619 0.088750 0.051546
0 0.797500 0.865042 0.045000 0.035614
0 0.743750 0.779288 0.030000 0.019681
0 0.803750 0.742268 0.022500 0.014995
0 0.723750 0.741799 0.020000 0.015933
0 0.898750 0.718838 0.035000 0.013121
0 0.820625 0.552015 0.041250 0.033739
0 0.098125 0.651828 0.028750 0.019681
0 0.155000 0.642924 0.025000 0.016870
0 0.091875 0.525305 0.018750 0.014058
0 0.174375 0.626992 0.018750 0.013121
0 0.132500 0.633083 0.025000 0.015933
0 0.091250 0.641987 0.017500 0.011246
0 0.153125 0.653702 0.018750 0.012184
0 0.213750 0.344892 0.030000 0.022493
0 0.681250 0.740862 0.017500 0.012184
0 0.757500 0.888472 0.032500 0.014995
1 0.106250 0.959231 0.035000 0.030928
1 0.078750 0.822399 0.040000 0.044049
1 0.075625 0.756326 0.086250 0.161200
1 0.231250 0.760075 0.282500 0.161200
0 0.610625 0.552952 0.093750 0.043112
0 0.335000 0.451265 0.025000 0.015933
0 0.317500 0.462512 0.010000 0.008435
0 0.264375 0.419400 0.011250 0.012184
0 0.031250 0.476101 0.015000 0.011246
1 0.208750 0.507498 0.215000 0.098407
1 0.150000 0.448922 0.300000 0.112465
1 0.191875 0.469072 0.383750 0.238988
1 0.193125 0.463918 0.386250 0.239925
1 0.698750 0.547329 0.280000 0.136832
1 0.524375 0.520619 0.416250 0.240862
1 0.498125 0.577320 0.258750 0.194939
0 0.122500 0.642924 0.030000 0.014995
0 0.310625 0.669634 0.016250 0.010309
0 0.319375 0.674321 0.018750 0.012184
0 0.214375 0.733833 0.016250 0.013121
0 0.199375 0.734770 0.021250 0.014995
0 0.396875 0.738051 0.018750 0.015933
0 0.091250 0.761481 0.015000 0.014058
0 0.085625 0.772259 0.016250 0.024367
0 0.078750 0.778819 0.012500 0.014995
0 0.033125 0.303655 0.023750 0.014995
