1 0.261875 0.343955 0.168750 0.228679
1 0.854375 0.674789 0.056250 0.046860
0 0.542500 0.795220 0.050000 0.042174
1 0.826250 0.256326 0.142500 0.192127
1 0.571875 0.738988 0.058750 0.042174
0 0.005625 0.716495 0.011250 0.029053
0 0.055000 0.798032 0.050000 0.030928
0 0.485000 0.447985 0.057500 0.061856
0 0.091250 0.631209 0.022500 0.019681
0 0.130000 0.682287 0.017500 0.014995
0 0.144375 0.623243 0.018750 0.013121
0 0.143750 0.756795 0.012500 0.025305
0 0.377500 0.727741 0.040000 0.027179
0 0.371250 0.177132 0.022500 0.018744
0 0.373125 0.220244 0.018750 0.016870
0 0.538125 0.194470 0.016250 0.012184
0 0.391250 0.237582 0.015000 0.012184
0 0.390000 0.205248 0.017500 0.016870
0 0.385000 0.173852 0.012500 0.012184
0 0.359375 0.217901 0.013750 0.012184
0 0.754375 0.315370 0.026250 0.019681
0 0.123750 0.861762 0.030000 0.017807
0 0.102500 0.862231 0.017500 0.014995
0 0.153125 0.591378 0.013750 0.011246
1 0.150625 0.132615 0.053750 0.025305
1 0.237500 0.142455 0.210000 0.043112
1 0.205000 0.255858 0.182500 0.194939
0 0.412500 0.572165 0.045000 0.066542
0 0.593750 0.387067 0.017500 0.016870
0 0.581250 0.371603 0.010000 0.006560
0 0.647500 0.339738 0.015000 0.006560
0 0.613750 0.157919 0.012500 0.010309
1 0.541250 0.283974 0.105000 0.151828
1 0.628750 0.246954 0.110000 0.223993
1 0.596875 0.267573 0.268750 0.285848
1 0.602500 0.268978 0.270000 0.288660
1 0.404375 0.638707 0.148750 0.197751
1 0.469375 0.514527 0.271250 0.288660
1 0.399375 0.484536 0.231250 0.172446
0 0.378125 0.196813 0.016250 0.020619
0 0.310625 0.330834 0.011250 0.011246
0 0.303125 0.335989 0.013750 0.012184
0 0.242500 0.248828 0.015000 0.010309
0 0.243750 0.237582 0.017500 0.014058
0 0.205625 0.382849 0.018750 0.012184
0 0.228750 0.152765 0.017500 0.009372
0 0.215625 0.146673 0.031250 0.008435
0 0.206875 0.140581 0.018750 0.007498
0 0.840000 0.189784 0.017500 0.015933
1 0.261875 0.343955 0.168750 0.228679
1 0.854375 0.674789 0.056250 0.046860
0 0.542500 0.795220 0.050000 0.042174
1 0.826250 0.256326 0.142500 0.192127
1 0.571875 0.738988 0.058750 0.042174
0 0.005625 0.716495 0.011250 0.029053
0 0.055000 0.798032 0.050000 0.030928
0 0.485000 0.447985 0.057500 0.061856
0 0.091250 0.631209 0.022500 0.019681
0 0.130000 0.682287 0.017500 0.014995
0 0.144375 0.623243 0.018750 0.013121
0 0.143750 0.756795 0.012500 0.025305
0 0.377500 0.727741 0.040000 0.027179
0 0.371250 0.177132 0.022500 0.018744
0 0.373125 0.220244 0.018750 0.016870
0 0.538125 0.194470 0.016250 0.012184
0 0.391250 0.237582 0.015000 0.012184
0 0.390000 0.205248 0.017500 0.016870
0 0.385000 0.173852 0.012500 0.012184
0 0.359375 0.217901 0.013750 0.012184
0 0.754375 0.315370 0.026250 0.019681
0 0.123750 0.861762 0.030000 0.017807
0 0.102500 0.862231 0.017500 0.014995
0 0.153125 0.591378 0.013750 0.011246
1 0.150625 0.132615 0.053750 0.025305
1 0.237500 0.142455 0.210000 0.043112
1 0.205000 0.255858 0.182500 0.194939
0 0.412500 0.572165 0.045000 0.066542
0 0.593750 0.387067 0.017500 0.016870
0 0.581250 0.371603 0.010000 0.006560
0 0.647500 0.339738 0.015000 0.006560
0 0.613750 0.157919 0.012500 0.010309
1 0.541250 0.283974 0.105000 0.151828
1 0.628750 0.246954 0.110000 0.223993
1 0.596875 0.267573 0.268750 0.285848
1 0.602500 0.268978 0.270000 0.288660
1 0.404375 0.638707 0.148750 0.197751
1 0.469375 0.514527 0.271250 0.288660
1 0.399375 0.484536 0.231250 0.172446
0 0.378125 0.196813 0.016250 0.020619
0 0.310625 0.330834 0.011250 0.011246
0 0.303125 0.335989 0.013750 0.012184
0 0.242500 0.248828 0.015000 0.010309
0 0.243750 0.237582 0.017500 0.014058
0 0.205625 0.382849 0.018750 0.012184
0 0.228750 0.152765 0.017500 0.009372
0 0.215625 0.146673 0.031250 0.008435
0 0.206875 0.140581 0.018750 0.007498
0 0.840000 0.189784 0.017500 0.015933
