0 0.633125 0.587160 0.086250 0.068416
0 0.090625 0.195408 0.168750 0.130272
0 0.555000 0.461575 0.110000 0.068416
0 0.374375 0.705717 0.076250 0.048735
0 0.648750 0.550141 0.117500 0.069353
0 0.115000 0.582006 0.087500 0.082474
0 0.925625 0.413777 0.063750 0.045923
0 0.078125 0.318182 0.076250 0.066542
0 0.932500 0.459700 0.060000 0.045923
0 0.565625 0.583880 0.063750 0.071228
0 0.708125 0.267104 0.046250 0.041237
0 0.566250 0.514995 0.047500 0.040300
0 0.581250 0.300843 0.085000 0.048735
0 0.506250 0.445642 0.085000 0.087160
0 0.532500 0.503280 0.047500 0.050609
0 0.059375 0.596532 0.096250 0.077788
0 0.368750 0.758201 0.065000 0.026242
0 0.404375 0.737582 0.063750 0.028116
0 0.651875 0.287254 0.053750 0.042174
0 0.032500 0.329897 0.060000 0.121837
0 0.130000 0.364105 0.035000 0.051546
0 0.278125 0.269916 0.026250 0.018744
0 0.530625 0.321931 0.028750 0.017807
0 0.663750 0.231490 0.032500 0.029991
0 0.916875 0.294752 0.031250 0.029053
0 0.770625 0.174789 0.036250 0.032802
0 0.871250 0.188847 0.025000 0.017807
0 0.695625 0.291003 0.023750 0.015933
0 0.779375 0.235708 0.018750 0.012184
0 0.316250 0.517807 0.030000 0.017807
0 0.010625 0.631678 0.021250 0.048735
0 0.150000 0.372540 0.025000 0.032802
0 0.515000 0.647142 0.032500 0.017807
0 0.381875 0.492502 0.026250 0.023430
0 0.381875 0.454077 0.021250 0.040300
0 0.611875 0.492034 0.038750 0.026242
0 0.541875 0.635895 0.043750 0.021556
0 0.367500 0.499531 0.022500 0.041237
0 0.337500 0.536551 0.010000 0.014058
0 0.973750 0.451734 0.032500 0.028116
0 0.908125 0.486879 0.021250 0.014058
0 0.209375 0.797095 0.026250 0.014058
0 0.436250 0.715089 0.032500 0.016870
0 0.683750 0.731490 0.020000 0.008435
0 0.044375 0.554827 0.046250 0.031865
0 0.804375 0.561856 0.008750 0.008435
0 0.668750 0.306467 0.025000 0.014995
0 0.776250 0.244142 0.022500 0.008435
0 0.764375 0.248828 0.048750 0.014058
0 0.765625 0.261481 0.046250 0.014995
