0 0.191875 0.559624 0.103750 0.101408
0 0.063125 0.875587 0.086250 0.059155
0 0.101875 0.288732 0.068750 0.047887
0 0.307500 0.592019 0.105000 0.057277
0 0.103750 0.522535 0.072500 0.057277
0 0.256250 0.461502 0.070000 0.049765
0 0.038125 0.640845 0.076250 0.085446
0 0.589375 0.477934 0.073750 0.056338
0 0.855000 0.363850 0.062500 0.047887
0 0.540625 0.447418 0.071250 0.051643
0 0.605000 0.755399 0.085000 0.034742
1 0.311250 0.208920 0.047500 0.038498
0 0.526250 0.631455 0.070000 0.038498
0 0.702500 0.430986 0.067500 0.048826
0 0.579375 0.582160 0.066250 0.052582
0 0.660625 0.400939 0.066250 0.043192
0 0.031250 0.567136 0.062500 0.058216
0 0.967500 0.346479 0.057500 0.031925
0 0.831875 0.804695 0.051250 0.043192
0 0.337500 0.698592 0.077500 0.060094
0 0.041250 0.357277 0.067500 0.079812
0 0.023750 0.746948 0.047500 0.066667
0 0.821250 0.406573 0.060000 0.031925
0 0.702500 0.226291 0.090000 0.022535
0 0.369375 0.909859 0.066250 0.026291
1 0.300625 0.259624 0.048750 0.038498
0 0.321875 0.567136 0.093750 0.048826
0 0.614375 0.378873 0.063750 0.025352
0 0.740625 0.333333 0.071250 0.022535
0 0.613125 0.292488 0.091250 0.021596
0 0.495625 0.427230 0.048750 0.116432
0 0.525625 0.740845 0.081250 0.060094
0 0.931875 0.712207 0.051250 0.025352
0 0.434375 0.860563 0.038750 0.025352
0 0.518750 0.810798 0.040000 0.027230
0 0.367500 0.742723 0.022500 0.041315
0 0.693125 0.522535 0.043750 0.027230
0 0.848750 0.649765 0.032500 0.020657
0 0.693750 0.491080 0.052500 0.024413
0 0.807500 0.649765 0.030000 0.022535
0 0.731250 0.585446 0.030000 0.021596
0 0.568125 0.661502 0.046250 0.023474
0 0.611250 0.517840 0.032500 0.021596
0 0.650625 0.518779 0.031250 0.023474
0 0.341250 0.494836 0.035000 0.026291
0 0.342500 0.540376 0.027500 0.021596
0 0.338750 0.401878 0.030000 0.020657
0 0.167500 0.392488 0.045000 0.028169
0 0.335000 0.355399 0.032500 0.021596
0 0.771250 0.227700 0.035000 0.021596
0 0.136250 0.217840 0.045000 0.026291
0 0.174375 0.144601 0.036250 0.015023
0 0.936875 0.423005 0.018750 0.012207
0 0.575000 0.471362 0.012500 0.011268
0 0.528750 0.335211 0.025000 0.043192
0 0.640000 0.310798 0.015000 0.009390
