0 0.805625 0.432394 0.098750 0.098592
0 0.919375 0.113146 0.083750 0.057277
0 0.908125 0.700939 0.066250 0.046009
0 0.688750 0.402817 0.102500 0.054460
0 0.895000 0.467136 0.070000 0.055399
0 0.746250 0.531925 0.067500 0.047887
0 0.959375 0.346859 0.081250 0.083390
0 0.411875 0.524883 0.071250 0.054460
0 0.151250 0.645540 0.060000 0.046009
0 0.461875 0.553521 0.068750 0.049765
0 0.383125 0.247418 0.083750 0.032864
1 0.701875 0.785915 0.046250 0.037559
0 0.468125 0.369484 0.068750 0.036620
0 0.301250 0.574648 0.065000 0.046948
0 0.416875 0.420657 0.063750 0.050704
0 0.344375 0.603756 0.063750 0.041315
0 0.967500 0.420657 0.065000 0.056338
0 0.040337 0.665728 0.055675 0.030047
0 0.154375 0.204225 0.048750 0.042254
0 0.653750 0.297653 0.075000 0.058216
0 0.965625 0.630516 0.063750 0.077934
0 0.970625 0.239906 0.058750 0.064789
0 0.183125 0.602817 0.058750 0.030047
0 0.310625 0.779343 0.088750 0.020657
0 0.611250 0.087324 0.065000 0.024413
1 0.711250 0.735211 0.047500 0.037559
0 0.674394 0.428559 0.091288 0.045850
0 0.391250 0.623944 0.062500 0.023474
0 0.268931 0.672300 0.070362 0.020657
0 0.396250 0.711268 0.090000 0.019718
0 0.508125 0.573239 0.043750 0.115493
0 0.463338 0.260244 0.079175 0.058516
0 0.058750 0.299531 0.050000 0.024413
0 0.548750 0.138028 0.037500 0.024413
0 0.466875 0.189671 0.038750 0.026291
0 0.621875 0.253991 0.021250 0.040376
0 0.306250 0.482629 0.042500 0.026291
0 0.144375 0.360094 0.031250 0.019718
0 0.306875 0.514085 0.051250 0.023474
0 0.185625 0.358216 0.028750 0.021596
0 0.265625 0.420657 0.028750 0.020657
0 0.425000 0.340657 0.045000 0.022160
0 0.388125 0.485446 0.031250 0.020657
0 0.348750 0.485446 0.030000 0.022535
0 0.659375 0.500939 0.033750 0.025352
0 0.656587 0.455399 0.025675 0.020657
0 0.665675 0.594005 0.028850 0.019934
0 0.838125 0.598592 0.043750 0.027230
0 0.671856 0.640376 0.031212 0.020657
0 0.241875 0.779343 0.033750 0.020657
0 0.876875 0.772300 0.043750 0.025352
0 0.842500 0.846479 0.035000 0.014085
0 0.067131 0.587845 0.019263 0.011371
0 0.427500 0.530333 0.012500 0.010901
0 0.479819 0.665268 0.022138 0.042272
0 0.368469 0.692873 0.014438 0.009221
