1 0.568750 0.548266 0.212500 0.206186
0 0.206875 0.385192 0.051250 0.037488
0 0.360000 0.740394 0.052500 0.035614
0 0.450000 0.434864 0.065000 0.058107
0 0.314375 0.125586 0.056250 0.052484
1 0.653125 0.823336 0.088750 0.089035
0 0.824375 0.359419 0.076250 0.049672
1 0.489375 0.365511 0.213750 0.185567
0 0.650625 0.754452 0.086250 0.044986
0 0.772500 0.584349 0.052500 0.042174
0 0.485625 0.455483 0.068750 0.061856
0 0.606875 0.645267 0.073750 0.064667
0 0.474375 0.731490 0.153750 0.038425
1 0.386250 0.217432 0.072500 0.067479
0 0.195000 0.592315 0.035000 0.029991
0 0.191875 0.509841 0.033750 0.028116
0 0.183750 0.459231 0.030000 0.039363
0 0.157500 0.427835 0.040000 0.029053
0 0.261875 0.418932 0.058750 0.022493
0 0.231875 0.683693 0.036250 0.030928
0 0.343125 0.382849 0.031250 0.023430
0 0.306250 0.548735 0.062500 0.025305
0 0.288750 0.530459 0.067500 0.026242
0 0.640000 0.215089 0.042500 0.025305
0 0.613750 0.189316 0.040000 0.022493
0 0.584375 0.194470 0.043750 0.021556
0 0.706875 0.155108 0.071250 0.023430
0 0.748125 0.161200 0.018750 0.014995
0 0.812500 0.776476 0.027500 0.021556
0 0.890000 0.830366 0.030000 0.022493
0 0.940625 0.589972 0.021250 0.014058
0 0.960000 0.208529 0.035000 0.032802
0 0.815625 0.283037 0.041250 0.028116
0 0.918125 0.251172 0.023750 0.020619
0 0.988750 0.195408 0.022500 0.023430
0 0.656875 0.563730 0.021250 0.017807
0 0.620625 0.488285 0.023750 0.016870
0 0.198125 0.459700 0.011250 0.015933
