1 0.558750 0.445642 0.262500 0.145267
0 0.373125 0.729616 0.046250 0.036551
0 0.458750 0.095127 0.075000 0.059044
0 0.831875 0.583880 0.043750 0.037488
0 0.418125 0.543580 0.073750 0.044986
0 0.025625 0.671509 0.051250 0.038425
0 0.352500 0.038894 0.070000 0.055295
1 0.915625 0.358013 0.113750 0.059981
0 0.284375 0.269916 0.061250 0.054358
1 0.322500 0.520150 0.235000 0.148079
0 0.825000 0.365979 0.052500 0.062793
0 0.588750 0.289128 0.052500 0.036551
0 0.443125 0.515464 0.078750 0.046860
0 0.683125 0.407685 0.081250 0.050609
0 0.810000 0.499531 0.037500 0.114339
1 0.134375 0.610122 0.086250 0.048735
0 0.648750 0.721181 0.037500 0.023430
0 0.540000 0.729616 0.035000 0.023430
0 0.473125 0.740394 0.051250 0.018744
0 0.434375 0.762887 0.036250 0.028116
0 0.413750 0.685098 0.025000 0.043112
0 0.768125 0.685098 0.038750 0.024367
0 0.358125 0.627929 0.028750 0.022493
0 0.580625 0.641050 0.028750 0.044986
0 0.559375 0.655108 0.028750 0.048735
0 0.109375 0.421275 0.031250 0.030928
0 0.076875 0.442830 0.026250 0.029053
0 0.086875 0.464386 0.026250 0.030928
0 0.024375 0.375820 0.026250 0.052484
0 0.028125 0.344892 0.018750 0.013121
0 0.840000 0.243205 0.027500 0.019681
0 0.904375 0.180412 0.028750 0.021556
0 0.581250 0.163074 0.017500 0.014995
0 0.203750 0.119025 0.037500 0.035614
0 0.073125 0.182755 0.041250 0.024367
0 0.183125 0.283505 0.033750 0.029053
0 0.133125 0.209934 0.026250 0.016870
0 0.053125 0.157451 0.028750 0.024367
0 0.570000 0.377226 0.022500 0.014058
0 0.473750 0.411434 0.020000 0.016870
0 0.472500 0.729616 0.020000 0.006560
