1 0.518750 0.351921 0.230000 0.317713
0 0.505625 0.838800 0.086250 0.058107
0 0.681875 0.056701 0.098750 0.089035
1 0.497500 0.697282 0.135000 0.114339
0 0.323125 0.787254 0.063750 0.052484
0 0.215625 0.623711 0.101250 0.064667
0 0.228125 0.569353 0.086250 0.102156
0 0.795625 0.901125 0.048750 0.040300
1 0.165000 0.520150 0.100000 0.093721
0 0.076875 0.352858 0.046250 0.036551
0 0.526250 0.450797 0.055000 0.041237
0 0.430625 0.471415 0.043750 0.054358
1 0.639375 0.470478 0.061250 0.099344
0 0.050625 0.449391 0.046250 0.044049
0 0.810625 0.730084 0.051250 0.044986
0 0.020625 0.574508 0.041250 0.054358
0 0.761875 0.177601 0.046250 0.036551
0 0.090000 0.526242 0.052500 0.045923
0 0.112500 0.460169 0.060000 0.089972
1 0.247500 0.733833 0.100000 0.080600
0 0.617500 0.302718 0.040000 0.043112
0 0.580000 0.245080 0.042500 0.038425
1 0.249375 0.692127 0.046250 0.045923
0 0.481250 0.409091 0.072500 0.147142
0 0.201250 0.681818 0.047500 0.036551
0 0.600000 0.271321 0.037500 0.044049
0 0.102500 0.128397 0.115000 0.076851
0 0.425000 0.113871 0.040000 0.089035
0 0.650000 0.538425 0.065000 0.081537
0 0.737500 0.527648 0.052500 0.063730
0 0.433125 0.177601 0.041250 0.090909
0 0.580625 0.244142 0.041250 0.034677
0 0.031875 0.342081 0.028750 0.029991
0 0.235625 0.279288 0.053750 0.103093
0 0.121875 0.545923 0.016250 0.014058
0 0.003125 0.548266 0.006250 0.024367
0 0.846875 0.362231 0.041250 0.034677
0 0.923750 0.589972 0.037500 0.032802
0 0.985000 0.440487 0.030000 0.031865
0 0.937500 0.390347 0.042500 0.029053
0 0.866875 0.656514 0.036250 0.032802
0 0.898125 0.530928 0.031250 0.019681
0 0.927500 0.619494 0.027500 0.024367
0 0.879375 0.462043 0.036250 0.024367
0 0.958750 0.595127 0.025000 0.014995
0 0.966875 0.693065 0.018750 0.019681
0 0.983750 0.597470 0.015000 0.040300
0 0.174375 0.659325 0.033750 0.034677
0 0.035625 0.631678 0.023750 0.028116
0 0.006875 0.672446 0.013750 0.014058
0 0.227500 0.650890 0.062500 0.014058
0 0.031875 0.679944 0.018750 0.027179
0 0.288125 0.841612 0.018750 0.018744
0 0.454375 0.911903 0.021250 0.016870
0 0.511250 0.693065 0.025000 0.017807
0 0.934375 0.854264 0.036250 0.027179
0 0.813125 0.787254 0.038750 0.029991
0 0.796875 0.841143 0.028750 0.021556
0 0.843750 0.855201 0.017500 0.014058
0 0.876250 0.786785 0.015000 0.012184
0 0.949375 0.721649 0.038750 0.028116
0 0.946250 0.779756 0.037500 0.039363
0 0.202500 0.230553 0.077500 0.091846
0 0.108125 0.143861 0.018750 0.014058
0 0.048750 0.188379 0.017500 0.028116
0 0.141250 0.405811 0.037500 0.039363
0 0.101875 0.514527 0.021250 0.018744
0 0.019375 0.664480 0.011250 0.007498
0 0.450625 0.485473 0.018750 0.016870
0 0.704375 0.672915 0.041250 0.033739
0 0.745000 0.646204 0.037500 0.040300
0 0.720625 0.662137 0.116250 0.096532
0 0.910625 0.703843 0.028750 0.022493
0 0.888750 0.702437 0.032500 0.019681
0 0.555000 0.681350 0.065000 0.058107
1 0.395000 0.934864 0.110000 0.089035
