1 0.303125 0.481256 0.428750 0.182755
0 0.951250 0.508903 0.080000 0.065604
1 0.762500 0.509841 0.155000 0.104967
0 0.875625 0.643393 0.071250 0.049672
0 0.655625 0.717432 0.088750 0.077788
0 0.583125 0.706654 0.138750 0.067479
1 0.515000 0.752109 0.127500 0.077788
0 0.290000 0.812559 0.050000 0.035614
0 0.435625 0.479381 0.056250 0.042174
0 0.459375 0.551078 0.073750 0.033739
1 0.465000 0.395033 0.132500 0.049672
0 0.416250 0.835520 0.060000 0.036551
0 0.816875 0.276007 0.061250 0.040300
0 0.583125 0.865511 0.073750 0.040300
0 0.078750 0.292409 0.050000 0.035614
0 0.521250 0.808341 0.062500 0.040300
0 0.433125 0.789597 0.121250 0.047798
1 0.802500 0.697282 0.110000 0.076851
0 0.241250 0.405811 0.057500 0.031865
0 0.162500 0.431584 0.052500 0.032802
1 0.747500 0.694470 0.062500 0.035614
0 0.378125 0.511246 0.196250 0.059044
0 0.731250 0.730553 0.050000 0.036551
0 0.198750 0.417526 0.060000 0.029053
0 0.021875 0.784442 0.043750 0.088097
0 0.020625 0.545455 0.041250 0.026242
0 0.556250 0.389410 0.110000 0.051546
0 0.544375 0.323336 0.086250 0.041237
0 0.068125 0.538894 0.121250 0.033739
0 0.161250 0.431115 0.047500 0.031865
0 0.273750 0.845361 0.040000 0.022493
0 0.197500 0.690253 0.137500 0.044049
0 0.548750 0.785380 0.020000 0.013121
0 0.547500 0.878163 0.032500 0.013121
0 0.328750 0.236176 0.047500 0.031865
0 0.634375 0.186036 0.043750 0.029053
0 0.438125 0.130740 0.043750 0.030928
0 0.368750 0.169166 0.040000 0.032802
0 0.721875 0.231490 0.043750 0.028116
0 0.555000 0.203843 0.027500 0.023430
0 0.673125 0.184161 0.033750 0.021556
0 0.463125 0.214620 0.033750 0.028116
0 0.643125 0.159794 0.021250 0.019681
0 0.773750 0.157451 0.027500 0.014995
0 0.646875 0.141518 0.053750 0.013121
0 0.701250 0.749766 0.047500 0.026242
0 0.660000 0.852858 0.037500 0.018744
0 0.712500 0.876757 0.020000 0.014058
0 0.653750 0.888472 0.022500 0.014995
0 0.691875 0.710403 0.021250 0.046860
0 0.723125 0.857545 0.036250 0.014995
0 0.948125 0.671040 0.026250 0.014995
0 0.758125 0.498594 0.023750 0.018744
0 0.984375 0.186973 0.031250 0.027179
0 0.893125 0.275539 0.041250 0.029991
0 0.965000 0.290534 0.030000 0.022493
0 0.985000 0.255389 0.020000 0.014058
0 0.895625 0.228210 0.016250 0.012184
0 0.810625 0.171040 0.038750 0.029053
0 0.887500 0.175726 0.052500 0.029053
0 0.130625 0.713683 0.123750 0.060918
0 0.012500 0.781631 0.020000 0.014995
0 0.068750 0.828022 0.037500 0.014058
0 0.361875 0.766167 0.053750 0.029053
0 0.504375 0.798969 0.026250 0.015933
0 0.702500 0.866448 0.010000 0.008435
0 0.478125 0.536551 0.023750 0.014058
0 0.736875 0.353327 0.046250 0.031865
0 0.702500 0.321931 0.055000 0.029053
0 0.723750 0.340206 0.132500 0.089972
0 0.785625 0.199625 0.031250 0.022493
0 0.783750 0.215558 0.027500 0.024367
0 0.743750 0.464855 0.080000 0.050609
