0 0.140000 0.583568 0.090000 0.062911
0 0.243125 0.446009 0.123750 0.054460
0 0.153750 0.559624 0.115000 0.073239
0 0.353125 0.274648 0.093750 0.077934
0 0.856875 0.528638 0.101250 0.088263
0 0.715000 0.784038 0.120000 0.123944
0 0.931875 0.700939 0.136250 0.111737
0 0.386250 0.735211 0.067500 0.061972
0 0.614375 0.722535 0.078750 0.055399
0 0.619375 0.502817 0.061250 0.053521
0 0.332500 0.834742 0.045000 0.037559
0 0.683125 0.237559 0.081250 0.060094
0 0.823750 0.645070 0.142500 0.142723
0 0.253125 0.523944 0.063750 0.048826
0 0.836250 0.760094 0.067500 0.066667
0 0.352500 0.510329 0.057500 0.047887
0 0.320000 0.483099 0.050000 0.032864
0 0.313125 0.540376 0.061250 0.046009
0 0.466250 0.396714 0.047500 0.036620
0 0.245625 0.486385 0.091250 0.037559
0 0.548125 0.958216 0.058750 0.068545
0 0.039375 0.569953 0.056250 0.031925
0 0.457500 0.984038 0.050000 0.031925
0 0.731250 0.910798 0.027500 0.020657
0 0.699375 0.890141 0.028750 0.022535
0 0.653750 0.984977 0.037500 0.024413
0 0.345625 0.694836 0.021250 0.018779
0 0.581875 0.989202 0.041250 0.019718
0 0.398125 0.943662 0.028750 0.018779
0 0.698125 0.612207 0.026250 0.016901
0 0.575625 0.581221 0.023750 0.020657
0 0.494375 0.623005 0.026250 0.019718
0 0.288750 0.385915 0.030000 0.018779
0 0.480000 0.117371 0.017500 0.013146
0 0.422500 0.178873 0.025000 0.017840
0 0.358750 0.296714 0.045000 0.031925
0 0.478125 0.374648 0.016250 0.016901
0 0.270625 0.600939 0.036250 0.035681
0 0.018125 0.611737 0.026250 0.023474
0 0.376250 0.724883 0.027500 0.020657
0 0.942500 0.771362 0.115000 0.079812
0 0.943125 0.822535 0.113750 0.071362
0 0.575000 0.876526 0.017500 0.008451
0 0.549375 0.861502 0.031250 0.014085
0 0.617500 0.897183 0.112500 0.072300
0 0.558750 0.897183 0.097500 0.077934
0 0.391875 0.964319 0.023750 0.018779
0 0.411875 0.956808 0.021250 0.024413
0 0.836250 0.708920 0.065000 0.041315
0 0.836250 0.672300 0.070000 0.082629
