1 0.575000 0.369260 0.300000 0.204311
0 0.530000 0.838800 0.097500 0.056232
1 0.543125 0.552015 0.298750 0.215558
0 0.671250 0.786317 0.065000 0.061856
1 0.361250 0.507029 0.225000 0.146204
1 0.224375 0.652765 0.246250 0.128397
0 0.352500 0.242268 0.080000 0.053421
1 0.155625 0.535145 0.118750 0.127460
0 0.570625 0.746954 0.071250 0.074977
0 0.531875 0.717901 0.058750 0.058107
0 0.240000 0.164480 0.057500 0.045923
0 0.385625 0.298969 0.086250 0.054358
0 0.231875 0.210872 0.043750 0.029991
0 0.866250 0.749766 0.042500 0.028116
0 0.361875 0.283974 0.056250 0.041237
0 0.775625 0.850984 0.041250 0.028116
0 0.296875 0.710872 0.056250 0.032802
0 0.383750 0.784442 0.077500 0.028116
1 0.522500 0.429241 0.190000 0.089972
0 0.095625 0.101218 0.048750 0.033739
0 0.621250 0.278819 0.050000 0.027179
0 0.583750 0.299906 0.085000 0.035614
0 0.072500 0.215558 0.060000 0.024367
1 0.321250 0.544986 0.162500 0.195876
0 0.596250 0.573102 0.075000 0.049672
0 0.233125 0.768510 0.038750 0.029991
0 0.154375 0.601218 0.023750 0.010309
0 0.240000 0.269447 0.017500 0.014058
0 0.297500 0.850515 0.017500 0.014058
0 0.243750 0.841143 0.017500 0.012184
0 0.701250 0.492502 0.022500 0.017807
0 0.391250 0.480787 0.040000 0.013121
0 0.571875 0.412371 0.013750 0.014995
0 0.321875 0.442830 0.083750 0.015933
0 0.645000 0.262418 0.020000 0.016870
0 0.761250 0.195408 0.017500 0.012184
0 0.523750 0.320525 0.020000 0.013121
0 0.863750 0.504217 0.020000 0.016870
0 0.030000 0.597001 0.042500 0.028116
0 0.121250 0.766167 0.042500 0.030928
0 0.167500 0.595595 0.030000 0.008435
0 0.423125 0.443768 0.013750 0.008435
0 0.441250 0.450797 0.012500 0.005623
0 0.494375 0.634489 0.041250 0.024367
0 0.621875 0.549672 0.013750 0.010309
1 0.339375 0.483130 0.168750 0.089035
