1 0.681950 0.539695 0.241400 0.204039
0 0.055000 0.563261 0.065000 0.067479
1 0.437119 0.537957 0.256738 0.202437
0 0.141875 0.662137 0.076250 0.042174
1 0.474175 0.397020 0.170850 0.154864
1 0.264537 0.313144 0.144075 0.172680
0 0.823750 0.358950 0.062500 0.054358
1 0.412187 0.247306 0.159375 0.074742
0 0.181875 0.582006 0.093750 0.044986
0 0.216250 0.550141 0.072500 0.037488
0 0.912500 0.265698 0.055000 0.038425
0 0.751875 0.390347 0.063750 0.059044
0 0.850000 0.265230 0.035000 0.029991
0 0.213750 0.802718 0.032500 0.029053
0 0.769375 0.370665 0.048750 0.038425
0 0.069375 0.747891 0.033750 0.028116
0 0.196250 0.373946 0.037500 0.039363
0 0.109375 0.447985 0.028750 0.056232
1 0.596875 0.507399 0.098750 0.133824
0 0.978750 0.150422 0.040000 0.032802
0 0.808125 0.562793 0.031250 0.034677
0 0.775000 0.537488 0.037500 0.060918
0 0.824375 0.145267 0.026250 0.046860
1 0.419394 0.372441 0.246287 0.100084
0 0.415525 0.580600 0.058550 0.051546
0 0.111713 0.333843 0.035925 0.026635
0 0.324375 0.254920 0.011250 0.016870
0 0.492500 0.067948 0.017500 0.014058
0 0.773750 0.278351 0.017500 0.011246
0 0.011250 0.391753 0.017500 0.011246
0 0.017500 0.350984 0.015000 0.012184
0 0.534375 0.648547 0.021250 0.014995
0 0.511537 0.416589 0.013075 0.029053
0 0.624100 0.542348 0.018200 0.008782
0 0.554494 0.359958 0.011487 0.061996
0 0.832500 0.578257 0.020000 0.013121
0 0.935000 0.657451 0.015000 0.012184
0 0.741250 0.495314 0.015000 0.014058
0 0.538750 0.771321 0.020000 0.013121
0 0.314787 0.161879 0.032075 0.029475
0 0.049856 0.133814 0.037213 0.033327
0 0.102144 0.249963 0.036788 0.029447
0 0.332587 0.263922 0.007675 0.021753
0 0.565244 0.435787 0.010488 0.009344
0 0.558381 0.449588 0.006763 0.008828
0 0.321575 0.512545 0.028150 0.027901
0 0.448937 0.596298 0.012875 0.009841
1 0.502450 0.378543 0.099900 0.117910
