1 0.313125 0.480319 0.276250 0.227741
0 0.928750 0.391284 0.077500 0.074039
1 0.555625 0.456420 0.291250 0.226804
0 0.824375 0.302249 0.083750 0.049672
1 0.545625 0.599813 0.198750 0.170572
1 0.768125 0.660731 0.173750 0.185567
0 0.206250 0.673852 0.072500 0.059981
1 0.635000 0.740862 0.172500 0.090909
0 0.800625 0.386129 0.101250 0.054358
0 0.771875 0.420806 0.078750 0.044986
0 0.135625 0.775539 0.061250 0.044049
0 0.270625 0.634958 0.073750 0.064667
0 0.197500 0.769447 0.040000 0.033739
0 0.727500 0.170572 0.037500 0.031865
0 0.257500 0.656045 0.055000 0.043112
0 0.880625 0.209466 0.038750 0.030928
0 0.825000 0.593252 0.045000 0.043112
0 0.896875 0.511246 0.038750 0.059044
1 0.402500 0.502812 0.122500 0.143393
0 0.090625 0.896439 0.046250 0.036551
0 0.183750 0.470478 0.037500 0.037488
0 0.220625 0.491565 0.048750 0.064667
0 0.245000 0.885661 0.035000 0.048735
1 0.603750 0.618088 0.262500 0.124649
0 0.568750 0.411903 0.067500 0.057170
0 0.915625 0.624180 0.041250 0.029991
0 0.719375 0.724930 0.013750 0.017807
0 0.587500 0.927366 0.020000 0.015933
0 0.270000 0.747891 0.020000 0.013121
0 0.996875 0.555764 0.006250 0.013121
0 0.998125 0.596532 0.003750 0.014058
0 0.438125 0.357076 0.023750 0.016870
0 0.503750 0.583880 0.017500 0.029991
0 0.368750 0.471884 0.020000 0.010309
0 0.472500 0.644330 0.022500 0.062793
0 0.156250 0.457357 0.022500 0.014995
0 0.040000 0.389410 0.017500 0.014058
0 0.262500 0.529991 0.017500 0.015933
0 0.411250 0.235239 0.022500 0.014995
0 0.746250 0.815370 0.037500 0.031865
0 0.995625 0.815370 0.008750 0.037488
0 0.940625 0.706186 0.041250 0.032802
0 0.709375 0.716026 0.011250 0.022493
0 0.448125 0.570291 0.011250 0.010309
0 0.452500 0.555764 0.007500 0.009372
0 0.675625 0.469072 0.033750 0.030928
0 0.533125 0.399719 0.013750 0.010309
1 0.519375 0.621368 0.121250 0.127460
