0 0.520625 0.404873 0.076250 0.046860
0 0.470625 0.806935 0.083750 0.052484
0 0.756875 0.473290 0.063750 0.033739
0 0.538750 0.363636 0.045000 0.043112
0 0.628125 0.752109 0.038750 0.042174
0 0.603750 0.731022 0.042500 0.039363
0 0.496250 0.850047 0.057500 0.033739
0 0.215625 0.492971 0.106250 0.080600
0 0.265000 0.434864 0.117500 0.091846
0 0.815625 0.319588 0.033750 0.020619
0 0.815000 0.592315 0.035000 0.018744
0 0.838125 0.550609 0.016250 0.012184
0 0.782500 0.608247 0.012500 0.007498
0 0.755625 0.493440 0.018750 0.014058
0 0.743750 0.537488 0.012500 0.010309
0 0.823750 0.391284 0.032500 0.008435
0 0.440000 0.338800 0.020000 0.023430
0 0.591250 0.298969 0.022500 0.014995
0 0.592500 0.261012 0.025000 0.014058
0 0.519375 0.247891 0.018750 0.014058
0 0.574375 0.582943 0.028750 0.024367
0 0.551875 0.568416 0.031250 0.023430
0 0.457500 0.543580 0.032500 0.022493
0 0.435000 0.613402 0.025000 0.019681
0 0.661250 0.415183 0.017500 0.011246
0 0.485000 0.489691 0.015000 0.010309
0 0.678125 0.622774 0.033750 0.023430
0 0.553750 0.546392 0.012500 0.009372
0 0.670000 0.406279 0.017500 0.008435
0 0.375625 0.388941 0.011250 0.011246
0 0.323750 0.456420 0.020000 0.016870
0 0.550000 0.689316 0.032500 0.027179
0 0.700000 0.817245 0.032500 0.024367
0 0.525000 0.671040 0.032500 0.026242
0 0.413125 0.768510 0.033750 0.033739
0 0.527500 0.858950 0.010000 0.010309
0 0.251875 0.218369 0.033750 0.020619
0 0.269375 0.234302 0.016250 0.011246
0 0.276875 0.246017 0.016250 0.015933
0 0.291250 0.247423 0.020000 0.018744
0 0.311250 0.249297 0.022500 0.018744
0 0.335625 0.250703 0.026250 0.021556
0 0.382500 0.261481 0.040000 0.029991
0 0.400000 0.229147 0.027500 0.012184
0 0.421250 0.251640 0.010000 0.004686
0 0.403125 0.324742 0.028750 0.040300
0 0.497500 0.248828 0.025000 0.012184
0 0.649375 0.249297 0.011250 0.007498
0 0.673125 0.266635 0.098750 0.057170
0 0.572500 0.378632 0.022500 0.011246
0 0.730625 0.665886 0.031250 0.019681
0 0.572500 0.709466 0.037500 0.031865
0 0.515625 0.870665 0.043750 0.009372
0 0.459375 0.843486 0.008750 0.009372
0 0.267500 0.540300 0.007500 0.008435
