0 0.378750 0.469072 0.075000 0.064667
0 0.898125 0.575445 0.083750 0.071228
0 0.508750 0.306467 0.055000 0.052484
0 0.327500 0.448454 0.065000 0.040300
0 0.852500 0.449859 0.062500 0.035614
0 0.820625 0.464386 0.058750 0.038425
0 0.958125 0.564199 0.053750 0.048735
0 0.440625 0.708997 0.123750 0.092784
0 0.373125 0.662605 0.141250 0.103093
0 0.317500 0.236176 0.032500 0.028116
0 0.675625 0.284442 0.031250 0.029053
0 0.624375 0.260075 0.018750 0.014058
0 0.691250 0.310684 0.012500 0.010309
0 0.535625 0.310684 0.021250 0.015933
0 0.590625 0.327085 0.016250 0.011246
0 0.413125 0.242268 0.016250 0.025305
0 0.276875 0.517338 0.033750 0.018744
0 0.251875 0.398782 0.023750 0.019681
0 0.201250 0.390815 0.022500 0.020619
0 0.171875 0.442830 0.021250 0.015933
0 0.621250 0.459700 0.037500 0.025305
0 0.598125 0.473758 0.036250 0.027179
0 0.550000 0.539831 0.035000 0.028116
0 0.637500 0.568416 0.030000 0.021556
0 0.416250 0.366448 0.017500 0.014995
0 0.483125 0.509841 0.016250 0.013121
0 0.691875 0.390347 0.036250 0.029053
0 0.570000 0.468604 0.015000 0.011246
0 0.405625 0.358482 0.013750 0.014058
0 0.331875 0.573102 0.016250 0.010309
0 0.411875 0.622774 0.026250 0.017807
0 0.756875 0.496251 0.041250 0.029053
0 0.951250 0.407685 0.037500 0.028116
0 0.728750 0.511715 0.040000 0.028116
0 0.837500 0.611528 0.050000 0.030928
0 0.976250 0.542643 0.015000 0.009372
0 0.086250 0.634489 0.032500 0.028116
0 0.111250 0.624649 0.017500 0.014058
0 0.126875 0.621368 0.023750 0.014995
0 0.131250 0.610590 0.027500 0.017807
0 0.138125 0.596532 0.028750 0.019681
0 0.143750 0.578725 0.032500 0.023430
0 0.166875 0.545923 0.046250 0.034677
0 0.126875 0.527648 0.021250 0.022493
0 0.160000 0.514995 0.007500 0.008435
0 0.252500 0.541706 0.057500 0.028116
0 0.168750 0.458294 0.020000 0.020619
0 0.196875 0.346767 0.011250 0.009372
0 0.223750 0.331771 0.092500 0.082474
0 0.353125 0.426429 0.018750 0.018744
0 0.758125 0.358950 0.031250 0.026242
0 0.786875 0.483130 0.048750 0.032802
0 0.988750 0.553889 0.020000 0.033739
0 0.944375 0.589972 0.013750 0.008435
0 0.512500 0.679007 0.012500 0.006560
