1 0.283125 0.443662 0.121250 0.100469
0 0.876875 0.449296 0.078750 0.049765
0 0.455625 0.588263 0.093750 0.061033
0 0.858125 0.490610 0.078750 0.051643
0 0.213125 0.560094 0.068750 0.049765
1 0.335000 0.515962 0.095000 0.079812
0 0.050544 0.350653 0.101088 0.047784
1 0.046875 0.630047 0.091250 0.065728
0 0.589375 0.785446 0.043750 0.029108
0 0.589375 0.584977 0.053750 0.045070
0 0.673125 0.371362 0.051250 0.029108
0 0.845000 0.578873 0.120000 0.023474
0 0.964131 0.584038 0.040763 0.045070
1 0.792500 0.652437 0.310000 0.262620
0 0.931875 0.462911 0.028750 0.101408
0 0.142500 0.326761 0.027500 0.013146
0 0.066250 0.253991 0.027500 0.029108
0 0.236875 0.232394 0.028750 0.027230
0 0.303750 0.216901 0.010000 0.007512
0 0.490000 0.230516 0.040000 0.025352
0 0.500625 0.305164 0.036250 0.026291
0 0.371875 0.309390 0.018750 0.014085
0 0.375000 0.295775 0.015000 0.011268
0 0.646250 0.309390 0.027500 0.025352
0 0.555625 0.248357 0.028750 0.027230
0 0.336706 0.313146 0.013413 0.012207
0 0.778750 0.300000 0.025000 0.012207
0 0.100000 0.464319 0.040000 0.029108
0 0.135625 0.395305 0.028750 0.024413
0 0.008125 0.621596 0.016250 0.015023
0 0.169375 0.467136 0.018750 0.015962
0 0.296875 0.571831 0.013750 0.011268
0 0.025625 0.638967 0.013750 0.010329
0 0.617500 0.528638 0.037500 0.026291
0 0.652156 0.663615 0.036812 0.038967
0 0.698750 0.568545 0.030000 0.014085
0 0.757500 0.644131 0.030000 0.018779
0 0.939862 0.648826 0.017225 0.013146
0 0.751875 0.599061 0.023750 0.013146
0 0.159375 0.740376 0.031250 0.023474
0 0.661600 0.738183 0.033200 0.037869
0 0.746875 0.715962 0.028750 0.012207
0 0.686250 0.733333 0.012500 0.011268
0 0.949375 0.724413 0.008750 0.008451
0 0.131275 0.664577 0.017550 0.014601
0 0.314275 0.467343 0.011050 0.006986
0 0.986456 0.526606 0.027912 0.027859
0 0.909169 0.761568 0.035838 0.017033
0 0.121300 0.643554 0.055100 0.088986
