1 0.708750 0.573239 0.135000 0.109859
0 0.118750 0.520657 0.085000 0.055399
0 0.556875 0.415962 0.101250 0.067606
0 0.142500 0.481221 0.085000 0.057277
0 0.793750 0.462911 0.075000 0.054460
1 0.666250 0.497653 0.105000 0.086385
0 0.926250 0.684038 0.107500 0.055399
1 0.959375 0.406103 0.081250 0.072300
0 0.451250 0.208451 0.047500 0.031925
0 0.423750 0.408451 0.060000 0.048826
0 0.310000 0.614554 0.055000 0.032864
0 0.168750 0.394836 0.122500 0.032864
0 0.050000 0.379812 0.047500 0.047887
1 0.231250 0.325822 0.345000 0.285446
0 0.066250 0.503286 0.042500 0.103286
0 0.831875 0.700469 0.028750 0.015023
0 0.896875 0.778873 0.031250 0.030986
0 0.725000 0.787324 0.032500 0.029108
0 0.655625 0.797653 0.011250 0.008451
0 0.473125 0.769014 0.043750 0.028169
0 0.472500 0.694366 0.040000 0.029108
0 0.601250 0.699531 0.020000 0.015023
0 0.595625 0.713146 0.016250 0.012207
0 0.328125 0.678404 0.031250 0.027230
0 0.410000 0.746009 0.032500 0.029108
0 0.636250 0.698592 0.015000 0.013146
0 0.195625 0.677465 0.026250 0.014085
0 0.893125 0.567136 0.043750 0.031925
0 0.847500 0.632864 0.032500 0.026291
0 0.998125 0.417371 0.003750 0.015962
0 0.824375 0.558685 0.021250 0.016901
0 0.712500 0.444601 0.015000 0.012207
0 0.991250 0.399061 0.015000 0.011268
0 0.386875 0.462441 0.041250 0.029108
0 0.371875 0.325352 0.041250 0.042254
0 0.311875 0.416432 0.031250 0.015962
0 0.263750 0.337089 0.032500 0.020657
0 0.083125 0.317840 0.018750 0.014085
0 0.263750 0.382160 0.025000 0.015023
0 0.873125 0.287793 0.033750 0.025352
0 0.371875 0.251174 0.038750 0.040376
0 0.285000 0.266197 0.030000 0.014085
0 0.348125 0.253991 0.013750 0.012207
0 0.085000 0.241315 0.010000 0.009390
0 0.890000 0.365728 0.020000 0.015962
0 0.680000 0.547418 0.012500 0.007512
0 0.020625 0.435681 0.031250 0.030047
0 0.129375 0.208920 0.038750 0.019718
0 0.897500 0.387324 0.067500 0.092958
