0 0.428125 0.245080 0.108750 0.134021
0 0.794375 0.387067 0.098750 0.073102
0 0.451250 0.347704 0.072500 0.065604
0 0.233750 0.850047 0.082500 0.058107
0 0.500625 0.474227 0.051250 0.035614
0 0.671875 0.716963 0.078750 0.069353
0 0.855000 0.121837 0.142500 0.048735
0 0.188750 0.802249 0.060000 0.041237
0 0.597500 0.146673 0.155000 0.126523
0 0.805000 0.510309 0.095000 0.059044
0 0.192500 0.758669 0.065000 0.045923
0 0.323125 0.814902 0.081250 0.075914
0 0.954375 0.464386 0.091250 0.089035
0 0.523125 0.309278 0.061250 0.065604
0 0.801250 0.452202 0.100000 0.060918
0 0.125000 0.816776 0.067500 0.042174
0 0.920000 0.157919 0.040000 0.034677
0 0.189375 0.705717 0.036250 0.037488
0 0.266250 0.548266 0.060000 0.046860
0 0.083125 0.847704 0.058750 0.030928
1 0.072500 0.916589 0.145000 0.121837
0 0.305625 0.574977 0.031250 0.040300
0 0.730625 0.680412 0.046250 0.035614
0 0.968750 0.541706 0.062500 0.054358
0 0.110625 0.733833 0.061250 0.046860
0 0.730000 0.780225 0.047500 0.034677
0 0.035000 0.789128 0.065000 0.043112
0 0.166250 0.852390 0.060000 0.030928
0 0.908750 0.661668 0.047500 0.033739
0 0.958750 0.624649 0.055000 0.038425
0 0.766250 0.762418 0.040000 0.034677
0 0.246875 0.314902 0.021250 0.026242
0 0.690625 0.213683 0.031250 0.031865
0 0.705000 0.235708 0.022500 0.015933
0 0.888750 0.212746 0.025000 0.018744
0 0.673750 0.119963 0.015000 0.059981
0 0.038125 0.457826 0.031250 0.023430
0 0.258750 0.578725 0.027500 0.023430
0 0.030000 0.530459 0.010000 0.007498
0 0.188125 0.364574 0.036250 0.033739
0 0.190000 0.343955 0.022500 0.018744
0 0.023750 0.473290 0.010000 0.009372
0 0.304375 0.644330 0.036250 0.021556
0 0.141875 0.399719 0.033750 0.025305
0 0.153750 0.539831 0.015000 0.014995
0 0.315625 0.660080 0.031250 0.015567
0 0.070000 0.520619 0.012500 0.010309
0 0.221875 0.573571 0.013750 0.011246
0 0.028750 0.522493 0.012500 0.008435
0 0.063750 0.476101 0.012500 0.009372
0 0.067500 0.498594 0.010000 0.009372
0 0.212500 0.566073 0.025000 0.013121
0 0.239375 0.659794 0.026250 0.011246
0 0.258750 0.646673 0.030000 0.013121
0 0.023750 0.481724 0.010000 0.007498
0 0.211875 0.555295 0.023750 0.014058
0 0.201875 0.376757 0.013750 0.013121
0 0.328387 0.362699 0.036775 0.029991
0 0.024375 0.488754 0.008750 0.006560
0 0.103750 0.408154 0.022500 0.017807
0 0.031250 0.536551 0.010000 0.006560
0 0.275006 0.333843 0.025013 0.022887
0 0.027500 0.515933 0.010000 0.006560
0 0.026875 0.509372 0.008750 0.006560
0 0.066875 0.509841 0.011250 0.007498
0 0.025000 0.495783 0.010000 0.007498
0 0.026250 0.502812 0.010000 0.006560
0 0.258125 0.657451 0.016250 0.010309
0 0.491250 0.506560 0.020000 0.010309
0 0.215625 0.682287 0.036250 0.028116
0 0.159375 0.701968 0.033750 0.029991
0 0.685000 0.790534 0.037500 0.032802
0 0.791875 0.753515 0.008750 0.007498
0 0.463150 0.736326 0.033800 0.018107
0 0.450969 0.755366 0.039438 0.024321
0 0.444569 0.619166 0.026637 0.018088
0 0.434131 0.602432 0.023262 0.018360
0 0.389263 0.577877 0.048525 0.047976
0 0.328306 0.503604 0.011612 0.006270
0 0.330494 0.511392 0.013487 0.012474
0 0.352494 0.510398 0.014988 0.004864
0 0.345206 0.518894 0.037912 0.018107
0 0.303181 0.407437 0.013862 0.012624
0 0.292244 0.413252 0.011987 0.007385
0 0.297881 0.419958 0.023262 0.013299
0 0.088625 0.412160 0.017250 0.014574
