1 0.943125 0.631505 0.113750 0.091421
1 0.927500 0.577356 0.145000 0.090014
1 0.630625 0.387482 0.173750 0.113924
1 0.826875 0.688819 0.211250 0.137131
1 0.365625 0.482771 0.166250 0.176512
0 0.681875 0.262307 0.076250 0.045007
0 0.598125 0.771800 0.106250 0.048523
1 0.630625 0.567159 0.118750 0.076653
0 0.173125 0.317159 0.091250 0.047820
1 0.701875 0.308368 0.121250 0.072433
0 0.088750 0.432138 0.102500 0.082278
1 0.284375 0.576653 0.108750 0.078762
0 0.033750 0.283755 0.067500 0.045710
1 0.775000 0.474684 0.267500 0.154712
0 0.136875 0.420886 0.061250 0.034459
0 0.628750 0.532349 0.097500 0.043601
1 0.330625 0.409986 0.111250 0.099859
0 0.986875 0.786920 0.026250 0.104079
0 0.473750 0.753868 0.037500 0.022504
0 0.630625 0.726442 0.041250 0.023910
0 0.406875 0.754571 0.036250 0.029536
0 0.591875 0.757384 0.018750 0.009845
0 0.166875 0.700070 0.041250 0.031646
0 0.175000 0.721519 0.040000 0.035162
0 0.239375 0.686006 0.031250 0.016174
0 0.991875 0.580872 0.016250 0.029536
0 0.893125 0.387834 0.023750 0.013361
0 0.628125 0.504923 0.043750 0.022504
0 0.491250 0.647679 0.055000 0.026723
0 0.670625 0.660338 0.041250 0.023910
0 0.494375 0.626934 0.013750 0.009142
0 0.086250 0.692686 0.045000 0.022504
0 0.171875 0.676160 0.041250 0.027426
0 0.321250 0.518284 0.030000 0.019691
0 0.273750 0.396624 0.030000 0.019691
0 0.308125 0.588959 0.021250 0.016174
0 0.007500 0.371660 0.015000 0.021800
0 0.310625 0.573840 0.021250 0.019691
0 0.233750 0.283052 0.020000 0.013361
1 0.645000 0.391350 0.065000 0.033052
1 0.762500 0.495077 0.137500 0.071730
