1 0.068750 0.337036 0.137500 0.081948
1 0.090000 0.393812 0.132500 0.081575
1 0.346250 0.602672 0.152500 0.104079
1 0.217331 0.290436 0.184662 0.125176
1 0.629381 0.526797 0.131263 0.168924
0 0.268750 0.723629 0.067500 0.040788
0 0.461250 0.223629 0.097500 0.042194
1 0.385625 0.424754 0.103750 0.070323
0 0.785000 0.703938 0.082500 0.042194
1 0.258750 0.676864 0.107500 0.065401
0 0.893125 0.595992 0.086250 0.076653
1 0.730856 0.438910 0.094213 0.073319
0 0.920625 0.746484 0.068750 0.041491
1 0.221875 0.506329 0.238750 0.139241
0 0.843750 0.603376 0.055000 0.030942
0 0.380000 0.459212 0.090000 0.037975
1 0.649537 0.601378 0.091575 0.094459
0 0.040625 0.178973 0.081250 0.099156
0 0.581875 0.250000 0.033750 0.020394
0 0.419375 0.266174 0.036250 0.021800
0 0.647500 0.254219 0.030000 0.027426
0 0.465000 0.238397 0.017500 0.008439
0 0.873587 0.324364 0.034675 0.029880
0 0.871250 0.302743 0.032500 0.033052
0 0.799375 0.333319 0.028750 0.014037
0 0.016875 0.385021 0.033750 0.027426
0 0.085625 0.584740 0.021250 0.011955
0 0.373750 0.486639 0.040000 0.019691
0 0.541250 0.354079 0.050000 0.023207
0 0.365594 0.329582 0.036187 0.022032
0 0.533750 0.374824 0.012500 0.008439
0 0.953125 0.337725 0.041250 0.020035
0 0.864375 0.348101 0.036250 0.025316
0 0.681875 0.494374 0.026250 0.018284
0 0.701875 0.618143 0.026250 0.018284
0 0.709375 0.425105 0.018750 0.014768
0 0.975625 0.662138 0.041250 0.019072
0 0.703750 0.439522 0.017500 0.018284
0 0.717500 0.733826 0.017500 0.011955
1 0.332906 0.597750 0.058312 0.029536
1 0.238819 0.487180 0.125138 0.062968
