1 0.526800 0.747526 0.331100 0.193643
1 0.213750 0.783568 0.280000 0.160563
1 0.823263 0.350704 0.154025 0.134272
0 0.078750 0.538028 0.050000 0.035681
1 0.788763 0.656808 0.197525 0.235681
0 0.268125 0.022066 0.101250 0.044131
0 0.798125 0.646479 0.056250 0.040376
0 0.033125 0.654930 0.066250 0.040376
0 0.026250 0.584507 0.052500 0.049765
0 0.113125 0.039437 0.043750 0.039437
0 0.219725 0.370423 0.041950 0.040376
1 0.902281 0.704911 0.139563 0.093390
0 0.202500 0.497183 0.045000 0.040376
0 0.713750 0.241784 0.035000 0.040376
0 0.143125 0.448357 0.036250 0.053521
0 0.128750 0.418310 0.052500 0.100469
0 0.091106 0.375117 0.034713 0.059155
0 0.048750 0.382160 0.037500 0.060094
0 0.019350 0.157822 0.038700 0.041465
0 0.202500 0.135681 0.035000 0.027230
0 0.173125 0.119718 0.031250 0.023474
0 0.086875 0.142254 0.038750 0.015962
0 0.788750 0.158216 0.030000 0.021596
0 0.700625 0.178404 0.031250 0.028169
0 0.883481 0.161817 0.014462 0.010019
0 0.124375 0.358685 0.028750 0.024413
0 0.160000 0.403286 0.015000 0.017840
0 0.626250 0.429108 0.015000 0.011268
0 0.581250 0.603756 0.012500 0.007512
0 0.595000 0.608920 0.010000 0.006573
0 0.540625 0.630986 0.011250 0.009390
0 0.795625 0.339906 0.023750 0.013146
0 0.863750 0.343207 0.032500 0.029136
0 0.933125 0.547887 0.021250 0.017840
0 0.726250 0.373239 0.030000 0.036620
0 0.979375 0.439437 0.026250 0.022535
0 0.717369 0.662751 0.042237 0.031606
0 0.957500 0.464319 0.015000 0.015962
0 0.970869 0.473052 0.026738 0.022160
0 0.886875 0.528638 0.011250 0.009390
0 0.850000 0.627230 0.015000 0.013146
0 0.933125 0.621127 0.013750 0.014085
0 0.979375 0.511268 0.016250 0.010329
0 0.841250 0.570892 0.020000 0.020657
0 0.894400 0.511831 0.016300 0.017089
0 0.776875 0.503286 0.008750 0.009390
0 0.882500 0.371831 0.010000 0.011268
0 0.704375 0.495305 0.008750 0.008451
0 0.970625 0.623005 0.013750 0.010329
0 0.240000 0.817371 0.020000 0.014085
0 0.171875 0.795775 0.018750 0.014085
0 0.571875 0.711268 0.023750 0.019718
0 0.575000 0.739906 0.030000 0.015023
0 0.595625 0.761502 0.026250 0.015023
0 0.648125 0.755399 0.011250 0.010329
0 0.585625 0.756338 0.013750 0.008451
0 0.672500 0.770892 0.012500 0.011268
1 0.991250 0.679211 0.017500 0.038235
0 0.985863 0.574000 0.019225 0.019362
1 0.886663 0.643451 0.103325 0.128216
1 0.970050 0.630920 0.060100 0.050573
1 0.931637 0.635408 0.135775 0.121521
0 0.172538 0.363235 0.042575 0.031634
0 0.861606 0.202498 0.010712 0.008751
0 0.829394 0.154103 0.023788 0.009615
0 0.864850 0.334305 0.009700 0.005700
0 0.797231 0.332545 0.009463 0.005934
0 0.989194 0.490991 0.020887 0.026113
0 0.979163 0.487343 0.023325 0.028207
0 0.964063 0.491479 0.023125 0.025211
0 0.970169 0.454859 0.020337 0.017700
0 0.990950 0.363019 0.016900 0.034958
0 0.986563 0.339723 0.023125 0.037192
0 0.727731 0.348958 0.032962 0.046272
0 0.731250 0.337122 0.030000 0.030113
0 0.724688 0.304962 0.039375 0.037155
0 0.723762 0.291620 0.035025 0.029249
0 0.724737 0.279014 0.019475 0.013427
