0 0.121875 0.533803 0.128750 0.076056
1 0.135000 0.369953 0.250000 0.167136
1 0.277500 0.291549 0.145000 0.107981
1 0.750625 0.431925 0.231250 0.229108
0 0.587500 0.325822 0.080000 0.080751
1 0.445625 0.421127 0.208750 0.153052
0 0.043125 0.611268 0.086250 0.061972
0 0.116250 0.135211 0.095000 0.054460
0 0.120000 0.226291 0.047500 0.041315
1 0.669400 0.826507 0.236300 0.171324
0 0.138125 0.704695 0.056250 0.032864
1 0.506381 0.680380 0.190263 0.141981
0 0.059375 0.858216 0.061250 0.041315
0 0.047500 0.764319 0.055000 0.033803
0 0.492500 0.594366 0.067500 0.046948
0 0.509375 0.350704 0.056250 0.055399
0 0.626875 0.104225 0.038750 0.035681
0 0.976250 0.715023 0.042500 0.034742
1 0.567956 0.563225 0.203412 0.149925
0 0.056250 0.285446 0.050000 0.050704
0 0.076250 0.395305 0.055000 0.028169
0 0.775625 0.598592 0.073750 0.017840
0 0.021875 0.303629 0.043750 0.049512
0 0.531875 0.466197 0.038750 0.042254
0 0.863750 0.558216 0.075000 0.021596
0 0.463750 0.522066 0.027500 0.073239
0 0.553431 0.601408 0.049363 0.034742
0 0.053750 0.030986 0.032500 0.031925
0 0.046250 0.057277 0.017500 0.013146
0 0.005000 0.147418 0.010000 0.018779
0 0.520625 0.239437 0.016250 0.013146
0 0.508125 0.328169 0.053750 0.010329
0 0.501250 0.230047 0.017500 0.056338
0 0.523750 0.119249 0.015000 0.022535
0 0.732500 0.107512 0.025000 0.017840
0 0.688125 0.120188 0.016250 0.011268
0 0.710425 0.129577 0.010850 0.007512
0 0.566875 0.571362 0.018750 0.012207
0 0.587500 0.792488 0.025000 0.024413
0 0.573750 0.704225 0.022500 0.015023
0 0.632500 0.823005 0.015000 0.014085
0 0.847856 0.130038 0.035713 0.032845
0 0.962450 0.190587 0.034900 0.033756
0 0.578069 0.273225 0.013638 0.016873
0 0.588162 0.266817 0.008825 0.024714
0 0.004412 0.353258 0.008825 0.013559
0 0.596325 0.559901 0.017650 0.009944
0 0.756281 0.465366 0.020063 0.010545
0 0.726575 0.450080 0.015650 0.008141
0 0.788581 0.433108 0.019662 0.011756
0 0.736669 0.408136 0.010837 0.016272
0 0.764013 0.354836 0.008025 0.012958
1 0.565106 0.700479 0.037713 0.056357
