0 0.409375 0.222535 0.116250 0.105164
1 0.628125 0.212207 0.251250 0.206573
1 0.748750 0.309390 0.160000 0.121127
1 0.620625 0.678404 0.331250 0.200000
0 0.740625 0.544601 0.116250 0.069484
1 0.597500 0.449765 0.227500 0.174648
0 0.297500 0.173239 0.092500 0.072300
0 0.923750 0.169953 0.062500 0.075117
0 0.816250 0.183568 0.060000 0.040376
1 0.113125 0.663380 0.206250 0.192488
0 0.186250 0.254930 0.050000 0.046009
1 0.262500 0.527230 0.210000 0.158685
0 0.095625 0.195305 0.051250 0.045070
0 0.375000 0.506103 0.070000 0.056338
0 0.698750 0.489202 0.080000 0.048826
0 0.274375 0.881690 0.051250 0.035681
1 0.425625 0.559155 0.223750 0.169953
0 0.730000 0.143662 0.072500 0.043192
0 0.586875 0.171362 0.043750 0.044131
0 0.403750 0.716901 0.032500 0.057277
0 0.701875 0.119718 0.071250 0.038498
0 0.548750 0.520188 0.060000 0.033803
0 0.468750 0.778404 0.037500 0.058216
0 0.466250 0.475587 0.100000 0.029108
0 0.373125 0.552582 0.051250 0.040376
0 0.905625 0.088263 0.026250 0.009390
0 0.846875 0.484038 0.018750 0.014085
0 0.728750 0.485446 0.020000 0.041315
0 0.856875 0.468075 0.076250 0.019718
0 0.995000 0.471831 0.010000 0.012207
0 0.414375 0.558685 0.018750 0.015023
0 0.125000 0.601408 0.035000 0.021596
0 0.240000 0.580282 0.022500 0.018779
0 0.090000 0.638498 0.020000 0.013146
0 0.965625 0.806573 0.048750 0.030047
0 0.809375 0.530986 0.023750 0.012207
0 0.820625 0.538028 0.033750 0.009390
0 0.633125 0.113146 0.018750 0.008451
0 0.433125 0.578873 0.016250 0.014085
0 0.578125 0.687793 0.016250 0.015962
0 0.594375 0.662911 0.013750 0.013146
0 0.623125 0.706573 0.018750 0.015962
0 0.651250 0.666197 0.022500 0.010329
0 0.724375 0.679812 0.018750 0.007512
1 0.243125 0.572300 0.078750 0.034742
