0 0.381875 0.527778 0.136250 0.086498
0 0.872500 0.457103 0.062500 0.040788
0 0.527500 0.770745 0.100000 0.067511
0 0.935625 0.579466 0.096250 0.056259
0 0.838125 0.560127 0.081250 0.058368
0 0.761250 0.223980 0.072500 0.047117
0 0.163750 0.843882 0.050000 0.028129
0 0.932500 0.449015 0.067500 0.038678
0 0.128125 0.236287 0.103750 0.046414
0 0.638125 0.558368 0.051250 0.032349
0 0.035000 0.238748 0.060000 0.038678
0 0.918750 0.307665 0.060000 0.044304
0 0.373125 0.704641 0.086250 0.026723
0 0.940625 0.719058 0.056250 0.035865
0 0.016250 0.399086 0.032500 0.034459
0 0.719375 0.722574 0.041250 0.024613
0 0.560625 0.669831 0.041250 0.023207
0 0.395625 0.707806 0.031250 0.011955
0 0.268750 0.733826 0.042500 0.024613
0 0.245625 0.716596 0.046250 0.025316
0 0.033125 0.744374 0.023750 0.027426
0 0.344375 0.677567 0.028750 0.013361
0 0.735000 0.630098 0.047500 0.028129
0 0.931250 0.335443 0.025000 0.009845
0 0.807500 0.658228 0.040000 0.022504
0 0.738125 0.450070 0.021250 0.011252
0 0.675625 0.424754 0.016250 0.012658
0 0.668125 0.395570 0.021250 0.016174
0 0.480625 0.361463 0.051250 0.026723
0 0.378125 0.570675 0.046250 0.027426
0 0.646875 0.536217 0.033750 0.018987
0 0.353750 0.482419 0.040000 0.021097
0 0.626250 0.379395 0.017500 0.010549
0 0.355625 0.438819 0.016250 0.009845
0 0.514375 0.511252 0.018750 0.009845
0 0.445000 0.356188 0.015000 0.010549
0 0.441250 0.410689 0.010000 0.007032
0 0.051250 0.640999 0.047500 0.027426
0 0.308125 0.500703 0.038750 0.019691
0 0.197500 0.593179 0.095000 0.013361
0 0.960000 0.271800 0.030000 0.013361
0 0.467500 0.244374 0.020000 0.013361
0 0.481875 0.235935 0.013750 0.009142
0 0.145000 0.343179 0.022500 0.008439
0 0.600625 0.750703 0.053750 0.026020
0 0.191875 0.603376 0.046250 0.007032
0 0.303125 0.484529 0.026250 0.007032
0 0.311875 0.479255 0.021250 0.004923
0 0.315625 0.471519 0.026250 0.006329
0 0.688125 0.389944 0.026250 0.007736
