1 0.158238 0.397272 0.151475 0.103465
1 0.226875 0.616901 0.153750 0.103286
0 0.236875 0.744131 0.078750 0.062911
1 0.322500 0.496244 0.132500 0.100469
0 0.771875 0.438028 0.038750 0.034742
0 0.302500 0.489202 0.047500 0.037559
0 0.749931 0.496714 0.044862 0.035681
0 0.249375 0.193897 0.021250 0.014085
0 0.130000 0.129108 0.020000 0.014085
0 0.196875 0.025789 0.018750 0.015897
0 0.163637 0.009737 0.022275 0.011962
0 0.375625 0.137559 0.036250 0.027230
0 0.609375 0.238967 0.041250 0.017840
0 0.653750 0.188263 0.017500 0.014085
0 0.406775 0.252113 0.021050 0.014085
0 0.825788 0.325474 0.016575 0.012451
0 0.915000 0.265258 0.015000 0.025352
0 0.929375 0.261972 0.011250 0.015023
0 0.950625 0.228169 0.013750 0.024413
0 0.938125 0.230047 0.016250 0.024413
0 0.187500 0.360563 0.032500 0.020657
0 0.013125 0.463380 0.023750 0.015962
0 0.238125 0.585446 0.028750 0.019718
0 0.539375 0.446948 0.036250 0.026291
0 0.958125 0.454460 0.031250 0.041315
0 0.808750 0.441315 0.030000 0.028169
0 0.810000 0.464319 0.032500 0.025352
0 0.775000 0.550235 0.020000 0.013146
0 0.871875 0.469953 0.056250 0.021596
0 0.771875 0.564789 0.021250 0.012207
0 0.783750 0.655399 0.022500 0.013146
0 0.253750 0.888732 0.030000 0.017840
0 0.582850 0.674408 0.038200 0.026751
0 0.610625 0.801408 0.018750 0.012207
0 0.630625 0.799531 0.011250 0.008451
0 0.778125 0.773239 0.036250 0.027230
0 0.778125 0.838498 0.023750 0.018779
0 0.165681 0.372362 0.018863 0.006695
0 0.150706 0.132390 0.008913 0.013136
0 0.769306 0.238751 0.016113 0.013653
0 0.834244 0.160272 0.015987 0.005052
0 0.835700 0.165643 0.013900 0.004526
0 0.895238 0.496376 0.012975 0.018103
0 0.903500 0.496568 0.009500 0.020366
0 0.774169 0.482944 0.008337 0.006263
0 0.675119 0.577695 0.012737 0.006094
0 0.602863 0.549066 0.038225 0.029587
0 0.991206 0.577357 0.017413 0.065512
0 0.930019 0.476812 0.027538 0.040948
1 0.632344 0.580423 0.112187 0.082911
1 0.601506 0.540258 0.043012 0.072066
1 0.699750 0.545507 0.157000 0.122000
1 0.531631 0.534826 0.220763 0.170122
1 0.668787 0.592150 0.230075 0.179606
