0 0.678750 0.243662 0.060000 0.046009
0 0.264375 0.430986 0.063750 0.058216
0 0.909375 0.364789 0.073750 0.076056
1 0.321875 0.554930 0.278750 0.129577
0 0.691250 0.496244 0.072500 0.044131
1 0.268750 0.483568 0.257500 0.187793
1 0.303125 0.404695 0.168750 0.208451
0 0.710000 0.588263 0.062500 0.046009
0 0.547500 0.548826 0.050000 0.036620
0 0.138750 0.640845 0.060000 0.030986
0 0.237500 0.322535 0.102500 0.051643
0 0.596250 0.546948 0.057500 0.034742
0 0.901875 0.454930 0.053750 0.061033
0 0.213750 0.577465 0.055000 0.071362
0 0.490000 0.606573 0.047500 0.037559
0 0.836875 0.485446 0.111250 0.048826
0 0.025000 0.307512 0.042500 0.023474
0 0.026250 0.326291 0.032500 0.019718
0 0.065000 0.172770 0.027500 0.011268
0 0.474375 0.210798 0.038750 0.034742
0 0.574375 0.205634 0.051250 0.031925
0 0.380625 0.269014 0.038750 0.032864
0 0.388750 0.321127 0.037500 0.031925
0 0.521250 0.322066 0.020000 0.024413
0 0.533125 0.301408 0.031250 0.069484
0 0.353125 0.660094 0.033750 0.026291
0 0.215000 0.471362 0.012500 0.009390
0 0.578125 0.389202 0.018750 0.015962
0 0.332500 0.426761 0.017500 0.017840
0 0.377500 0.640845 0.022500 0.012207
0 0.353750 0.439437 0.017500 0.016901
0 0.953125 0.509859 0.023750 0.015023
0 0.954375 0.490610 0.021250 0.017840
0 0.865000 0.558216 0.050000 0.032864
0 0.760625 0.542254 0.048750 0.025352
0 0.738750 0.567606 0.030000 0.023474
0 0.693750 0.598122 0.030000 0.016901
0 0.608125 0.618310 0.008750 0.010329
0 0.603125 0.648826 0.011250 0.007512
0 0.579375 0.673709 0.008750 0.010329
0 0.520625 0.619718 0.046250 0.039437
1 0.484375 0.612207 0.088750 0.052582
1 0.405625 0.644131 0.268750 0.127700
1 0.048125 0.707042 0.038750 0.093897
1 0.011875 0.377934 0.023750 0.070423
1 0.019375 0.444131 0.038750 0.133333
0 0.001250 0.490141 0.002500 0.011268
0 0.878750 0.393427 0.015000 0.016901
0 0.841875 0.495305 0.023750 0.010329
0 0.068125 0.180282 0.023750 0.009390
