0 0.493750 0.487039 0.085000 0.040899
0 0.637500 0.363767 0.082500 0.035138
0 0.033750 0.542339 0.067500 0.059332
0 0.253125 0.411578 0.071250 0.031682
0 0.517500 0.446141 0.092500 0.039747
0 0.865000 0.473790 0.085000 0.035138
0 0.943125 0.467742 0.083750 0.028802
0 0.529375 0.612039 0.073750 0.031682
0 0.060625 0.622120 0.051250 0.029954
0 0.115000 0.325461 0.052500 0.039171
0 0.188750 0.611751 0.062500 0.032258
0 0.901250 0.324021 0.070000 0.015553
0 0.190000 0.315092 0.047500 0.027650
0 0.370625 0.332949 0.048750 0.021889
0 0.081250 0.344758 0.047500 0.030530
0 0.161250 0.300115 0.027500 0.013825
0 0.771250 0.414171 0.057500 0.019585
0 0.620000 0.573733 0.060000 0.026498
0 0.753750 0.566532 0.060000 0.027074
0 0.354375 0.557892 0.063750 0.030530
0 0.488750 0.486751 0.022500 0.013825
0 0.566875 0.478399 0.056250 0.030530
