0 0.494375 0.487327 0.083750 0.040323
0 0.641875 0.365207 0.081250 0.034562
0 0.032500 0.538882 0.065000 0.059332
0 0.256875 0.409562 0.071250 0.031106
0 0.519375 0.446429 0.091250 0.039171
0 0.865625 0.476959 0.083750 0.034562
0 0.944375 0.471486 0.083750 0.028226
0 0.524375 0.612615 0.073750 0.031682
0 0.056250 0.618664 0.050000 0.029954
0 0.121875 0.322581 0.051250 0.039171
0 0.184375 0.609159 0.061250 0.031682
0 0.907500 0.327765 0.070000 0.014977
0 0.196875 0.312500 0.046250 0.027074
0 0.376875 0.332373 0.048750 0.021889
0 0.088125 0.341878 0.046250 0.030530
0 0.168750 0.297235 0.027500 0.013825
0 0.773750 0.416187 0.057500 0.019009
0 0.617500 0.574597 0.060000 0.025922
0 0.751250 0.568548 0.060000 0.026498
0 0.353125 0.556452 0.063750 0.029954
0 0.489375 0.486751 0.021250 0.013825
0 0.568750 0.478687 0.055000 0.029954
