1 0.204375 0.253046 0.313750 0.202437
1 0.335625 0.443299 0.298750 0.204311
1 0.285000 0.761949 0.295000 0.215558
1 0.513750 0.575914 0.125000 0.104030
1 0.673125 0.394096 0.071250 0.085286
1 0.206875 0.366448 0.261250 0.093721
1 0.598125 0.360356 0.098750 0.068416
0 0.737500 0.556232 0.017500 0.012184
0 0.780000 0.732896 0.022500 0.020619
0 0.828750 0.679007 0.040000 0.027179
0 0.840000 0.604967 0.040000 0.027179
0 0.530625 0.210403 0.038750 0.027179
0 0.496875 0.229616 0.026250 0.018744
0 0.241250 0.298032 0.030000 0.020619
0 0.439375 0.611528 0.036250 0.027179
0 0.518750 0.804592 0.032500 0.023430
0 0.558750 0.723055 0.032500 0.025305
0 0.713125 0.789128 0.031250 0.022493
0 0.671875 0.820525 0.028750 0.014058
0 0.641875 0.828960 0.026250 0.014058
0 0.382500 0.835052 0.030000 0.028116
0 0.400000 0.798500 0.027500 0.020619
0 0.051875 0.525305 0.053750 0.019681
0 0.526250 0.805061 0.012500 0.011246
0 0.884375 0.753983 0.026250 0.015933
0 0.807500 0.651828 0.020000 0.006560
0 0.804375 0.646204 0.023750 0.008435
0 0.865000 0.551546 0.007500 0.004686
0 0.861250 0.537488 0.007500 0.004686
1 0.633750 0.340206 0.227500 0.093721
0 0.631875 0.285848 0.011250 0.014995
0 0.250625 0.530928 0.013750 0.010309
0 0.350625 0.438613 0.021250 0.014995
0 0.263125 0.389410 0.021250 0.015933
1 0.515000 0.575445 0.095000 0.080600
0 0.270000 0.702905 0.015000 0.016870
1 0.345000 0.729147 0.140000 0.148079
1 0.116250 0.380975 0.047500 0.034677
0 0.121875 0.392221 0.026250 0.015933
0 0.158125 0.369260 0.008750 0.007498
