0 0.414375 0.737582 0.103750 0.069353
0 0.490625 0.308341 0.071250 0.056232
0 0.674375 0.387535 0.098750 0.115276
0 0.692500 0.141518 0.085000 0.048735
0 0.453125 0.443299 0.043750 0.050609
0 0.461250 0.529053 0.057500 0.049672
0 0.452500 0.485005 0.055000 0.047798
0 0.271875 0.521087 0.046250 0.037488
0 0.442500 0.187910 0.057500 0.044049
0 0.393750 0.152765 0.052500 0.024367
0 0.488125 0.569353 0.058750 0.036551
0 0.966875 0.749766 0.066250 0.029991
0 0.907500 0.622774 0.080000 0.023430
0 0.960625 0.133552 0.053750 0.027179
0 0.015000 0.416589 0.030000 0.092784
0 0.036875 0.453140 0.073750 0.100281
0 0.166875 0.252109 0.018750 0.013121
0 0.373750 0.312090 0.027500 0.026242
0 0.513125 0.141050 0.041250 0.027179
0 0.636250 0.319588 0.030000 0.026242
0 0.909375 0.279756 0.021250 0.019681
0 0.078125 0.602624 0.036250 0.031865
0 0.102500 0.612465 0.035000 0.030928
0 0.188750 0.478913 0.052500 0.014995
0 0.240625 0.388004 0.016250 0.028116
0 0.183750 0.492502 0.037500 0.014058
0 0.208125 0.498126 0.021250 0.025305
0 0.215625 0.604030 0.011250 0.012184
0 0.005625 0.543112 0.011250 0.019681
0 0.059375 0.583880 0.011250 0.009372
0 0.017500 0.643393 0.017500 0.012184
0 0.352500 0.422212 0.037500 0.029053
0 0.598125 0.538894 0.028750 0.022493
0 0.896875 0.496251 0.028750 0.023430
0 0.982500 0.424948 0.035000 0.019531
0 0.691250 0.440487 0.027500 0.024367
0 0.984375 0.388941 0.031250 0.022493
0 0.113125 0.706654 0.036250 0.026242
0 0.070625 0.680412 0.013750 0.009372
0 0.010625 0.755389 0.011250 0.007498
0 0.126875 0.701500 0.013750 0.012184
0 0.067500 0.752109 0.010000 0.006560
0 0.146875 0.735708 0.011250 0.009372
0 0.210625 0.843018 0.016250 0.012184
0 0.201250 0.831303 0.012500 0.007498
0 0.030625 0.715089 0.008750 0.007498
0 0.023125 0.715089 0.006250 0.005623
0 0.648750 0.704780 0.017500 0.009372
0 0.760000 0.870197 0.025000 0.017807
0 0.776250 0.781631 0.025000 0.014995
0 0.069013 0.688730 0.013025 0.007263
0 0.044100 0.674827 0.013200 0.013196
0 0.107150 0.665628 0.011800 0.007919
0 0.095175 0.651781 0.012850 0.015839
0 0.074119 0.644335 0.010738 0.008444
0 0.071181 0.635890 0.009862 0.010300
0 0.002025 0.620483 0.004050 0.011350
0 0.016075 0.557638 0.012150 0.009372
0 0.014631 0.527001 0.014263 0.015576
0 0.007481 0.511968 0.014963 0.030497
0 0.005975 0.165028 0.011950 0.013280
0 0.821787 0.162451 0.038575 0.019372
0 0.871806 0.249185 0.041113 0.016645
0 0.994762 0.373561 0.009525 0.016101
