0 0.601875 0.266167 0.108750 0.073102
0 0.496250 0.692127 0.075000 0.059044
0 0.318125 0.605904 0.106250 0.119025
0 0.283125 0.850515 0.088750 0.051546
0 0.543750 0.558575 0.047500 0.052484
0 0.540625 0.472821 0.061250 0.051546
0 0.546875 0.516870 0.058750 0.049672
0 0.729375 0.488285 0.048750 0.039363
0 0.536250 0.813964 0.060000 0.045923
0 0.581875 0.850984 0.053750 0.026242
0 0.516875 0.431584 0.061250 0.038425
0 0.051875 0.232896 0.068750 0.032802
0 0.101875 0.361762 0.081250 0.026242
0 0.020625 0.847704 0.041250 0.029053
0 0.979375 0.602624 0.036250 0.093721
0 0.959375 0.565136 0.081250 0.103093
0 0.816250 0.760544 0.020000 0.014058
0 0.613125 0.693065 0.028750 0.027179
0 0.462500 0.858013 0.042500 0.029053
0 0.351875 0.675258 0.031250 0.027179
0 0.076250 0.703843 0.022500 0.020619
0 0.929375 0.414714 0.038750 0.032802
0 0.905000 0.403936 0.037500 0.031865
0 0.809375 0.533271 0.053750 0.016870
0 0.751875 0.621837 0.018750 0.029053
0 0.815625 0.519681 0.038750 0.015933
0 0.791250 0.513590 0.022500 0.026242
0 0.791250 0.407216 0.012500 0.012184
0 0.995000 0.476570 0.010000 0.019681
0 0.946250 0.433927 0.012500 0.009372
0 0.991250 0.375820 0.017500 0.013121
0 0.642500 0.583411 0.040000 0.030928
0 0.405000 0.457826 0.030000 0.023430
0 0.103750 0.488285 0.030000 0.024367
0 0.015625 0.555764 0.031250 0.020619
0 0.305625 0.552484 0.028750 0.025305
0 0.012500 0.590909 0.025000 0.023430
0 0.901250 0.308810 0.037500 0.027179
0 0.941250 0.336926 0.015000 0.010309
0 0.887500 0.313964 0.015000 0.013121
0 0.950000 0.265698 0.010000 0.006560
0 0.870000 0.278351 0.012500 0.009372
0 0.813750 0.168697 0.017500 0.013121
0 0.821250 0.181350 0.012500 0.008435
0 0.984375 0.303655 0.008750 0.007498
0 0.991875 0.304592 0.006250 0.005623
0 0.365625 0.290066 0.018750 0.010309
0 0.266875 0.119963 0.026250 0.018744
0 0.244375 0.208529 0.026250 0.015933
0 0.943750 0.329428 0.012500 0.008435
0 0.967500 0.343486 0.015000 0.014058
0 0.904375 0.349578 0.011250 0.007498
0 0.914375 0.364574 0.013750 0.016870
0 0.935625 0.373477 0.011250 0.008435
0 0.938125 0.381912 0.011250 0.010309
0 0.986875 0.461575 0.013750 0.010309
0 0.987500 0.492971 0.015000 0.016870
0 0.991875 0.507029 0.016250 0.031865
0 0.969375 0.854264 0.013750 0.014058
0 0.155000 0.824274 0.040000 0.021556
0 0.111250 0.735708 0.042500 0.018744
0 0.001250 0.605904 0.002500 0.015933
