1 0.672156 0.461973 0.194312 0.082334
0 0.345625 0.557638 0.161250 0.056232
0 0.772500 0.437207 0.085000 0.038425
0 0.274375 0.502812 0.088750 0.042174
0 0.798750 0.507498 0.067500 0.062793
0 0.123750 0.644330 0.062500 0.034677
0 0.693750 0.186504 0.087500 0.035614
0 0.090000 0.334114 0.082500 0.027179
1 0.434475 0.567479 0.213950 0.089035
0 0.090000 0.716026 0.092500 0.061856
0 0.799375 0.467666 0.063750 0.041237
0 0.481863 0.401261 0.041225 0.032137
0 0.278125 0.529522 0.093750 0.031865
0 0.059375 0.735708 0.051250 0.028116
0 0.160000 0.257254 0.027500 0.012165
0 0.506250 0.246485 0.022500 0.016870
0 0.653125 0.320525 0.018750 0.013121
0 0.483125 0.246017 0.023750 0.027179
0 0.535000 0.247891 0.030000 0.025305
0 0.647500 0.177132 0.020000 0.014995
0 0.538750 0.204311 0.012500 0.011246
0 0.764375 0.321462 0.031250 0.022493
0 0.797500 0.221649 0.032500 0.029053
0 0.695000 0.208060 0.020000 0.011246
0 0.887500 0.303655 0.042500 0.014995
0 0.888125 0.320984 0.028750 0.014039
0 0.990687 0.316776 0.018875 0.020619
0 0.033125 0.582943 0.026250 0.011246
0 0.213125 0.560450 0.026250 0.020619
0 0.101250 0.537957 0.025000 0.014995
0 0.096875 0.552484 0.021250 0.017807
0 0.255000 0.654639 0.017500 0.010309
0 0.233125 0.549672 0.021250 0.010309
0 0.032500 0.385661 0.022500 0.010309
0 0.467500 0.381443 0.015000 0.014995
0 0.663637 0.340694 0.039775 0.027216
0 0.448125 0.396439 0.011250 0.009372
0 0.467500 0.369728 0.010000 0.006560
0 0.645000 0.649016 0.015000 0.014058
0 0.653750 0.656982 0.015000 0.009372
0 0.468750 0.336457 0.010000 0.007498
0 0.748125 0.644799 0.023750 0.014995
0 0.978750 0.625586 0.040000 0.021556
0 0.154375 0.801312 0.026250 0.018744
0 0.169375 0.789128 0.021250 0.009372
0 0.542050 0.749297 0.014100 0.014058
0 0.563125 0.716026 0.013750 0.014995
0 0.610000 0.798500 0.007500 0.007498
0 0.510000 0.726804 0.007500 0.006560
0 0.830000 0.753046 0.022500 0.015933
0 0.800000 0.808341 0.022500 0.017807
0 0.066763 0.329508 0.018525 0.012343
0 0.039600 0.274555 0.036700 0.028022
0 0.456906 0.404264 0.011313 0.010028
0 0.976663 0.304831 0.023325 0.007976
0 0.971831 0.298051 0.023662 0.005661
0 0.821150 0.523880 0.017300 0.011209
0 0.821731 0.475797 0.018462 0.016261
0 0.758931 0.423482 0.022862 0.014724
0 0.535569 0.534236 0.011137 0.016926
0 0.374469 0.601289 0.013938 0.010450
0 0.284087 0.493936 0.013175 0.007554
0 0.380519 0.716415 0.011038 0.008276
