0 0.175625 0.801875 0.106250 0.106250
0 0.100000 0.622500 0.075000 0.075000
0 0.715000 0.084375 0.037500 0.043750
0 0.541250 0.101250 0.037500 0.045000
0 0.635625 0.413750 0.063750 0.047500
1 0.585000 0.678750 0.112500 0.132500
0 0.869375 0.427500 0.063750 0.045000
0 0.268750 0.686875 0.065000 0.108750
1 0.690000 0.792500 0.095000 0.090000
0 0.333125 0.120625 0.036250 0.043750
0 0.911250 0.493750 0.062500 0.047500
1 0.491875 0.687500 0.053750 0.115000
1 0.883125 0.644375 0.113750 0.056250
0 0.437500 0.460000 0.075000 0.040000
1 0.660625 0.555625 0.101250 0.081250
0 0.061875 0.309375 0.016250 0.016250
0 0.416250 0.255625 0.035000 0.036250
0 0.628125 0.231875 0.013750 0.021250
0 0.443125 0.251250 0.011250 0.017500
0 0.666250 0.095625 0.022500 0.018750
0 0.910000 0.210000 0.027500 0.025000
0 0.777500 0.059375 0.045000 0.023750
0 0.670000 0.081875 0.027500 0.013750
0 0.772500 0.113125 0.010000 0.021250
0 0.750000 0.130000 0.012500 0.020000
0 0.338125 0.646250 0.023750 0.027500
0 0.243125 0.482500 0.016250 0.015000
0 0.355000 0.521250 0.030000 0.015000
0 0.470625 0.420000 0.023750 0.065000
0 0.384375 0.641250 0.013750 0.020000
0 0.653125 0.550625 0.013750 0.011250
0 0.693750 0.620000 0.020000 0.022500
0 0.831250 0.497500 0.022500 0.022500
0 0.508125 0.851250 0.028750 0.017500
0 0.463750 0.796875 0.032500 0.013750
0 0.847500 0.840000 0.030000 0.025000
0 0.796875 0.875000 0.021250 0.022500
0 0.223125 0.317500 0.023750 0.052500
0 0.177500 0.071875 0.015000 0.013750
0 0.184375 0.057500 0.021250 0.020000
0 0.788125 0.418125 0.011250 0.016250
0 0.841875 0.395000 0.041250 0.035000
0 0.676875 0.573125 0.021250 0.016250
0 0.596875 0.675625 0.018750 0.018750
0 0.418750 0.463125 0.010000 0.011250
0 0.175625 0.801875 0.106250 0.106250
0 0.100000 0.622500 0.075000 0.075000
0 0.715000 0.084375 0.037500 0.043750
0 0.541250 0.101250 0.037500 0.045000
0 0.635625 0.413750 0.063750 0.047500
1 0.585000 0.678750 0.112500 0.132500
0 0.869375 0.427500 0.063750 0.045000
0 0.268750 0.686875 0.065000 0.108750
1 0.690000 0.792500 0.095000 0.090000
0 0.333125 0.120625 0.036250 0.043750
0 0.911250 0.493750 0.062500 0.047500
1 0.491875 0.687500 0.053750 0.115000
1 0.883125 0.644375 0.113750 0.056250
0 0.437500 0.460000 0.075000 0.040000
1 0.660625 0.555625 0.101250 0.081250
0 0.061875 0.309375 0.016250 0.016250
0 0.416250 0.255625 0.035000 0.036250
0 0.628125 0.231875 0.013750 0.021250
0 0.443125 0.251250 0.011250 0.017500
0 0.666250 0.095625 0.022500 0.018750
0 0.910000 0.210000 0.027500 0.025000
0 0.777500 0.059375 0.045000 0.023750
0 0.670000 0.081875 0.027500 0.013750
0 0.772500 0.113125 0.010000 0.021250
0 0.750000 0.130000 0.012500 0.020000
0 0.338125 0.646250 0.023750 0.027500
0 0.243125 0.482500 0.016250 0.015000
0 0.355000 0.521250 0.030000 0.015000
0 0.470625 0.420000 0.023750 0.065000
0 0.384375 0.641250 0.013750 0.020000
0 0.653125 0.550625 0.013750 0.011250
0 0.693750 0.620000 0.020000 0.022500
0 0.831250 0.497500 0.022500 0.022500
0 0.508125 0.851250 0.028750 0.017500
0 0.463750 0.796875 0.032500 0.013750
0 0.847500 0.840000 0.030000 0.025000
0 0.796875 0.875000 0.021250 0.022500
0 0.223125 0.317500 0.023750 0.052500
0 0.177500 0.071875 0.015000 0.013750
0 0.184375 0.057500 0.021250 0.020000
0 0.788125 0.418125 0.011250 0.016250
0 0.841875 0.395000 0.041250 0.035000
0 0.676875 0.573125 0.021250 0.016250
0 0.596875 0.675625 0.018750 0.018750
0 0.418750 0.463125 0.010000 0.011250
