0 0.150000 0.771875 0.097500 0.098750
0 0.090625 0.586875 0.068750 0.068750
0 0.750625 0.104375 0.033750 0.041250
0 0.575625 0.106250 0.033750 0.042500
0 0.642500 0.425000 0.060000 0.042500
1 0.568750 0.685625 0.102500 0.123750
0 0.873750 0.460000 0.060000 0.040000
0 0.253125 0.665625 0.056250 0.103750
1 0.663125 0.807500 0.088750 0.082500
0 0.366250 0.106875 0.032500 0.041250
0 0.909375 0.528750 0.058750 0.042500
1 0.475625 0.685625 0.043750 0.111250
1 0.868750 0.676875 0.110000 0.046250
0 0.441250 0.454375 0.072500 0.033750
1 0.655000 0.569375 0.095000 0.073750
0 0.080000 0.271250 0.015000 0.015000
0 0.437500 0.249375 0.032500 0.033750
0 0.651250 0.243750 0.012500 0.020000
0 0.465000 0.246875 0.010000 0.016250
0 0.700625 0.111250 0.021250 0.017500
0 0.933125 0.246250 0.026250 0.022500
0 0.814375 0.085000 0.043750 0.020000
0 0.705625 0.098125 0.026250 0.011250
0 0.804375 0.137500 0.008750 0.020000
0 0.780625 0.153125 0.011250 0.018750
0 0.938750 0.025625 0.017500 0.016250
0 0.326575 0.631875 0.020650 0.026250
0 0.245000 0.459375 0.015000 0.013750
0 0.353125 0.508750 0.028750 0.012500
0 0.476875 0.416875 0.018750 0.063750
0 0.372500 0.630625 0.012500 0.018750
0 0.647719 0.562500 0.012937 0.010000
0 0.681875 0.635625 0.018750 0.021250
0 0.829375 0.525625 0.021250 0.021250
0 0.477500 0.850000 0.027500 0.015000
0 0.438125 0.791875 0.031250 0.011250
0 0.816875 0.868750 0.028750 0.022500
0 0.762500 0.899375 0.020000 0.021250
0 0.240388 0.292881 0.018275 0.050763
0 0.216938 0.045012 0.013875 0.012525
0 0.223562 0.030894 0.019625 0.019287
0 0.795075 0.442781 0.010150 0.015562
0 0.849119 0.424656 0.038238 0.031813
0 0.668563 0.588862 0.019625 0.015225
0 0.580962 0.683631 0.016925 0.017263
0 0.423031 0.455975 0.008562 0.009450
