1 0.492500 0.526242 0.192500 0.282099
0 0.662500 0.774133 0.177500 0.116214
0 0.137500 0.502812 0.117500 0.162137
0 0.162500 0.377226 0.110000 0.057170
0 0.210625 0.311153 0.063750 0.054358
0 0.345000 0.323336 0.092500 0.121837
0 0.406250 0.273664 0.050000 0.043112
0 0.806875 0.416120 0.048750 0.046860
0 0.647500 0.416120 0.045000 0.059981
0 0.313125 0.443299 0.058750 0.048735
0 0.655000 0.254920 0.040000 0.050609
0 0.305000 0.142924 0.047500 0.042174
0 0.320625 0.667291 0.148750 0.063730
1 0.528750 0.387535 0.122500 0.045923
0 0.453125 0.254452 0.046250 0.049672
0 0.495000 0.228679 0.042500 0.054358
0 0.602500 0.288191 0.052500 0.047798
0 0.626250 0.186504 0.047500 0.033739
0 0.801875 0.819119 0.068750 0.059981
0 0.565625 0.694470 0.106250 0.061856
1 0.307500 0.851921 0.117500 0.039363
0 0.585625 0.561387 0.083750 0.018744
0 0.799375 0.472821 0.021250 0.019681
0 0.793750 0.467198 0.025000 0.019681
0 0.928750 0.540300 0.020000 0.012184
0 0.796875 0.617619 0.026250 0.028116
0 0.893750 0.658388 0.017500 0.032802
0 0.760000 0.758669 0.022500 0.019681
0 0.761250 0.741331 0.022500 0.018744
0 0.724375 0.300375 0.033750 0.032802
0 0.321875 0.543580 0.021250 0.020619
0 0.455625 0.432052 0.011250 0.016870
0 0.530625 0.653233 0.023750 0.018744
0 0.518125 0.868322 0.033750 0.014058
0 0.028125 0.146673 0.023750 0.021556
0 0.148125 0.294752 0.021250 0.015933
0 0.073125 0.833177 0.018750 0.016870
0 0.168750 0.508903 0.007500 0.013121
0 0.398750 0.509372 0.045000 0.029053
0 0.655000 0.312090 0.075000 0.018744
0 0.928750 0.550141 0.017500 0.013121
0 0.904375 0.656045 0.016250 0.031865
0 0.576875 0.694002 0.043750 0.025305
