1 0.503750 0.473758 0.217500 0.289597
0 0.288750 0.246017 0.187500 0.124649
0 0.858125 0.460169 0.131250 0.166823
0 0.857500 0.587160 0.115000 0.062793
0 0.823125 0.657451 0.068750 0.057170
0 0.686875 0.659325 0.103750 0.126523
0 0.635000 0.714620 0.052500 0.045923
0 0.212500 0.616214 0.052500 0.049672
0 0.370000 0.598875 0.050000 0.061856
0 0.696250 0.537020 0.062500 0.050609
0 0.393125 0.759138 0.043750 0.052484
0 0.760000 0.834114 0.050000 0.044986
0 0.646875 0.315839 0.153750 0.071228
1 0.492500 0.614808 0.125000 0.052484
0 0.592500 0.738988 0.050000 0.051546
0 0.556250 0.768510 0.047500 0.056232
0 0.439375 0.720712 0.056250 0.050609
0 0.433750 0.824274 0.050000 0.036551
0 0.141875 0.216026 0.073750 0.062793
0 0.400625 0.314433 0.111250 0.066542
1 0.625625 0.131678 0.121250 0.045923
0 0.405000 0.448454 0.085000 0.023430
0 0.208750 0.558575 0.022500 0.020619
0 0.216875 0.563261 0.026250 0.020619
0 0.068125 0.505155 0.021250 0.013121
0 0.184375 0.415651 0.028750 0.029053
0 0.081875 0.385192 0.021250 0.033739
0 0.195625 0.271790 0.023750 0.020619
0 0.196875 0.289128 0.023750 0.019681
0 0.315625 0.721181 0.036250 0.034677
0 0.670000 0.438144 0.022500 0.021556
0 0.557500 0.562793 0.012500 0.017807
0 0.442500 0.351921 0.025000 0.019681
0 0.413750 0.137301 0.035000 0.015933
0 0.887500 0.666354 0.022500 0.016870
0 0.862500 0.126054 0.020000 0.017807
0 0.826875 0.456888 0.008750 0.014058
0 0.598750 0.480319 0.047500 0.030928
0 0.381875 0.702905 0.076250 0.022493
0 0.066875 0.495314 0.018750 0.014058
0 0.071875 0.387535 0.018750 0.032802
0 0.388125 0.317245 0.046250 0.027179
