0 0.480625 0.093897 0.116250 0.090141
1 0.788125 0.106103 0.288750 0.212207
0 0.408750 0.283568 0.047500 0.041315
1 0.915000 0.567606 0.170000 0.177465
1 0.788750 0.462441 0.220000 0.179343
0 0.826250 0.572300 0.115000 0.072300
0 0.553750 0.346009 0.095000 0.081690
0 0.573125 0.264319 0.098750 0.081690
0 0.230000 0.280282 0.090000 0.062911
0 0.251250 0.484038 0.077500 0.047887
0 0.810625 0.517371 0.093750 0.054460
0 0.128125 0.592958 0.051250 0.059155
0 0.705000 0.444601 0.065000 0.074178
0 0.324375 0.321596 0.071250 0.064789
0 0.782500 0.644131 0.057500 0.031925
0 0.871250 0.394366 0.122500 0.107042
0 0.318125 0.463850 0.058750 0.056338
0 0.420000 0.379812 0.047500 0.038498
0 0.392500 0.125822 0.050000 0.043192
0 0.619375 0.698592 0.061250 0.054460
0 0.030000 0.264319 0.050000 0.040376
0 0.239375 0.634272 0.061250 0.038498
0 0.368125 0.595305 0.066250 0.080751
0 0.120625 0.260094 0.068750 0.035681
0 0.758125 0.130516 0.118750 0.090141
1 0.391875 0.595775 0.138750 0.201878
0 0.810625 0.130986 0.058750 0.038498
1 0.028750 0.481690 0.057500 0.214085
0 0.689375 0.303756 0.041250 0.030986
0 0.717500 0.178873 0.025000 0.019718
0 0.923125 0.177465 0.021250 0.030047
0 0.047500 0.647887 0.015000 0.015023
0 0.546250 0.397653 0.042500 0.036620
0 0.531875 0.449765 0.011250 0.009390
0 0.151250 0.825352 0.042500 0.026291
0 0.296250 0.728169 0.032500 0.019718
0 0.090000 0.766197 0.027500 0.024413
0 0.072500 0.729108 0.022500 0.021596
0 0.088750 0.807981 0.012500 0.012207
0 0.281875 0.852113 0.028750 0.025352
0 0.083750 0.824883 0.012500 0.010329
0 0.089375 0.832864 0.008750 0.007512
0 0.084375 0.744131 0.013750 0.015962
0 0.562500 0.842254 0.037500 0.028169
0 0.869375 0.808920 0.031250 0.023474
0 0.832500 0.755869 0.050000 0.030047
0 0.115625 0.823005 0.041250 0.044131
0 0.097500 0.801408 0.007500 0.008451
0 0.073750 0.721596 0.015000 0.015962
0 0.063125 0.712676 0.011250 0.016901
0 0.599375 0.667606 0.046250 0.048826
0 0.410625 0.553991 0.011250 0.016901
0 0.845000 0.480751 0.015000 0.009390
1 0.049375 0.669014 0.061250 0.124883
