1 0.190000 0.450070 0.162500 0.118143
0 0.096250 0.728551 0.125000 0.070323
0 0.761875 0.444093 0.093750 0.047117
0 0.880000 0.278481 0.072500 0.045007
0 0.791250 0.484177 0.082500 0.051336
0 0.660000 0.451477 0.062500 0.039381
0 0.060625 0.463080 0.043750 0.031646
0 0.466875 0.498945 0.108750 0.052743
0 0.706875 0.472222 0.086250 0.044304
0 0.405625 0.372011 0.051250 0.033755
0 0.490000 0.480661 0.137500 0.049930
1 0.322500 0.492968 0.150000 0.123769
0 0.965000 0.272504 0.070000 0.083685
0 0.973125 0.612869 0.038750 0.045710
0 0.879375 0.244726 0.041250 0.022504
0 0.839375 0.232419 0.036250 0.009142
0 0.930000 0.583333 0.025000 0.014768
0 0.831875 0.522855 0.048750 0.027426
0 0.818125 0.536568 0.026250 0.015471
0 0.843125 0.647679 0.041250 0.023910
0 0.539375 0.378692 0.021250 0.011955
0 0.813750 0.255977 0.075000 0.016878
0 0.596250 0.562236 0.040000 0.023207
0 0.550000 0.475738 0.047500 0.018987
0 0.545625 0.463783 0.028750 0.014768
0 0.513750 0.454641 0.017500 0.010549
0 0.673750 0.750352 0.037500 0.022504
0 0.348125 0.590366 0.026250 0.016174
0 0.323750 0.695499 0.020000 0.018284
0 0.373125 0.761603 0.081250 0.015471
0 0.596250 0.748594 0.037500 0.033052
0 0.656250 0.453586 0.017500 0.009845
