1 0.445000 0.679325 0.210000 0.091421
0 0.941875 0.701828 0.116250 0.070323
0 0.141875 0.179325 0.106250 0.053446
0 0.374375 0.359705 0.083750 0.052743
0 0.068750 0.310830 0.080000 0.040788
0 0.481250 0.120605 0.082500 0.052743
0 0.088750 0.125879 0.100000 0.067511
0 0.441875 0.338959 0.091250 0.046414
0 0.397500 0.416315 0.070000 0.035162
0 0.480625 0.750703 0.056250 0.024613
0 0.501875 0.518636 0.093750 0.061181
0 0.429375 0.387131 0.078750 0.048523
0 0.283750 0.566456 0.060000 0.028833
0 0.023125 0.177918 0.046250 0.036568
0 0.155625 0.097398 0.071250 0.034459
0 0.987500 0.785865 0.025000 0.035865
0 0.573750 0.177567 0.045000 0.031646
0 0.466875 0.507736 0.088750 0.077356
1 0.506250 0.600563 0.220000 0.084388
0 0.069375 0.187412 0.046250 0.063994
0 0.029375 0.098101 0.058750 0.170886
0 0.061250 0.254923 0.122500 0.055556
0 0.648750 0.218003 0.082500 0.033755
0 0.013750 0.314698 0.027500 0.023207
0 0.601875 0.251055 0.026250 0.014065
0 0.505625 0.312588 0.048750 0.027426
0 0.531250 0.318214 0.027500 0.014768
0 0.725000 0.292897 0.042500 0.023207
0 0.281875 0.491210 0.021250 0.011955
0 0.036250 0.350211 0.030000 0.042194
0 0.600625 0.440225 0.041250 0.022504
0 0.451875 0.475387 0.033750 0.026723
0 0.430625 0.479255 0.026250 0.016174
0 0.418125 0.497187 0.018750 0.009845
0 0.925000 0.376934 0.040000 0.021097
0 0.675625 0.576301 0.028750 0.014768
0 0.863750 0.578762 0.032500 0.011252
0 0.976250 0.543952 0.027500 0.045710
0 0.929375 0.420534 0.058750 0.021097
0 0.402500 0.417722 0.017500 0.009845
