1 0.427500 0.677215 0.202500 0.085795
0 0.926875 0.714838 0.118750 0.066807
0 0.171875 0.168776 0.101250 0.050633
0 0.386875 0.355837 0.078750 0.050633
0 0.086875 0.298523 0.076250 0.038678
0 0.516250 0.120253 0.077500 0.050633
0 0.124375 0.113924 0.093750 0.064698
0 0.456250 0.337553 0.087500 0.043601
0 0.405000 0.413150 0.067500 0.033052
0 0.456875 0.749297 0.053750 0.023207
0 0.499375 0.518636 0.088750 0.058368
0 0.440000 0.385373 0.075000 0.046414
0 0.277500 0.560127 0.057500 0.027426
0 0.044375 0.164557 0.061250 0.035162
0 0.193125 0.087904 0.068750 0.032349
0 0.975000 0.800633 0.050000 0.034459
0 0.603750 0.179677 0.042500 0.030239
0 0.465625 0.506681 0.081250 0.075246
1 0.496250 0.600211 0.212500 0.078059
0 0.098750 0.174754 0.040000 0.062588
0 0.045000 0.084557 0.090000 0.169114
0 0.071875 0.242264 0.143750 0.051336
0 0.675000 0.222574 0.080000 0.031646
0 0.026250 0.300633 0.037500 0.021800
0 0.015625 0.187412 0.026250 0.017581
0 0.007500 0.323488 0.015000 0.019691
0 0.625000 0.254219 0.025000 0.013361
0 0.523125 0.312588 0.046250 0.026020
0 0.548125 0.319269 0.026250 0.014065
0 0.743750 0.299930 0.040000 0.021800
0 0.282500 0.484529 0.020000 0.011252
0 0.049375 0.337191 0.026250 0.041470
0 0.605625 0.443038 0.038750 0.021097
0 0.454375 0.473629 0.031250 0.026020
0 0.432500 0.476793 0.025000 0.015471
0 0.417500 0.494726 0.017500 0.009142
0 0.935625 0.389592 0.038750 0.019691
0 0.667669 0.580872 0.027838 0.014065
0 0.855625 0.588959 0.031250 0.010549
0 0.970625 0.557665 0.023750 0.045007
0 0.935031 0.433045 0.057562 0.019395
0 0.409594 0.414441 0.016688 0.008910
0 0.005350 0.206062 0.010700 0.036596
