0 0.356250 0.490610 0.072500 0.053521
0 0.799375 0.056338 0.041250 0.037559
0 0.543750 0.399061 0.065000 0.090141
0 0.325625 0.438028 0.061250 0.062911
0 0.605000 0.484038 0.057500 0.059155
0 0.618750 0.590610 0.050000 0.037559
0 0.610000 0.687793 0.045000 0.036620
0 0.578750 0.558216 0.047500 0.034742
0 0.870000 0.565728 0.052500 0.042254
0 0.226875 0.143192 0.026250 0.017840
0 0.590625 0.315493 0.033750 0.030047
0 0.555000 0.254460 0.035000 0.030047
0 0.500625 0.206573 0.033750 0.030047
0 0.541250 0.281221 0.012500 0.010329
0 0.700625 0.256808 0.041250 0.032864
0 0.880000 0.033333 0.030000 0.021596
0 0.842500 0.155869 0.025000 0.015023
0 0.938750 0.194366 0.022500 0.016901
0 0.761875 0.273239 0.018750 0.016901
0 0.387500 0.524883 0.045000 0.026291
0 0.537500 0.453052 0.022500 0.014085
0 0.415000 0.535681 0.017500 0.012207
0 0.694375 0.444601 0.021250 0.019718
0 0.905000 0.491080 0.035000 0.020657
0 0.713750 0.640376 0.027500 0.016901
0 0.852500 0.532864 0.027500 0.019718
0 0.736875 0.349296 0.018750 0.016901
0 0.843125 0.497653 0.021250 0.016901
0 0.480625 0.778873 0.038750 0.029108
0 0.638125 0.662441 0.018750 0.014085
0 0.698750 0.726761 0.020000 0.016901
0 0.965625 0.815023 0.026250 0.013146
0 0.818750 0.732864 0.027500 0.015962
0 0.962500 0.783568 0.032500 0.017840
0 0.208750 0.541784 0.020000 0.007512
0 0.193125 0.534742 0.026250 0.010329
0 0.027500 0.423474 0.010000 0.013146
0 0.017500 0.329108 0.012500 0.019718
0 0.020000 0.254930 0.010000 0.017840
0 0.783125 0.147418 0.041250 0.035681
0 0.870000 0.023005 0.015000 0.008451
