0 0.461250 0.560918 0.170000 0.070291
0 0.746250 0.078725 0.042500 0.041237
0 0.179375 0.379569 0.051250 0.043112
0 0.544375 0.191190 0.073750 0.043112
0 0.568750 0.620900 0.162500 0.059044
0 0.895625 0.632615 0.048750 0.033739
0 0.343750 0.111996 0.042500 0.042174
0 0.210894 0.607254 0.119288 0.035501
0 0.209375 0.053889 0.041250 0.042174
0 0.497081 0.208435 0.021662 0.049485
0 0.166462 0.196664 0.017925 0.048435
0 0.137256 0.152067 0.017012 0.060459
0 0.028125 0.240862 0.056250 0.031865
0 0.159375 0.059536 0.013750 0.023477
0 0.010637 0.232174 0.021275 0.014489
0 0.920625 0.079663 0.041250 0.028116
0 0.822500 0.092784 0.027500 0.011246
0 0.010000 0.626992 0.020000 0.022493
0 0.510000 0.655576 0.022500 0.017807
0 0.820625 0.582943 0.028750 0.022493
0 0.865625 0.457826 0.028750 0.021556
0 0.603750 0.780694 0.035000 0.028116
0 0.448125 0.878632 0.018750 0.012184
0 0.761875 0.844892 0.028750 0.021556
0 0.900625 0.774133 0.028750 0.020619
0 0.852500 0.738519 0.027500 0.020619
0 0.415900 0.560558 0.024300 0.013336
0 0.544700 0.603060 0.026900 0.013993
0 0.663081 0.639888 0.018662 0.020169
0 0.172581 0.585947 0.025162 0.009756
0 0.179856 0.617521 0.034713 0.018547
0 0.039387 0.236907 0.023775 0.007085
0 0.150456 0.171143 0.013413 0.019888
0 0.146156 0.151392 0.007312 0.006626
0 0.145550 0.139897 0.006100 0.008004
0 0.146312 0.125839 0.007625 0.008004
0 0.481781 0.239433 0.021063 0.058997
0 0.620744 0.761973 0.083987 0.054405
0 0.709056 0.660337 0.085612 0.049822
0 0.804031 0.555108 0.088063 0.045548
0 0.831144 0.518941 0.009787 0.010703
1 0.822250 0.475539 0.117000 0.107591
1 0.756856 0.496068 0.228712 0.247994
1 0.777438 0.500914 0.259875 0.252062
1 0.701950 0.658458 0.253900 0.267245
1 0.717106 0.661350 0.264213 0.269278
0 0.461250 0.560918 0.170000 0.070291
0 0.746250 0.078725 0.042500 0.041237
0 0.179375 0.379569 0.051250 0.043112
0 0.544375 0.191190 0.073750 0.043112
0 0.568750 0.620900 0.162500 0.059044
0 0.895625 0.632615 0.048750 0.033739
0 0.343750 0.111996 0.042500 0.042174
0 0.210894 0.607254 0.119288 0.035501
0 0.209375 0.053889 0.041250 0.042174
0 0.497081 0.208435 0.021662 0.049485
0 0.166462 0.196664 0.017925 0.048435
0 0.137256 0.152067 0.017012 0.060459
0 0.028125 0.240862 0.056250 0.031865
0 0.159375 0.059536 0.013750 0.023477
0 0.010637 0.232174 0.021275 0.014489
0 0.920625 0.079663 0.041250 0.028116
0 0.822500 0.092784 0.027500 0.011246
0 0.010000 0.626992 0.020000 0.022493
0 0.510000 0.655576 0.022500 0.017807
0 0.820625 0.582943 0.028750 0.022493
0 0.865625 0.457826 0.028750 0.021556
0 0.603750 0.780694 0.035000 0.028116
0 0.448125 0.878632 0.018750 0.012184
0 0.761875 0.844892 0.028750 0.021556
0 0.900625 0.774133 0.028750 0.020619
0 0.852500 0.738519 0.027500 0.020619
0 0.415900 0.560558 0.024300 0.013336
0 0.544700 0.603060 0.026900 0.013993
0 0.663081 0.639888 0.018662 0.020169
0 0.172581 0.585947 0.025162 0.009756
0 0.179856 0.617521 0.034713 0.018547
0 0.039387 0.236907 0.023775 0.007085
0 0.150456 0.171143 0.013413 0.019888
0 0.146156 0.151392 0.007312 0.006626
0 0.145550 0.139897 0.006100 0.008004
0 0.146312 0.125839 0.007625 0.008004
0 0.481781 0.239433 0.021063 0.058997
0 0.620744 0.761973 0.083987 0.054405
0 0.709056 0.660337 0.085612 0.049822
0 0.804031 0.555108 0.088063 0.045548
0 0.831144 0.518941 0.009787 0.010703
1 0.822250 0.475539 0.117000 0.107591
1 0.756856 0.496068 0.228712 0.247994
1 0.777438 0.500914 0.259875 0.252062
1 0.701950 0.658458 0.253900 0.267245
1 0.717106 0.661350 0.264213 0.269278
