0 0.601875 0.263850 0.043750 0.033803
0 0.141250 0.496244 0.062500 0.044131
0 0.222500 0.358216 0.057500 0.047887
0 0.973125 0.121596 0.053750 0.057277
0 0.218125 0.502347 0.051250 0.035681
0 0.422500 0.238498 0.037500 0.056338
0 0.567500 0.367136 0.047500 0.041315
0 0.391875 0.255399 0.031250 0.031925
0 0.375000 0.284507 0.027500 0.026291
0 0.613750 0.323474 0.030000 0.021596
0 0.470000 0.183568 0.027500 0.025352
0 0.410625 0.171362 0.033750 0.032864
0 0.531250 0.241315 0.030000 0.026291
0 0.393125 0.306573 0.018750 0.015962
0 0.348125 0.155399 0.028750 0.025352
0 0.382500 0.221596 0.017500 0.015023
0 0.378125 0.156808 0.028750 0.022535
0 0.433125 0.286854 0.018750 0.014085
0 0.376250 0.327700 0.040000 0.028169
0 0.540625 0.267606 0.013750 0.015023
0 0.240625 0.406103 0.026250 0.021596
0 0.206875 0.536620 0.023750 0.017840
0 0.334375 0.372770 0.031250 0.028169
0 0.261250 0.383099 0.017500 0.016901
0 0.475000 0.353521 0.040000 0.030986
0 0.447500 0.341784 0.022500 0.018779
0 0.459375 0.385446 0.033750 0.027230
0 0.399375 0.356338 0.023750 0.021596
0 0.483750 0.638028 0.045000 0.017840
0 0.512500 0.606103 0.027500 0.019718
0 0.488750 0.623005 0.057500 0.017840
0 0.372500 0.352113 0.025000 0.020657
0 0.429375 0.439906 0.011250 0.010329
0 0.635000 0.567136 0.015000 0.011268
0 0.513750 0.649765 0.045000 0.020657
0 0.511875 0.660563 0.018750 0.010329
0 0.499375 0.506103 0.013750 0.007512
0 0.401875 0.637559 0.006250 0.016901
0 0.485625 0.735681 0.018750 0.014085
0 0.446875 0.680751 0.008750 0.011268
0 0.463125 0.726761 0.021250 0.009390
0 0.430625 0.752113 0.013750 0.007512
0 0.517500 0.682629 0.022500 0.007512
0 0.413750 0.300000 0.010000 0.008451
0 0.511875 0.391549 0.043750 0.041315
0 0.531875 0.401408 0.048750 0.044131
0 0.573125 0.400469 0.048750 0.042254
0 0.540625 0.426761 0.043750 0.030986
0 0.532500 0.443662 0.030000 0.025352
0 0.518125 0.459155 0.031250 0.028169
0 0.470625 0.521127 0.043750 0.024413
0 0.504375 0.546009 0.046250 0.036620
0 0.475000 0.539906 0.022500 0.028169
0 0.429375 0.539906 0.043750 0.033803
0 0.405000 0.540376 0.022500 0.032864
0 0.460625 0.562441 0.053750 0.016901
0 0.484375 0.637089 0.018750 0.012207
0 0.531250 0.661502 0.020000 0.036620
0 0.530625 0.676995 0.013750 0.005634
0 0.499375 0.625352 0.013750 0.005634
0 0.513750 0.561502 0.012500 0.005634
0 0.219375 0.575587 0.041250 0.031925
