1 0.396250 0.613615 0.120000 0.102347
0 0.115000 0.239906 0.052500 0.051643
1 0.285106 0.535103 0.107713 0.058000
0 0.362500 0.521127 0.057500 0.041315
1 0.178125 0.502887 0.111250 0.057418
0 0.199375 0.699061 0.068750 0.027230
0 0.176250 0.660563 0.115000 0.034742
0 0.240625 0.403286 0.068750 0.025352
1 0.214081 0.461746 0.258163 0.082178
0 0.200625 0.586385 0.076250 0.023474
0 0.210000 0.552582 0.085000 0.021596
0 0.277500 0.307512 0.032500 0.017840
0 0.295625 0.288263 0.033750 0.018779
0 0.210000 0.220657 0.017500 0.007512
0 0.048125 0.294366 0.028750 0.025352
0 0.027500 0.192019 0.030000 0.027230
0 0.313750 0.305634 0.012500 0.010329
0 0.162500 0.234019 0.025000 0.007944
0 0.323937 0.287643 0.015375 0.011906
0 0.315625 0.278873 0.011250 0.009390
0 0.429375 0.317371 0.013750 0.011268
0 0.810000 0.288263 0.040000 0.024413
0 0.310625 0.344601 0.036250 0.022535
0 0.324912 0.356793 0.029825 0.016873
0 0.325050 0.568545 0.030100 0.014085
0 0.290000 0.379812 0.017500 0.012207
0 0.284375 0.367606 0.016250 0.010329
0 0.008750 0.522066 0.017500 0.011268
0 0.169375 0.526291 0.036250 0.012207
0 0.564375 0.422972 0.016250 0.008385
0 0.578750 0.370892 0.015000 0.011268
0 0.566875 0.362441 0.013750 0.011268
0 0.801875 0.487793 0.036250 0.025352
0 0.768750 0.501878 0.022500 0.017840
0 0.762500 0.404695 0.022500 0.016901
0 0.790625 0.555399 0.038750 0.021596
0 0.796875 0.383568 0.018750 0.012207
0 0.713125 0.426291 0.013750 0.011268
0 0.733750 0.427230 0.030000 0.022535
0 0.742500 0.649296 0.025000 0.019718
0 0.688750 0.358216 0.027500 0.023474
0 0.833125 0.560094 0.028750 0.023474
0 0.344375 0.685446 0.011250 0.007512
0 0.774375 0.692488 0.026250 0.015962
0 0.812500 0.682629 0.030000 0.016901
0 0.772500 0.751643 0.025000 0.010329
0 0.318644 0.297028 0.012287 0.008141
0 0.402137 0.315906 0.006775 0.006460
0 0.414150 0.315977 0.010800 0.006601
0 0.408125 0.318122 0.006250 0.005258
0 0.412875 0.323146 0.013250 0.005915
0 0.416119 0.330066 0.009737 0.008488
0 0.422450 0.323127 0.007400 0.007756
0 0.556819 0.371535 0.013638 0.010676
0 0.540175 0.370732 0.012850 0.009070
0 0.544038 0.359282 0.015575 0.014338
0 0.738000 0.498732 0.008500 0.007793
0 0.810725 0.549549 0.073950 0.032432
1 0.689419 0.637610 0.096337 0.052685
1 0.708556 0.632296 0.072112 0.053324
1 0.543606 0.610765 0.099712 0.047822
1 0.559913 0.582329 0.087325 0.069822
0 0.574788 0.588042 0.009575 0.006131
1 0.397638 0.595925 0.060275 0.044432
0 0.403312 0.598108 0.016625 0.013117
1 0.288219 0.530502 0.043937 0.028141
1 0.174613 0.504103 0.064225 0.042948
0 0.133663 0.462211 0.067325 0.019258
0 0.179856 0.460254 0.019713 0.007831
0 0.302925 0.452620 0.020850 0.005709
0 0.711406 0.300934 0.025313 0.023465
1 0.396250 0.613615 0.120000 0.102347
0 0.115000 0.239906 0.052500 0.051643
1 0.285106 0.535103 0.107713 0.058000
0 0.362500 0.521127 0.057500 0.041315
1 0.178125 0.502887 0.111250 0.057418
0 0.199375 0.699061 0.068750 0.027230
0 0.176250 0.660563 0.115000 0.034742
0 0.240625 0.403286 0.068750 0.025352
1 0.214081 0.461746 0.258163 0.082178
0 0.200625 0.586385 0.076250 0.023474
0 0.210000 0.552582 0.085000 0.021596
0 0.277500 0.307512 0.032500 0.017840
0 0.295625 0.288263 0.033750 0.018779
0 0.210000 0.220657 0.017500 0.007512
0 0.048125 0.294366 0.028750 0.025352
0 0.027500 0.192019 0.030000 0.027230
0 0.313750 0.305634 0.012500 0.010329
0 0.162500 0.234019 0.025000 0.007944
0 0.323937 0.287643 0.015375 0.011906
0 0.315625 0.278873 0.011250 0.009390
0 0.429375 0.317371 0.013750 0.011268
0 0.810000 0.288263 0.040000 0.024413
0 0.310625 0.344601 0.036250 0.022535
0 0.324912 0.356793 0.029825 0.016873
0 0.325050 0.568545 0.030100 0.014085
0 0.290000 0.379812 0.017500 0.012207
0 0.284375 0.367606 0.016250 0.010329
0 0.008750 0.522066 0.017500 0.011268
0 0.169375 0.526291 0.036250 0.012207
0 0.564375 0.422972 0.016250 0.008385
0 0.578750 0.370892 0.015000 0.011268
0 0.566875 0.362441 0.013750 0.011268
0 0.801875 0.487793 0.036250 0.025352
0 0.768750 0.501878 0.022500 0.017840
0 0.762500 0.404695 0.022500 0.016901
0 0.790625 0.555399 0.038750 0.021596
0 0.796875 0.383568 0.018750 0.012207
0 0.713125 0.426291 0.013750 0.011268
0 0.733750 0.427230 0.030000 0.022535
0 0.742500 0.649296 0.025000 0.019718
0 0.688750 0.358216 0.027500 0.023474
0 0.833125 0.560094 0.028750 0.023474
0 0.344375 0.685446 0.011250 0.007512
0 0.774375 0.692488 0.026250 0.015962
0 0.812500 0.682629 0.030000 0.016901
0 0.772500 0.751643 0.025000 0.010329
0 0.318644 0.297028 0.012287 0.008141
0 0.402137 0.315906 0.006775 0.006460
0 0.414150 0.315977 0.010800 0.006601
0 0.408125 0.318122 0.006250 0.005258
0 0.412875 0.323146 0.013250 0.005915
0 0.416119 0.330066 0.009737 0.008488
0 0.422450 0.323127 0.007400 0.007756
0 0.556819 0.371535 0.013638 0.010676
0 0.540175 0.370732 0.012850 0.009070
0 0.544038 0.359282 0.015575 0.014338
0 0.738000 0.498732 0.008500 0.007793
0 0.810725 0.549549 0.073950 0.032432
1 0.689419 0.637610 0.096337 0.052685
1 0.708556 0.632296 0.072112 0.053324
1 0.543606 0.610765 0.099712 0.047822
1 0.559913 0.582329 0.087325 0.069822
0 0.574788 0.588042 0.009575 0.006131
1 0.397638 0.595925 0.060275 0.044432
0 0.403312 0.598108 0.016625 0.013117
1 0.288219 0.530502 0.043937 0.028141
1 0.174613 0.504103 0.064225 0.042948
0 0.133663 0.462211 0.067325 0.019258
0 0.179856 0.460254 0.019713 0.007831
0 0.302925 0.452620 0.020850 0.005709
0 0.711406 0.300934 0.025313 0.023465
