1 0.397500 0.613615 0.120000 0.102347
0 0.115000 0.239906 0.052500 0.051643
1 0.285000 0.536150 0.107500 0.058216
0 0.362500 0.521127 0.057500 0.041315
1 0.179375 0.503756 0.111250 0.057277
0 0.199375 0.699061 0.068750 0.027230
0 0.176250 0.660563 0.115000 0.034742
0 0.240625 0.403286 0.068750 0.025352
1 0.215625 0.461972 0.258750 0.082629
0 0.200625 0.586385 0.076250 0.023474
0 0.210000 0.552582 0.085000 0.021596
0 0.277500 0.307512 0.032500 0.017840
0 0.295625 0.288263 0.033750 0.018779
0 0.210000 0.220657 0.017500 0.007512
0 0.048125 0.294366 0.028750 0.025352
0 0.027500 0.192019 0.030000 0.027230
0 0.313750 0.305634 0.012500 0.010329
0 0.162500 0.233803 0.025000 0.007512
0 0.323750 0.287793 0.015000 0.012207
0 0.315625 0.278873 0.011250 0.009390
0 0.429375 0.317371 0.013750 0.011268
0 0.810000 0.288263 0.040000 0.024413
0 0.310625 0.344601 0.036250 0.022535
0 0.325000 0.356808 0.030000 0.016901
0 0.325000 0.568545 0.030000 0.014085
0 0.290000 0.379812 0.017500 0.012207
0 0.284375 0.367606 0.016250 0.010329
0 0.008750 0.522066 0.017500 0.011268
0 0.169375 0.526291 0.036250 0.012207
0 0.564375 0.423005 0.016250 0.008451
0 0.578750 0.370892 0.015000 0.011268
0 0.566875 0.362441 0.013750 0.011268
0 0.801875 0.487793 0.036250 0.025352
0 0.768750 0.501878 0.022500 0.017840
0 0.762500 0.404695 0.022500 0.016901
0 0.790625 0.555399 0.038750 0.021596
0 0.796875 0.383568 0.018750 0.012207
0 0.713125 0.426291 0.013750 0.011268
0 0.733750 0.427230 0.030000 0.022535
0 0.742500 0.649296 0.025000 0.019718
0 0.688750 0.358216 0.027500 0.023474
0 0.833125 0.560094 0.028750 0.023474
0 0.344375 0.685446 0.011250 0.007512
0 0.774375 0.692488 0.026250 0.015962
0 0.812500 0.682629 0.030000 0.016901
0 0.772500 0.751643 0.025000 0.010329
0 0.320000 0.297183 0.012500 0.008451
0 0.403125 0.315962 0.006250 0.006573
0 0.414375 0.315962 0.011250 0.006573
0 0.408125 0.318310 0.006250 0.005634
0 0.413125 0.323005 0.013750 0.005634
0 0.416250 0.330986 0.010000 0.008451
0 0.422500 0.323005 0.007500 0.007512
0 0.556875 0.371362 0.013750 0.010329
0 0.540000 0.370892 0.012500 0.009390
0 0.543750 0.359155 0.015000 0.014085
0 0.738125 0.498592 0.008750 0.007512
0 0.811875 0.549765 0.073750 0.032864
1 0.689375 0.637559 0.096250 0.052582
1 0.708750 0.632394 0.072500 0.053521
1 0.543750 0.610798 0.100000 0.047887
1 0.560000 0.582160 0.087500 0.069484
0 0.575000 0.588263 0.010000 0.006573
1 0.398750 0.595775 0.060000 0.044131
0 0.404375 0.598122 0.016250 0.013146
1 0.289375 0.530516 0.043750 0.028169
1 0.174375 0.504225 0.063750 0.043192
0 0.133750 0.462441 0.067500 0.019718
0 0.180000 0.460094 0.020000 0.007512
0 0.303125 0.452582 0.021250 0.005634
0 0.712500 0.300939 0.025000 0.023474
