0 0.543156 0.313782 0.131312 0.106476
0 0.735169 0.283060 0.112837 0.078772
0 0.627044 0.325600 0.089088 0.068257
0 0.147500 0.514527 0.065000 0.052484
0 0.543750 0.530928 0.050000 0.036551
0 0.728750 0.486410 0.127500 0.044986
0 0.583125 0.499063 0.046250 0.030928
0 0.172500 0.518744 0.050000 0.025305
0 0.430544 0.503327 0.076088 0.018838
0 0.423481 0.478365 0.079463 0.021396
0 0.377206 0.449700 0.106913 0.029672
0 0.128750 0.162605 0.095000 0.040300
0 0.781875 0.514995 0.046250 0.034677
0 0.357894 0.463229 0.070788 0.015492
0 0.216250 0.217901 0.035000 0.014058
0 0.140625 0.174789 0.041250 0.017807
0 0.213125 0.228210 0.023750 0.008435
0 0.275625 0.231022 0.026250 0.008435
0 0.170625 0.428304 0.018750 0.011246
0 0.090000 0.474695 0.037500 0.023430
0 0.179375 0.557170 0.048750 0.025305
0 0.290000 0.418463 0.020000 0.014058
0 0.134375 0.600281 0.026250 0.015933
0 0.160000 0.539831 0.052500 0.022493
0 0.140625 0.620431 0.026250 0.014995
0 0.141250 0.429241 0.020000 0.013121
0 0.643750 0.518276 0.040000 0.028116
0 0.611250 0.510778 0.027500 0.020619
0 0.545000 0.557170 0.030000 0.017807
0 0.881250 0.490159 0.035000 0.031865
0 0.933750 0.441893 0.035000 0.032802
0 0.890625 0.358608 0.038750 0.021809
0 0.806250 0.404873 0.022500 0.018744
0 0.759375 0.333711 0.041250 0.024499
0 0.742500 0.507029 0.032500 0.013121
0 0.786875 0.533271 0.028750 0.014995
0 0.372963 0.226668 0.040925 0.010975
0 0.387556 0.232348 0.062613 0.014836
