0 0.503750 0.311621 0.152500 0.120900
0 0.687500 0.258201 0.127500 0.090909
0 0.588750 0.313496 0.102500 0.077788
0 0.155000 0.556232 0.075000 0.059044
0 0.550000 0.525305 0.057500 0.042174
0 0.723750 0.459700 0.135000 0.059044
0 0.582500 0.489222 0.052500 0.035614
0 0.181250 0.557170 0.055000 0.030928
0 0.431875 0.511246 0.078750 0.027179
0 0.420625 0.487816 0.083750 0.030928
0 0.368750 0.464386 0.112500 0.042174
0 0.063750 0.210872 0.102500 0.050609
0 0.781250 0.481724 0.052500 0.039363
0 0.351875 0.480787 0.073750 0.024367
0 0.161250 0.254452 0.037500 0.017807
0 0.077500 0.221181 0.045000 0.022493
0 0.160000 0.265230 0.025000 0.011246
0 0.222500 0.260544 0.027500 0.011246
0 0.160625 0.467666 0.021250 0.013121
0 0.090000 0.523430 0.042500 0.027179
0 0.195625 0.594658 0.053750 0.030928
0 0.276250 0.444705 0.022500 0.015933
0 0.160625 0.641987 0.028750 0.018744
0 0.173125 0.579194 0.056250 0.028116
0 0.170625 0.661200 0.028750 0.017807
0 0.131250 0.472352 0.022500 0.014995
0 0.646250 0.501874 0.045000 0.032802
0 0.611875 0.498126 0.031250 0.023430
0 0.556875 0.551546 0.033750 0.021556
0 0.874375 0.446111 0.041250 0.035614
0 0.916875 0.392221 0.041250 0.036551
0 0.856250 0.314902 0.042500 0.026242
0 0.783125 0.370665 0.026250 0.021556
0 0.721875 0.305061 0.046250 0.029053
0 0.741250 0.478913 0.035000 0.016870
0 0.790625 0.499063 0.031250 0.017807
0 0.317500 0.245080 0.042500 0.015933
0 0.332500 0.249297 0.065000 0.022493
