0 0.423750 0.323963 0.130000 0.064652
0 0.340000 0.758257 0.100000 0.057625
0 0.654375 0.244554 0.133750 0.067463
0 0.490625 0.918131 0.121250 0.073788
0 0.255625 0.700984 0.101250 0.056922
0 0.477500 0.856290 0.080000 0.052706
0 0.349375 0.705200 0.058750 0.044273
0 0.150625 0.671117 0.091250 0.044975
0 0.669375 0.939213 0.081250 0.048489
0 0.535625 0.615952 0.096250 0.041462
0 0.723125 0.696416 0.048750 0.025299
0 0.966875 0.480323 0.066250 0.027407
0 0.245000 0.822558 0.052500 0.048489
0 0.616250 0.600843 0.072500 0.047786
0 0.023750 0.712930 0.047500 0.048489
0 0.964375 0.360155 0.071250 0.028812
0 0.766875 0.832396 0.093750 0.030218
0 0.832500 0.246662 0.107500 0.023893
0 0.818125 0.611736 0.076250 0.020379
0 0.160625 0.702741 0.073750 0.025299
0 0.920625 0.721012 0.076250 0.023893
0 0.957500 0.861209 0.082500 0.027407
0 0.277500 0.467674 0.055000 0.030218
0 0.091875 0.509838 0.038750 0.047084
0 0.061250 0.491216 0.037500 0.036543
0 0.722500 0.779339 0.047500 0.023893
0 0.723750 0.696065 0.047500 0.024596
0 0.935000 0.743148 0.042500 0.024596
0 0.995000 0.779691 0.010000 0.020379
0 0.025000 0.970485 0.022500 0.012649
0 0.775625 0.474350 0.041250 0.026704
0 0.871250 0.531975 0.020000 0.011244
0 0.390625 0.484188 0.023750 0.009838
0 0.572500 0.597330 0.017500 0.011244
0 0.332500 0.509838 0.027500 0.014758
0 0.010625 0.432888 0.021250 0.012649
0 0.226875 0.640197 0.018750 0.009838
0 0.285000 0.466268 0.007500 0.004919
0 0.813125 0.500351 0.051250 0.026704
