0 0.183125 0.533732 0.121250 0.076599
0 0.945000 0.602952 0.097500 0.059030
0 0.061875 0.400211 0.111250 0.078004
0 0.844375 0.647576 0.106250 0.059733
0 0.856875 0.595221 0.081250 0.035137
0 0.786250 0.705552 0.085000 0.053408
0 0.708125 0.486297 0.078750 0.056219
0 0.861250 0.385453 0.047500 0.028812
0 0.490000 0.237175 0.052500 0.038651
0 0.685625 0.440267 0.088750 0.042867
0 0.853125 0.778637 0.088750 0.029515
0 0.276250 0.232256 0.055000 0.041462
0 0.067500 0.300070 0.047500 0.061841
0 0.715000 0.327477 0.040000 0.043570
0 0.843125 0.700984 0.048750 0.042867
0 0.914375 0.275826 0.046250 0.044273
0 0.430625 0.623331 0.056250 0.032326
0 0.496875 0.730148 0.086250 0.023893
0 0.461875 0.745959 0.066250 0.023190
0 0.992500 0.388967 0.015000 0.027407
0 0.860625 0.385102 0.046250 0.028110
0 0.954375 0.268447 0.046250 0.025299
0 0.468750 0.343992 0.050000 0.024596
0 0.576875 0.293394 0.021250 0.011947
0 0.466875 0.560787 0.018750 0.014055
0 0.676875 0.464863 0.021250 0.010541
0 0.508750 0.594870 0.027500 0.016163
0 0.355625 0.771609 0.023750 0.012649
0 0.735625 0.660576 0.018750 0.011244
0 0.428125 0.619115 0.008750 0.004216
0 0.516250 0.325018 0.050000 0.030218
