0 0.576250 0.676037 0.130000 0.064652
0 0.660000 0.241743 0.100000 0.057625
0 0.345625 0.755446 0.133750 0.067463
0 0.509375 0.081869 0.121250 0.073788
0 0.744375 0.299016 0.101250 0.056922
0 0.522500 0.143710 0.080000 0.052706
0 0.650625 0.294800 0.058750 0.044273
0 0.849375 0.328883 0.091250 0.044975
0 0.330625 0.060787 0.081250 0.048489
0 0.464375 0.384048 0.096250 0.041462
0 0.276875 0.303584 0.048750 0.025299
0 0.033125 0.519701 0.066250 0.027456
0 0.755000 0.177442 0.052500 0.048489
0 0.383750 0.399157 0.072500 0.047786
0 0.976250 0.287070 0.047500 0.048489
0 0.035625 0.639845 0.071250 0.028812
0 0.233125 0.167604 0.093750 0.030218
0 0.167500 0.753338 0.107500 0.023893
0 0.181875 0.388264 0.076250 0.020379
0 0.839375 0.297259 0.073750 0.025299
0 0.079375 0.278988 0.076250 0.023893
0 0.042500 0.138791 0.082500 0.027407
0 0.722500 0.532326 0.055000 0.030218
0 0.908125 0.490109 0.038750 0.046978
0 0.938750 0.508749 0.037500 0.036472
0 0.277500 0.220661 0.047500 0.023893
0 0.276250 0.303935 0.047500 0.024596
0 0.065000 0.256852 0.042500 0.024596
0 0.005000 0.220309 0.010000 0.020379
0 0.975000 0.029515 0.022500 0.012649
0 0.224375 0.525650 0.041250 0.026704
0 0.128750 0.468025 0.020000 0.011244
0 0.609375 0.515812 0.023750 0.009838
0 0.427500 0.402670 0.017500 0.011244
0 0.667431 0.490246 0.027363 0.014926
0 0.989375 0.567112 0.021250 0.012649
0 0.773125 0.359803 0.018750 0.009838
0 0.714987 0.534508 0.007475 0.005067
0 0.188006 0.500302 0.051013 0.026606
