1 0.749375 0.327230 0.341250 0.348357
1 0.449900 0.446901 0.359800 0.212113
0 0.150000 0.402817 0.077500 0.043192
0 0.708125 0.714085 0.053750 0.036620
0 0.137500 0.236150 0.042500 0.034742
0 0.122419 0.361972 0.097338 0.051643
1 0.443750 0.530516 0.227500 0.110798
0 0.251250 0.151174 0.040000 0.035681
0 0.711875 0.684038 0.066250 0.042254
0 0.383125 0.285915 0.036250 0.034742
1 0.270300 0.608596 0.208100 0.107333
0 0.531250 0.173709 0.050000 0.067606
0 0.399375 0.776526 0.061250 0.035681
0 0.814375 0.606573 0.048750 0.073239
0 0.906250 0.797183 0.057500 0.056338
0 0.095625 0.324883 0.043750 0.016901
0 0.399375 0.086854 0.031250 0.021596
0 0.364375 0.101408 0.031250 0.028169
0 0.233125 0.571362 0.028750 0.021596
0 0.217500 0.597183 0.025000 0.018779
0 0.218125 0.477934 0.028750 0.018779
0 0.243125 0.588732 0.026250 0.018779
0 0.096250 0.340845 0.047500 0.015023
0 0.371875 0.496714 0.021250 0.018779
0 0.352500 0.398592 0.027500 0.023474
0 0.506250 0.590610 0.022500 0.015023
0 0.507500 0.606573 0.020000 0.015023
0 0.846250 0.604695 0.025000 0.035681
0 0.954112 0.665479 0.020725 0.020160
0 0.229375 0.716432 0.028750 0.022535
0 0.242500 0.748357 0.040000 0.031925
0 0.273125 0.872770 0.018750 0.015962
0 0.361875 0.808451 0.036250 0.022535
0 0.466875 0.865728 0.028750 0.020657
0 0.749375 0.797183 0.038750 0.020657
0 0.061113 0.066516 0.017225 0.014723
0 0.300025 0.270756 0.040050 0.032592
0 0.350856 0.258709 0.034212 0.032911
0 0.008663 0.471549 0.014825 0.007887
0 0.251644 0.496070 0.038288 0.028761
0 0.995081 0.081484 0.010163 0.029634
