1 0.726250 0.690610 0.470000 0.261972
1 0.571875 0.463850 0.288750 0.274178
0 0.635625 0.238967 0.058750 0.059155
0 0.211250 0.652582 0.050000 0.041315
0 0.857500 0.232394 0.047500 0.032864
0 0.690000 0.219249 0.070000 0.074178
1 0.460625 0.457277 0.151250 0.172770
0 0.969375 0.319718 0.048750 0.030986
0 0.251250 0.656338 0.057500 0.050704
0 0.787500 0.415962 0.047500 0.028169
1 0.359375 0.325822 0.146250 0.157746
0 0.934375 0.529108 0.091250 0.038498
0 0.134375 0.419718 0.048750 0.046948
0 0.353125 0.734272 0.098750 0.037559
0 0.098125 0.800469 0.076250 0.044131
0 0.740625 0.199531 0.023750 0.032864
0 0.409375 0.298122 0.028750 0.021596
0 0.376250 0.286385 0.025000 0.018779
0 0.535000 0.288732 0.025000 0.021596
0 0.386250 0.305634 0.025000 0.019718
0 0.719375 0.200000 0.021250 0.035681
0 0.507500 0.404225 0.025000 0.015962
0 0.638125 0.391549 0.031250 0.020657
0 0.380000 0.503286 0.020000 0.016901
0 0.358750 0.504225 0.020000 0.015023
0 0.355000 0.758216 0.047500 0.019718
0 0.271875 0.838967 0.026250 0.015962
0 0.217500 0.293427 0.030000 0.021596
0 0.174375 0.302817 0.043750 0.030986
0 0.010625 0.322535 0.013750 0.014085
0 0.091875 0.391080 0.031250 0.027230
0 0.014375 0.468075 0.026250 0.021596
0 0.100625 0.682160 0.028750 0.029108
0 0.810000 0.353521 0.045000 0.030986
0 0.824375 0.392488 0.043750 0.026291
0 0.547500 0.131455 0.010000 0.011268
0 0.510000 0.313615 0.040000 0.030047
