0 0.123125 0.651195 0.131250 0.057665
0 0.668125 0.401195 0.138750 0.078059
0 0.438750 0.535865 0.097500 0.061885
0 0.315625 0.611814 0.103750 0.061885
0 0.425000 0.355837 0.142500 0.056259
0 0.623125 0.558017 0.068750 0.031646
0 0.382500 0.400844 0.075000 0.082982
0 0.425625 0.395921 0.096250 0.070323
0 0.629375 0.533755 0.076250 0.035162
0 0.296875 0.379395 0.078750 0.065401
0 0.346250 0.815049 0.042500 0.026723
0 0.559375 0.670886 0.043750 0.026723
0 0.445625 0.708861 0.013750 0.014065
0 0.346875 0.796062 0.016250 0.011252
0 0.008125 0.750352 0.016250 0.023910
0 0.090625 0.782349 0.018750 0.009142
0 0.090625 0.772504 0.021250 0.010549
0 0.011250 0.675105 0.022500 0.026723
0 0.766875 0.563643 0.023750 0.013361
0 0.801250 0.637834 0.020000 0.014065
0 0.768125 0.403305 0.018750 0.014768
0 0.815625 0.381153 0.018750 0.015471
0 0.653750 0.612166 0.042500 0.026020
0 0.335000 0.551336 0.015000 0.012658
0 0.018750 0.588256 0.037500 0.024613
0 0.170625 0.626934 0.021250 0.013361
0 0.155000 0.496484 0.010000 0.005626
0 0.007500 0.494726 0.015000 0.013361
0 0.006875 0.507032 0.013750 0.014065
0 0.135625 0.414557 0.008750 0.004923
0 0.003750 0.520394 0.007500 0.014065
0 0.324375 0.536568 0.013750 0.012658
0 0.728750 0.208861 0.047500 0.028129
0 0.756875 0.291491 0.033750 0.020394
0 0.799375 0.318565 0.023750 0.016878
0 0.835000 0.252813 0.022500 0.014768
0 0.919375 0.165612 0.028750 0.014768
0 0.408125 0.151195 0.013750 0.007032
0 0.375000 0.258790 0.012500 0.007032
0 0.350625 0.247187 0.031250 0.017581
0 0.363750 0.159634 0.025000 0.014065
0 0.443125 0.409634 0.008750 0.006329
0 0.003125 0.483474 0.006250 0.007736
