1 0.783125 0.289671 0.141250 0.183099
1 0.628750 0.347418 0.185000 0.069484
1 0.530000 0.557746 0.222500 0.169014
1 0.421875 0.586385 0.133750 0.188732
0 0.956250 0.371362 0.077500 0.044131
0 0.751875 0.562441 0.056250 0.069484
1 0.238750 0.309859 0.275000 0.110798
0 0.452500 0.851174 0.047500 0.047887
0 0.403750 0.752113 0.045000 0.033803
0 0.602500 0.564319 0.070000 0.037559
0 0.331250 0.440376 0.035000 0.041315
0 0.410625 0.508451 0.093750 0.036620
1 0.630625 0.596244 0.261250 0.093897
1 0.694375 0.293897 0.153750 0.184038
0 0.333750 0.712676 0.045000 0.033803
0 0.331250 0.797183 0.052500 0.041315
1 0.291875 0.636150 0.143750 0.184977
0 0.815625 0.402817 0.023750 0.030047
0 0.788750 0.400469 0.022500 0.023474
0 0.991875 0.456338 0.011250 0.018779
0 0.981875 0.456808 0.008750 0.017840
0 0.795000 0.678873 0.040000 0.024413
0 0.849375 0.750235 0.038750 0.026291
0 0.727500 0.676995 0.040000 0.024413
0 0.770000 0.866667 0.050000 0.016901
0 0.725625 0.773709 0.083750 0.013146
0 0.355000 0.250704 0.027500 0.020657
0 0.335625 0.275117 0.028750 0.018779
0 0.491875 0.253991 0.011250 0.008451
0 0.366250 0.338498 0.010000 0.004695
0 0.596875 0.620188 0.021250 0.008451
0 0.556250 0.537559 0.012500 0.010329
0 0.606875 0.790610 0.018750 0.011268
0 0.703125 0.762441 0.028750 0.011268
0 0.578125 0.633803 0.018750 0.009390
0 0.301875 0.635681 0.011250 0.016901
0 0.044375 0.303286 0.028750 0.020657
0 0.192500 0.315023 0.022500 0.014085
0 0.208125 0.327700 0.021250 0.015023
0 0.081875 0.313146 0.016250 0.010329
0 0.130625 0.262911 0.023750 0.015023
0 0.234375 0.696244 0.013750 0.008451
0 0.351250 0.865258 0.030000 0.021596
0 0.384375 0.842254 0.028750 0.030047
0 0.356875 0.822535 0.026250 0.013146
0 0.399375 0.784977 0.043750 0.039437
0 0.398750 0.791549 0.020000 0.016901
0 0.453750 0.858216 0.022500 0.020657
0 0.436875 0.793427 0.038750 0.031925
0 0.320625 0.788263 0.018750 0.019718
0 0.307500 0.723944 0.035000 0.028169
0 0.303750 0.742254 0.012500 0.006573
0 0.263125 0.721127 0.008750 0.007512
1 0.326875 0.702817 0.061250 0.049765
0 0.278125 0.617371 0.033750 0.029108
0 0.835625 0.812676 0.031250 0.032864
0 0.662500 0.322066 0.025000 0.015023
0 0.564375 0.349296 0.021250 0.016901
0 0.333750 0.443662 0.015000 0.019718
1 0.783125 0.289671 0.141250 0.183099
1 0.628750 0.347418 0.185000 0.069484
1 0.530000 0.557746 0.222500 0.169014
1 0.421875 0.586385 0.133750 0.188732
0 0.956250 0.371362 0.077500 0.044131
0 0.751875 0.562441 0.056250 0.069484
1 0.238750 0.309859 0.275000 0.110798
0 0.452500 0.851174 0.047500 0.047887
0 0.403750 0.752113 0.045000 0.033803
0 0.602500 0.564319 0.070000 0.037559
0 0.331250 0.440376 0.035000 0.041315
0 0.410625 0.508451 0.093750 0.036620
1 0.630625 0.596244 0.261250 0.093897
1 0.694375 0.293897 0.153750 0.184038
0 0.333750 0.712676 0.045000 0.033803
0 0.331250 0.797183 0.052500 0.041315
1 0.291875 0.636150 0.143750 0.184977
0 0.815625 0.402817 0.023750 0.030047
0 0.788750 0.400469 0.022500 0.023474
0 0.991875 0.456338 0.011250 0.018779
0 0.981875 0.456808 0.008750 0.017840
0 0.795000 0.678873 0.040000 0.024413
0 0.849375 0.750235 0.038750 0.026291
0 0.727500 0.676995 0.040000 0.024413
0 0.770000 0.866667 0.050000 0.016901
0 0.725625 0.773709 0.083750 0.013146
0 0.355000 0.250704 0.027500 0.020657
0 0.335625 0.275117 0.028750 0.018779
0 0.491875 0.253991 0.011250 0.008451
0 0.366250 0.338498 0.010000 0.004695
0 0.596875 0.620188 0.021250 0.008451
0 0.556250 0.537559 0.012500 0.010329
0 0.606875 0.790610 0.018750 0.011268
0 0.703125 0.762441 0.028750 0.011268
0 0.578125 0.633803 0.018750 0.009390
0 0.301875 0.635681 0.011250 0.016901
0 0.044375 0.303286 0.028750 0.020657
0 0.192500 0.315023 0.022500 0.014085
0 0.208125 0.327700 0.021250 0.015023
0 0.081875 0.313146 0.016250 0.010329
0 0.130625 0.262911 0.023750 0.015023
0 0.234375 0.696244 0.013750 0.008451
0 0.351250 0.865258 0.030000 0.021596
0 0.384375 0.842254 0.028750 0.030047
0 0.356875 0.822535 0.026250 0.013146
0 0.399375 0.784977 0.043750 0.039437
0 0.398750 0.791549 0.020000 0.016901
0 0.453750 0.858216 0.022500 0.020657
0 0.436875 0.793427 0.038750 0.031925
0 0.320625 0.788263 0.018750 0.019718
0 0.307500 0.723944 0.035000 0.028169
0 0.303750 0.742254 0.012500 0.006573
0 0.263125 0.721127 0.008750 0.007512
1 0.326875 0.702817 0.061250 0.049765
0 0.278125 0.617371 0.033750 0.029108
0 0.835625 0.812676 0.031250 0.032864
0 0.662500 0.322066 0.025000 0.015023
0 0.564375 0.349296 0.021250 0.016901
0 0.333750 0.443662 0.015000 0.019718
