1 0.663856 0.716298 0.185212 0.146748
1 0.359787 0.655576 0.177075 0.152765
1 0.508750 0.568885 0.095000 0.061856
1 0.155625 0.708060 0.171250 0.158388
0 0.945625 0.811621 0.058750 0.037488
0 0.920625 0.706186 0.056250 0.032802
1 0.265625 0.718369 0.066250 0.139644
1 0.349250 0.461106 0.081000 0.035614
1 0.304825 0.500173 0.064650 0.050019
0 0.150000 0.522493 0.022500 0.019681
0 0.165000 0.543112 0.017500 0.014058
0 0.236250 0.471739 0.015000 0.006270
0 0.003125 0.516870 0.006250 0.010309
0 0.573125 0.390815 0.021250 0.018744
0 0.535625 0.613871 0.023750 0.018744
0 0.654375 0.559981 0.021250 0.015933
0 0.643125 0.405342 0.021250 0.019681
0 0.515625 0.441425 0.008750 0.009372
0 0.353750 0.646204 0.015000 0.012184
0 0.828750 0.473758 0.022500 0.019681
0 0.730625 0.591846 0.021250 0.015933
0 0.955000 0.652296 0.015000 0.013121
0 0.851250 0.597001 0.020000 0.020619
0 0.691875 0.439082 0.018750 0.010309
0 0.768125 0.525305 0.011250 0.014058
0 0.737500 0.481256 0.020000 0.015933
0 0.765000 0.507029 0.012500 0.014995
0 0.987500 0.539831 0.022500 0.044986
0 0.725000 0.380506 0.015000 0.013121
0 0.203750 0.694939 0.017500 0.015933
1 0.268750 0.849110 0.040000 0.022493
0 0.296250 0.690722 0.015000 0.011246
0 0.175625 0.865979 0.013750 0.011246
0 0.405625 0.821931 0.013750 0.029991
0 0.433750 0.712746 0.010000 0.008435
0 0.742500 0.672446 0.022500 0.012184
1 0.508550 0.568824 0.072100 0.046739
0 0.708538 0.657024 0.017075 0.013205
0 0.603537 0.718646 0.017075 0.007113
1 0.636675 0.680881 0.133350 0.062793
0 0.268869 0.848613 0.012737 0.006504
1 0.274094 0.770675 0.028188 0.026823
0 0.285388 0.767943 0.013275 0.011987
0 0.265344 0.746378 0.005687 0.004470
1 0.290131 0.476678 0.075262 0.122990
0 0.616956 0.414410 0.003913 0.009700
0 0.611131 0.414747 0.004763 0.012249
0 0.524713 0.370750 0.004425 0.004855
0 0.511956 0.371111 0.003913 0.003702
