1 0.789375 0.377694 0.196250 0.138707
1 0.706875 0.605436 0.203750 0.133083
1 0.592500 0.493908 0.082500 0.071228
1 0.778125 0.758669 0.211250 0.128397
0 0.916250 0.166354 0.050000 0.044049
0 0.775625 0.185098 0.043750 0.042174
1 0.791875 0.676195 0.186250 0.049672
1 0.448750 0.613402 0.047500 0.060918
1 0.500625 0.646673 0.066250 0.048735
0 0.530625 0.762887 0.026250 0.016870
0 0.558125 0.751640 0.018750 0.013121
0 0.463125 0.698219 0.008750 0.011246
0 0.523125 0.873008 0.013750 0.004686
0 0.355000 0.445642 0.025000 0.015933
0 0.652500 0.473758 0.025000 0.017807
0 0.580625 0.384724 0.021250 0.015933
0 0.374375 0.393158 0.026250 0.015933
0 0.422500 0.488754 0.012500 0.006560
0 0.695625 0.610122 0.016250 0.011246
0 0.465625 0.253983 0.026250 0.016870
0 0.623125 0.327554 0.021250 0.015933
0 0.703750 0.159325 0.017500 0.011246
0 0.630000 0.237113 0.027500 0.014995
0 0.419375 0.356607 0.013750 0.014058
0 0.534375 0.299438 0.018750 0.008435
0 0.475625 0.322399 0.021250 0.014995
0 0.510000 0.301781 0.020000 0.009372
0 0.553750 0.134958 0.060000 0.016870
0 0.341250 0.331771 0.017500 0.011246
0 0.760625 0.722587 0.021250 0.013121
1 0.965000 0.673852 0.030000 0.029991
0 0.755000 0.653233 0.015000 0.011246
0 0.988750 0.743674 0.015000 0.010309
0 0.930000 0.571228 0.040000 0.010309
0 0.784375 0.550141 0.011250 0.007498
0 0.730625 0.318650 0.016250 0.016870
1 0.591250 0.493908 0.062500 0.054358
0 0.710000 0.343955 0.017500 0.013121
0 0.791250 0.422680 0.010000 0.013121
1 0.741875 0.397844 0.083750 0.100281
0 0.965625 0.673852 0.008750 0.009372
1 0.860625 0.669634 0.036250 0.021556
0 0.858125 0.661200 0.016250 0.010309
0 0.829375 0.676195 0.006250 0.004686
1 0.469375 0.657919 0.163750 0.056232
0 0.386250 0.412840 0.012500 0.002812
0 0.386875 0.417057 0.016250 0.003749
0 0.328125 0.481724 0.006250 0.003749
0 0.328750 0.491565 0.005000 0.002812
