0 0.351875 0.318650 0.128750 0.093721
0 0.581875 0.757263 0.093750 0.067479
0 0.380625 0.445173 0.086250 0.082474
0 0.676875 0.304592 0.066250 0.056232
1 0.457500 0.590440 0.167500 0.080600
0 0.478125 0.475164 0.091250 0.056232
0 0.391875 0.740862 0.056250 0.047798
0 0.815625 0.804124 0.086250 0.067479
0 0.360000 0.396439 0.070000 0.046860
0 0.013125 0.810216 0.026250 0.034677
0 0.433750 0.226804 0.130000 0.112465
0 0.379375 0.777882 0.063750 0.052484
0 0.359375 0.571228 0.046250 0.032802
1 0.701250 0.618088 0.355000 0.107779
0 0.315000 0.722118 0.042500 0.045923
0 0.856875 0.328491 0.071250 0.023430
1 0.635000 0.550141 0.362500 0.106842
0 0.730000 0.556701 0.032500 0.050609
0 0.903125 0.461106 0.036250 0.031865
0 0.988125 0.585286 0.013750 0.038425
0 0.831250 0.726336 0.032500 0.024367
0 0.575000 0.319588 0.037500 0.033739
0 0.603750 0.602624 0.032500 0.024367
0 0.627500 0.625117 0.025000 0.022493
0 0.571875 0.595127 0.026250 0.018744
0 0.526250 0.389878 0.030000 0.022493
0 0.475000 0.419400 0.037500 0.027179
0 0.350625 0.606842 0.026250 0.015933
0 0.327500 0.522962 0.030000 0.022493
0 0.495625 0.558575 0.031250 0.018744
0 0.297500 0.516401 0.012500 0.009372
0 0.665625 0.590909 0.033750 0.014058
0 0.695625 0.596064 0.031250 0.011246
0 0.269375 0.681350 0.028750 0.028116
0 0.116875 0.302718 0.031250 0.033739
0 0.068125 0.334583 0.023750 0.020619
0 0.157500 0.141987 0.022500 0.029053
0 0.138750 0.546860 0.037500 0.030928
0 0.276875 0.402999 0.018750 0.018744
0 0.183750 0.821931 0.032500 0.026242
0 0.085000 0.633552 0.042500 0.029991
0 0.854375 0.343018 0.076250 0.024367
0 0.737500 0.544049 0.012500 0.023430
0 0.306875 0.717432 0.041250 0.042174
