0 0.308750 0.343955 0.135000 0.097470
0 0.646250 0.740862 0.097500 0.070291
0 0.368125 0.463449 0.091250 0.085286
0 0.623750 0.282568 0.070000 0.059044
1 0.481875 0.594189 0.171250 0.086223
0 0.471875 0.478444 0.093750 0.059044
0 0.455000 0.752109 0.060000 0.049672
0 0.887500 0.753983 0.090000 0.070291
0 0.336250 0.417994 0.072500 0.048735
0 0.093125 0.875820 0.046250 0.036551
0 0.365625 0.241331 0.136250 0.117151
0 0.451875 0.790066 0.066250 0.054358
0 0.380625 0.589972 0.048750 0.034677
1 0.727500 0.587160 0.360000 0.120900
0 0.375000 0.744142 0.045000 0.046860
0 0.806250 0.281162 0.072500 0.026242
1 0.645625 0.530459 0.366250 0.119963
0 0.740000 0.523430 0.035000 0.051546
0 0.886875 0.404405 0.038750 0.032802
0 0.996250 0.513590 0.007500 0.039363
0 0.881875 0.674321 0.033750 0.025305
0 0.528750 0.312559 0.040000 0.034677
0 0.628125 0.585286 0.033750 0.025305
0 0.656875 0.604030 0.026250 0.023430
0 0.595000 0.582474 0.027500 0.019681
0 0.497500 0.388472 0.032500 0.023430
0 0.454375 0.424555 0.038750 0.028116
0 0.380000 0.626054 0.027500 0.016870
0 0.336250 0.547798 0.032500 0.023430
0 0.510000 0.558107 0.032500 0.019681
0 0.305000 0.545455 0.012500 0.009372
0 0.685625 0.566073 0.033750 0.014995
0 0.715625 0.566542 0.031250 0.012184
0 0.320000 0.710872 0.030000 0.029053
0 0.073125 0.361293 0.033750 0.034677
0 0.033750 0.398782 0.025000 0.021556
0 0.072500 0.197751 0.025000 0.029991
0 0.156250 0.597938 0.040000 0.031865
0 0.256250 0.436270 0.020000 0.019681
0 0.270625 0.861762 0.033750 0.027179
0 0.126875 0.690722 0.043750 0.031865
0 0.807500 0.294752 0.077500 0.027179
0 0.744375 0.508903 0.013750 0.024367
0 0.365625 0.741331 0.043750 0.043112
