0 0.775350 0.895418 0.014569 0.023904
0 0.762821 0.812749 0.038462 0.083665
0 0.747378 0.734064 0.037879 0.059761
0 0.734557 0.651394 0.030886 0.053785
0 0.721445 0.582669 0.011655 0.021912
0 0.710664 0.515438 0.013403 0.028884
0 0.700758 0.448207 0.035548 0.051793
0 0.689685 0.551793 0.034382 0.043825
0 0.712995 0.699701 0.028555 0.036853
0 0.693765 0.745020 0.013403 0.023904
0 0.724650 0.780876 0.029720 0.049801
0 0.706294 0.825697 0.036131 0.043825
0 0.738928 0.861056 0.031469 0.056773
0 0.718823 0.908865 0.035548 0.058765
0 0.683275 0.875498 0.028555 0.045817
0 0.661713 0.918825 0.044872 0.066733
0 0.651515 0.846116 0.034965 0.058765
0 0.670455 0.792829 0.043706 0.071713
0 0.661422 0.714143 0.029138 0.037849
0 0.682401 0.669323 0.043124 0.047809
0 0.671037 0.598108 0.035548 0.060757
0 0.628205 0.683765 0.046620 0.074701
0 0.619464 0.605578 0.040793 0.067729
0 0.609266 0.540837 0.012238 0.023904
0 0.658217 0.527888 0.027389 0.059761
0 0.679779 0.487052 0.029720 0.033865
0 0.687646 0.381972 0.011655 0.020916
0 0.677156 0.323207 0.011655 0.018924
0 0.666667 0.263944 0.011655 0.019920
0 0.629371 0.334163 0.011655 0.020916
0 0.620047 0.277888 0.015152 0.021912
0 0.573427 0.288845 0.016317 0.023904
0 0.583625 0.344622 0.033217 0.049801
0 0.637821 0.395916 0.039044 0.060757
0 0.666958 0.421813 0.025058 0.030876
0 0.647727 0.450199 0.039044 0.055777
0 0.618298 0.432271 0.026807 0.031873
0 0.598193 0.474602 0.030886 0.048805
0 0.589744 0.409363 0.030303 0.045817
0 0.576340 0.510956 0.026807 0.031873
0 0.549242 0.478586 0.032051 0.052789
0 0.541667 0.421315 0.014569 0.021912
0 0.534091 0.362550 0.014569 0.023904
0 0.527972 0.302291 0.012821 0.026892
0 0.481061 0.313745 0.012238 0.023904
0 0.486888 0.371016 0.041375 0.050797
0 0.494172 0.427789 0.037296 0.062749
0 0.520396 0.460159 0.038462 0.061753
0 0.528263 0.527390 0.027389 0.042829
0 0.558858 0.556773 0.034965 0.057769
0 0.596737 0.657371 0.024476 0.033865
0 0.567016 0.621514 0.040793 0.041833
0 0.576923 0.699203 0.036131 0.053785
0 0.638403 0.759462 0.049534 0.078685
0 0.584790 0.774900 0.044872 0.047809
0 0.592949 0.858566 0.041375 0.067729
0 0.605769 0.940737 0.053030 0.082669
0 0.547494 0.951693 0.044872 0.044821
0 0.538170 0.868526 0.047203 0.081673
0 0.531469 0.790837 0.033800 0.053785
0 0.500583 0.762450 0.029138 0.046813
0 0.523893 0.708665 0.040793 0.050797
0 0.546329 0.671315 0.030886 0.047809
0 0.517191 0.637948 0.028555 0.060757
0 0.492716 0.681773 0.042541 0.066733
0 0.468823 0.720120 0.030886 0.051793
0 0.476690 0.802789 0.039627 0.051793
0 0.506993 0.840139 0.025641 0.064741
0 0.484266 0.884462 0.045455 0.047809
0 0.515734 0.920817 0.029138 0.036853
0 0.490967 0.965139 0.043706 0.069721
0 0.523893 0.987550 0.031469 0.024900
0 0.456585 0.938247 0.029720 0.037849
0 0.459499 0.996514 0.034382 0.006972
0 0.435897 0.978586 0.045455 0.042829
0 0.378497 0.978088 0.054196 0.043825
0 0.430653 0.899402 0.051282 0.079681
0 0.454837 0.851594 0.023893 0.059761
0 0.444347 0.777390 0.028555 0.046813
0 0.422786 0.819223 0.030886 0.052789
0 0.375874 0.915837 0.043124 0.064741
0 0.369755 0.833665 0.041375 0.045817
0 0.417249 0.738546 0.040793 0.052789
0 0.439977 0.697211 0.041958 0.067729
0 0.386072 0.709661 0.027389 0.046813
0 0.364802 0.759960 0.033800 0.055777
0 0.316725 0.848108 0.049534 0.078685
0 0.318473 0.936255 0.037879 0.063745
0 0.322261 0.987550 0.041958 0.024900
0 0.289336 0.978088 0.028555 0.043825
0 0.240967 0.986554 0.030886 0.026892
0 0.209207 0.958665 0.040793 0.082669
0 0.265734 0.943227 0.037296 0.043825
0 0.242133 0.910359 0.030886 0.045817
0 0.289044 0.898406 0.043124 0.069721
0 0.263112 0.862052 0.013403 0.022908
0 0.285548 0.819721 0.027972 0.039841
0 0.236597 0.832171 0.030303 0.038845
0 0.261364 0.787849 0.041375 0.051793
0 0.207751 0.792829 0.034382 0.059761
0 0.336247 0.726594 0.029138 0.034861
0 0.308566 0.689243 0.042541 0.067729
0 0.313520 0.769422 0.047786 0.076693
0 0.360431 0.678785 0.040210 0.042829
0 0.259324 0.710657 0.038462 0.056773
0 0.232226 0.679781 0.036713 0.038845
0 0.207168 0.722112 0.013403 0.021912
0 0.307692 0.622510 0.012821 0.023904
0 0.207459 0.649402 0.013986 0.021912
0 0.259033 0.635458 0.026224 0.059761
0 0.231352 0.611056 0.030303 0.032869
0 0.255245 0.562251 0.036131 0.052789
0 0.205420 0.585159 0.033217 0.050797
0 0.230769 0.545319 0.029138 0.034861
0 0.207168 0.514940 0.015734 0.023904
0 0.257576 0.502490 0.040793 0.062749
0 0.206876 0.452689 0.012821 0.020916
0 0.253788 0.441235 0.012238 0.023904
0 0.297786 0.423307 0.036131 0.055777
0 0.301865 0.491534 0.026807 0.044821
0 0.278555 0.531375 0.025641 0.032869
0 0.304779 0.558765 0.031469 0.049801
0 0.328671 0.587649 0.026807 0.029880
0 0.353438 0.536355 0.030886 0.048805
0 0.348776 0.474602 0.015734 0.022908
0 0.347319 0.415339 0.013986 0.027888
0 0.343240 0.354084 0.015152 0.022908
0 0.337121 0.293327 0.018065 0.026892
0 0.297786 0.366534 0.013986 0.023904
0 0.253205 0.379980 0.014569 0.024900
0 0.206294 0.391932 0.013986 0.022908
0 0.201923 0.335159 0.014569 0.026892
0 0.221737 0.289343 0.014569 0.024900
0 0.248252 0.319223 0.016317 0.026892
0 0.266317 0.277888 0.013986 0.021912
0 0.293415 0.306275 0.015734 0.022908
0 0.311480 0.263446 0.014569 0.024900
0 0.358974 0.251494 0.013986 0.020916
0 0.384033 0.281873 0.013986 0.023904
0 0.403263 0.239044 0.018648 0.029880
0 0.389860 0.339641 0.019814 0.029880
0 0.392774 0.399900 0.037296 0.042829
0 0.394522 0.457669 0.039627 0.062749
0 0.375583 0.504482 0.039044 0.060757
0 0.402389 0.524402 0.032051 0.036853
0 0.380245 0.574203 0.026224 0.040837
0 0.357517 0.610558 0.034382 0.057769
0 0.409965 0.667331 0.027389 0.063745
0 0.406760 0.594124 0.027972 0.060757
0 0.429487 0.555777 0.024476 0.051793
0 0.451049 0.510956 0.031469 0.037849
0 0.423660 0.487052 0.024476 0.031873
0 0.445221 0.445717 0.040793 0.052789
0 0.440268 0.385956 0.014569 0.024900
0 0.434441 0.325697 0.012238 0.021912
0 0.429779 0.269422 0.012238 0.022908
0 0.449301 0.224104 0.015152 0.023904
0 0.474942 0.254482 0.012821 0.020916
0 0.493881 0.212151 0.015734 0.023904
0 0.520396 0.242530 0.013986 0.020916
0 0.539627 0.199701 0.012821 0.020916
0 0.566142 0.230080 0.013403 0.023904
0 0.586247 0.185259 0.015152 0.023904
0 0.612762 0.218625 0.013403 0.024900
0 0.631119 0.175299 0.013986 0.023904
0 0.657925 0.207171 0.012821 0.023904
0 0.472028 0.476096 0.025641 0.033865
0 0.500583 0.498506 0.031469 0.036853
0 0.479895 0.541335 0.022727 0.052789
0 0.457168 0.580179 0.014569 0.026892
0 0.506410 0.567729 0.027972 0.061753
0 0.486305 0.613546 0.025058 0.039841
0 0.462413 0.647410 0.037879 0.061753
0 0.435897 0.626494 0.029138 0.041833
0 0.211538 0.878984 0.037296 0.054781
