0 0.220862 0.886454 0.011655 0.021912
0 0.270688 0.880976 0.044872 0.054781
0 0.318765 0.870518 0.030303 0.057769
0 0.368881 0.864044 0.027972 0.046813
0 0.410548 0.856076 0.011072 0.016932
0 0.451632 0.851096 0.015152 0.018924
0 0.491841 0.847112 0.025641 0.054781
0 0.434149 0.808267 0.020979 0.054781
0 0.345280 0.819223 0.018065 0.044821
0 0.322552 0.777888 0.012238 0.019920
0 0.296037 0.823207 0.025641 0.044821
0 0.273893 0.783865 0.020979 0.057769
0 0.247378 0.832171 0.029720 0.046813
0 0.223776 0.789841 0.030303 0.053785
0 0.249417 0.736056 0.023310 0.043825
0 0.228730 0.691733 0.033217 0.068725
0 0.272727 0.687749 0.030303 0.052789
0 0.299825 0.730080 0.036713 0.065737
0 0.346737 0.730080 0.018648 0.045817
0 0.368298 0.773904 0.022145 0.069721
0 0.411422 0.768924 0.031469 0.053785
0 0.370338 0.679781 0.037879 0.070717
0 0.416958 0.680279 0.034382 0.061753
0 0.456002 0.675299 0.012238 0.017928
0 0.454254 0.760458 0.032051 0.038845
0 0.473485 0.804283 0.015734 0.046813
0 0.532051 0.837151 0.010490 0.016932
0 0.567599 0.830179 0.009324 0.016932
0 0.604021 0.824203 0.009907 0.016932
0 0.570513 0.748506 0.010490 0.016932
0 0.605478 0.743526 0.010490 0.022908
0 0.607226 0.663845 0.011655 0.024900
0 0.573718 0.669821 0.025058 0.050797
0 0.533508 0.750996 0.030886 0.059761
0 0.513403 0.795319 0.015152 0.038845
0 0.500291 0.757470 0.027389 0.060757
0 0.516900 0.712151 0.015152 0.041833
0 0.496212 0.669821 0.025058 0.046813
0 0.535548 0.667829 0.023310 0.046813
0 0.479604 0.625498 0.015152 0.041833
0 0.502914 0.586155 0.026807 0.048805
0 0.537296 0.584661 0.010490 0.021912
0 0.572844 0.583665 0.011655 0.021912
0 0.608392 0.584661 0.013986 0.017928
0 0.611014 0.503984 0.012238 0.017928
0 0.576632 0.502988 0.023893 0.065737
0 0.542832 0.503984 0.032051 0.055777
0 0.519231 0.542331 0.031469 0.058765
0 0.479312 0.541833 0.021562 0.041833
0 0.456585 0.587151 0.029720 0.052789
0 0.391317 0.632470 0.016900 0.037849
0 0.417832 0.589143 0.018648 0.066733
0 0.371212 0.590637 0.026807 0.055777
0 0.325175 0.682769 0.039627 0.074701
0 0.326632 0.590139 0.021562 0.072709
0 0.277098 0.588147 0.034382 0.062749
0 0.226981 0.594124 0.041375 0.080677
0 0.231352 0.493526 0.019814 0.072709
0 0.281469 0.494522 0.041958 0.070717
0 0.327214 0.497012 0.027389 0.051793
0 0.349942 0.450697 0.023893 0.044821
0 0.375874 0.500498 0.024476 0.064741
0 0.393065 0.545817 0.023893 0.047809
0 0.417832 0.502490 0.032634 0.040837
0 0.397436 0.452689 0.033800 0.064741
0 0.379953 0.405876 0.026807 0.046813
0 0.330711 0.402888 0.025058 0.062749
0 0.303904 0.446713 0.035548 0.034861
0 0.282343 0.400398 0.021562 0.073705
0 0.255536 0.446215 0.018065 0.045817
0 0.232809 0.395916 0.040210 0.064741
0 0.214452 0.446713 0.012821 0.050797
0 0.256702 0.343127 0.018065 0.046813
0 0.215909 0.335657 0.013403 0.055777
0 0.235723 0.300797 0.021562 0.073705
0 0.215909 0.248506 0.012238 0.050797
0 0.235431 0.201195 0.044289 0.081673
0 0.284382 0.307271 0.039627 0.078685
0 0.307110 0.357072 0.032634 0.032869
0 0.351690 0.353586 0.023893 0.043825
0 0.331876 0.310259 0.027389 0.046813
0 0.284965 0.213147 0.032634 0.065737
0 0.333333 0.217629 0.020979 0.066733
0 0.379371 0.315239 0.025641 0.064741
0 0.398310 0.361554 0.034382 0.063745
0 0.401515 0.268924 0.024476 0.041833
0 0.377331 0.223606 0.028555 0.050797
0 0.335082 0.126494 0.039627 0.075697
0 0.284382 0.112052 0.032634 0.056773
0 0.242424 0.104582 0.032634 0.063745
0 0.239802 0.015438 0.029720 0.030876
0 0.262821 0.055279 0.026807 0.042829
0 0.289918 0.025896 0.020396 0.051793
0 0.312937 0.006474 0.022145 0.012948
0 0.312063 0.070717 0.035548 0.065737
0 0.337413 0.032869 0.011655 0.019920
0 0.357809 0.078685 0.019814 0.043825
0 0.358683 0.008964 0.018065 0.017928
0 0.380536 0.044821 0.024476 0.065737
0 0.401515 0.182271 0.016317 0.045817
0 0.428030 0.142928 0.034382 0.064741
0 0.381119 0.135956 0.038462 0.072709
0 0.423951 0.231574 0.019231 0.064741
0 0.425408 0.055777 0.027972 0.059761
0 0.448135 0.022410 0.017483 0.044821
0 0.466492 0.153884 0.012238 0.018924
0 0.468531 0.070219 0.032634 0.036853
0 0.488345 0.027888 0.015152 0.047809
0 0.511364 0.077689 0.026224 0.055777
0 0.506702 0.006972 0.025058 0.013944
0 0.525641 0.038845 0.016317 0.045817
0 0.547203 0.009960 0.011655 0.015936
0 0.545455 0.093127 0.031469 0.062749
0 0.583333 0.017430 0.010490 0.018924
0 0.581294 0.098606 0.012238 0.017928
0 0.582751 0.175299 0.027972 0.055777
0 0.543124 0.168825 0.023310 0.040837
0 0.524184 0.122510 0.015734 0.039841
0 0.503788 0.161355 0.025058 0.047809
0 0.483100 0.196713 0.013986 0.042829
0 0.507284 0.246514 0.025058 0.046813
0 0.543998 0.251992 0.011072 0.023904
0 0.577797 0.259960 0.014569 0.019920
0 0.613928 0.264442 0.011072 0.022908
0 0.650058 0.266434 0.013403 0.026892
0 0.615676 0.185757 0.012238 0.020916
0 0.616550 0.109562 0.012821 0.021912
0 0.618298 0.027390 0.011655 0.020916
0 0.652098 0.031375 0.013986 0.020916
0 0.674242 0.073207 0.012821 0.020916
0 0.652389 0.111554 0.013403 0.023904
0 0.672786 0.149900 0.011072 0.020916
0 0.650641 0.190239 0.011072 0.023904
0 0.672494 0.229084 0.012821 0.021912
0 0.670163 0.310259 0.010490 0.020916
0 0.647145 0.347112 0.012238 0.020916
0 0.668998 0.387450 0.015152 0.027888
0 0.613636 0.345618 0.015152 0.029880
0 0.578671 0.339641 0.019814 0.059761
0 0.544872 0.331175 0.031469 0.060757
0 0.521270 0.289841 0.030886 0.059761
0 0.505245 0.331175 0.017483 0.050797
0 0.480769 0.285359 0.020979 0.040837
0 0.463578 0.240040 0.029720 0.051793
0 0.421620 0.317729 0.034382 0.037849
0 0.463869 0.325697 0.032634 0.039841
0 0.481935 0.371016 0.027972 0.034861
0 0.503205 0.415837 0.018065 0.050797
0 0.521853 0.374502 0.015734 0.037849
0 0.541958 0.418825 0.025641 0.064741
0 0.577214 0.421315 0.012238 0.021912
0 0.612762 0.423307 0.011072 0.017928
0 0.646270 0.426295 0.011655 0.017928
0 0.668415 0.467629 0.011655 0.022908
0 0.645688 0.505478 0.010490 0.018924
0 0.666667 0.544821 0.011655 0.023904
0 0.643939 0.583167 0.010490 0.020916
0 0.665501 0.624004 0.010490 0.018924
0 0.642483 0.663347 0.012238 0.019920
0 0.664918 0.704681 0.011655 0.022908
0 0.640443 0.742530 0.012821 0.018924
0 0.661713 0.782371 0.012238 0.020916
0 0.638403 0.820219 0.012238 0.018924
0 0.519814 0.457171 0.016317 0.039841
0 0.501166 0.501992 0.017483 0.049801
0 0.479895 0.458167 0.028555 0.031873
0 0.462121 0.412849 0.013986 0.020916
0 0.460082 0.498008 0.033217 0.039841
0 0.437937 0.454681 0.020396 0.038845
0 0.423077 0.409363 0.031469 0.057769
0 0.439977 0.368526 0.020979 0.045817
