0 0.269231 0.029880 0.012821 0.019920
0 0.273310 0.114542 0.031469 0.075697
0 0.280594 0.196713 0.033217 0.050797
0 0.284965 0.282371 0.026807 0.046813
0 0.290501 0.354084 0.009907 0.018924
0 0.293998 0.423307 0.011072 0.025896
0 0.297203 0.492530 0.031469 0.042829
0 0.318765 0.392928 0.031469 0.034861
0 0.311189 0.241036 0.025641 0.029880
0 0.334499 0.201693 0.011655 0.020916
0 0.307692 0.156873 0.025641 0.042829
0 0.330128 0.119024 0.033217 0.034861
0 0.301282 0.073705 0.026807 0.049801
0 0.326049 0.033367 0.030886 0.050797
0 0.358100 0.076195 0.025058 0.038845
0 0.383450 0.039841 0.039627 0.055777
0 0.386364 0.115040 0.030303 0.050797
0 0.362179 0.161355 0.037879 0.061753
0 0.362762 0.241534 0.026224 0.030876
0 0.337704 0.279382 0.040210 0.036853
0 0.341783 0.353088 0.030886 0.052789
0 0.392774 0.281873 0.040793 0.063745
0 0.393065 0.361554 0.035548 0.057769
0 0.396853 0.427789 0.010490 0.020916
0 0.347319 0.426295 0.022145 0.053785
0 0.321970 0.460159 0.027389 0.025896
0 0.303904 0.560757 0.009907 0.017928
0 0.307984 0.621514 0.009907 0.015936
0 0.312063 0.683765 0.009907 0.016932
0 0.355769 0.625498 0.009907 0.017928
0 0.359266 0.684263 0.013403 0.017928
0 0.406469 0.686255 0.014569 0.019920
0 0.402098 0.628486 0.029138 0.041833
0 0.354021 0.561753 0.034382 0.051793
0 0.327797 0.527390 0.022727 0.024900
0 0.349650 0.504980 0.034965 0.045817
0 0.376457 0.532371 0.024476 0.024900
0 0.400932 0.496016 0.026807 0.041833
0 0.402681 0.563247 0.026807 0.038845
0 0.426573 0.467629 0.024476 0.024900
0 0.449883 0.506474 0.027972 0.044821
0 0.451632 0.565737 0.012821 0.017928
0 0.452797 0.625498 0.012821 0.019920
0 0.452797 0.686255 0.010490 0.023904
0 0.500000 0.689741 0.010490 0.020916
0 0.500291 0.631474 0.037879 0.039841
0 0.498543 0.573705 0.032051 0.053785
0 0.476107 0.533367 0.033800 0.052789
0 0.475233 0.465139 0.023893 0.035857
0 0.448135 0.427291 0.030303 0.049801
0 0.420746 0.316733 0.022145 0.027888
0 0.446387 0.361056 0.038462 0.030876
0 0.444930 0.281375 0.032051 0.044821
0 0.390443 0.203685 0.043124 0.066733
0 0.444639 0.205179 0.041958 0.035857
0 0.445221 0.120518 0.036131 0.057769
0 0.440559 0.034861 0.046620 0.069721
0 0.499417 0.041335 0.041958 0.032869
0 0.500000 0.125996 0.040793 0.070717
0 0.499126 0.204183 0.029720 0.045817
0 0.526224 0.242032 0.025641 0.039841
0 0.498252 0.288347 0.037296 0.040837
0 0.471737 0.318725 0.027389 0.039841
0 0.497669 0.359064 0.023310 0.054781
0 0.526224 0.324203 0.037296 0.056773
0 0.553030 0.293327 0.026807 0.044821
0 0.554196 0.209163 0.036131 0.041833
0 0.527972 0.163347 0.019814 0.059761
0 0.554487 0.126494 0.042541 0.035857
0 0.527681 0.081673 0.026224 0.029880
0 0.556527 0.040837 0.037296 0.067729
0 0.526515 0.010458 0.029720 0.020916
0 0.587413 0.081673 0.026807 0.029880
0 0.591492 0.010956 0.032634 0.021912
0 0.612179 0.044821 0.042541 0.035857
0 0.642483 0.009960 0.029720 0.019920
0 0.670455 0.043327 0.047203 0.074701
0 0.609557 0.127988 0.045455 0.066733
0 0.580420 0.167829 0.018648 0.054781
0 0.583625 0.244024 0.025058 0.039841
0 0.608392 0.209163 0.026807 0.045817
0 0.664627 0.127988 0.037879 0.054781
0 0.662587 0.210657 0.038462 0.034861
0 0.606061 0.290339 0.037296 0.042829
0 0.579545 0.323705 0.036713 0.057769
0 0.633741 0.328187 0.023893 0.040837
0 0.659674 0.284861 0.029138 0.047809
0 0.715909 0.211653 0.043706 0.066733
0 0.723776 0.125000 0.032634 0.054781
0 0.726981 0.052291 0.036713 0.054781
0 0.784091 0.047809 0.028555 0.049801
0 0.756410 0.087151 0.024476 0.044821
0 0.814394 0.014940 0.025058 0.029880
0 0.839744 0.045817 0.013986 0.021912
0 0.806235 0.083665 0.026224 0.049801
0 0.833042 0.132968 0.033217 0.076693
0 0.775932 0.133466 0.034382 0.033865
0 0.795746 0.172311 0.027389 0.037849
0 0.748543 0.171315 0.037879 0.059761
0 0.770396 0.214143 0.011655 0.019920
0 0.743881 0.249502 0.025058 0.032869
0 0.793415 0.251494 0.027389 0.030876
0 0.764860 0.287351 0.037879 0.040837
0 0.817890 0.298805 0.029720 0.051793
0 0.684149 0.326195 0.026807 0.026892
0 0.708042 0.370518 0.037296 0.057769
0 0.711538 0.290339 0.041958 0.064741
0 0.656177 0.365538 0.037296 0.031873
0 0.758450 0.364044 0.034382 0.046813
0 0.782343 0.402888 0.034382 0.028884
0 0.811189 0.368028 0.011655 0.018924
0 0.702506 0.436753 0.011072 0.020916
0 0.803322 0.439741 0.012238 0.018924
0 0.751166 0.438745 0.020979 0.054781
0 0.776224 0.471614 0.027972 0.024900
0 0.747378 0.511952 0.032051 0.043825
0 0.798951 0.504482 0.029138 0.042829
0 0.770396 0.535359 0.026807 0.026892
0 0.790210 0.572709 0.013986 0.019920
0 0.739510 0.570219 0.036131 0.052789
0 0.784091 0.634462 0.011072 0.017928
0 0.736597 0.631972 0.010490 0.020916
0 0.692016 0.635956 0.032051 0.046813
0 0.694639 0.568227 0.023310 0.038845
0 0.721445 0.534861 0.023310 0.025896
0 0.698427 0.500996 0.027389 0.041833
0 0.677448 0.465637 0.025058 0.022908
0 0.648601 0.507968 0.026807 0.041833
0 0.646270 0.570219 0.013986 0.018924
0 0.642191 0.628984 0.011655 0.024900
0 0.640152 0.690737 0.013403 0.018924
0 0.639569 0.752490 0.015734 0.022908
0 0.686189 0.692729 0.012238 0.020916
0 0.730769 0.692231 0.012821 0.021912
0 0.778846 0.694223 0.012238 0.019920
0 0.777098 0.750996 0.012238 0.023904
0 0.753205 0.790837 0.012238 0.021912
0 0.730186 0.753486 0.013986 0.022908
0 0.707751 0.789343 0.012238 0.018924
0 0.684149 0.752490 0.013986 0.018924
0 0.662005 0.789841 0.012821 0.021912
0 0.613928 0.787849 0.012238 0.017928
0 0.592366 0.749502 0.012238 0.020916
0 0.568765 0.786853 0.016317 0.025896
0 0.592657 0.691733 0.017483 0.024900
0 0.595280 0.630976 0.034382 0.032869
0 0.599650 0.573207 0.034965 0.052789
0 0.623252 0.532869 0.034382 0.051793
0 0.598776 0.505478 0.029720 0.028884
0 0.625874 0.463645 0.023310 0.034861
0 0.651807 0.433267 0.029720 0.049801
0 0.605769 0.362550 0.021562 0.057769
0 0.601690 0.434761 0.022727 0.054781
0 0.575175 0.466633 0.019814 0.046813
0 0.549534 0.503984 0.029138 0.029880
0 0.574009 0.535857 0.022145 0.025896
0 0.548368 0.570219 0.037296 0.042829
0 0.547786 0.630976 0.012821 0.020916
0 0.547203 0.691733 0.010490 0.018924
0 0.546037 0.749004 0.010490 0.019920
0 0.522436 0.787849 0.013403 0.019920
0 0.499709 0.749004 0.011072 0.017928
0 0.477273 0.785857 0.013986 0.019920
0 0.454254 0.748008 0.012238 0.017928
0 0.430361 0.784861 0.011072 0.017928
0 0.407343 0.746514 0.011655 0.020916
0 0.383741 0.784861 0.013403 0.019920
0 0.361014 0.744024 0.011072 0.021912
0 0.337704 0.781375 0.012238 0.020916
0 0.314977 0.741534 0.011072 0.020916
0 0.525641 0.532371 0.023310 0.026892
0 0.499417 0.502490 0.029138 0.028884
0 0.524184 0.465139 0.018065 0.047809
0 0.550408 0.434263 0.012238 0.023904
0 0.500874 0.432271 0.022727 0.055777
0 0.525641 0.393426 0.022145 0.033865
0 0.552156 0.367032 0.033217 0.052789
0 0.576049 0.394920 0.026224 0.034861
0 0.823135 0.213147 0.033217 0.045817
