0 0.471250 0.537957 0.097500 0.071228
0 0.443125 0.274133 0.168750 0.072165
0 0.396250 0.727741 0.107500 0.089035
0 0.425000 0.834583 0.167500 0.081537
0 0.700625 0.627929 0.061250 0.048735
0 0.536250 0.251640 0.047500 0.036551
0 0.213750 0.484536 0.045000 0.031865
0 0.485000 0.701968 0.082500 0.054358
0 0.172500 0.260544 0.057500 0.048735
0 0.678750 0.841612 0.102500 0.073102
0 0.303750 0.831303 0.052500 0.048735
0 0.391875 0.567479 0.051250 0.027179
0 0.790625 0.394564 0.046250 0.033739
0 0.123750 0.813496 0.060000 0.050609
0 0.692500 0.560918 0.065000 0.047798
0 0.072500 0.531865 0.042500 0.032802
0 0.685625 0.699157 0.053750 0.043112
0 0.289375 0.162605 0.038750 0.036551
0 0.238750 0.439550 0.047500 0.033739
0 0.718125 0.185567 0.046250 0.035614
0 0.647500 0.755389 0.055000 0.041237
0 0.258125 0.739925 0.048750 0.034677
0 0.284375 0.352390 0.046250 0.035614
0 0.656875 0.494845 0.043750 0.033739
0 0.708125 0.785848 0.116250 0.038425
0 0.623125 0.803655 0.096250 0.064667
0 0.263125 0.473758 0.028750 0.025305
0 0.296875 0.316307 0.031250 0.025305
0 0.782500 0.812559 0.037500 0.028116
0 0.982500 0.863636 0.020000 0.019681
0 0.950000 0.800843 0.027500 0.019681
0 0.783750 0.462980 0.032500 0.024367
0 0.946250 0.398782 0.030000 0.023430
0 0.992500 0.591378 0.012500 0.014995
0 0.956875 0.300375 0.033750 0.023430
0 0.503125 0.697751 0.023750 0.012184
0 0.043125 0.379100 0.031250 0.032802
