0 0.449375 0.478444 0.093750 0.072165
0 0.800625 0.453608 0.093750 0.125586
0 0.195000 0.425492 0.117500 0.078725
0 0.053125 0.449391 0.106250 0.124649
0 0.333125 0.652296 0.063750 0.044986
0 0.832500 0.522493 0.047500 0.034677
0 0.515625 0.284442 0.041250 0.032802
0 0.230625 0.492502 0.071250 0.060918
0 0.814375 0.249766 0.063750 0.042174
0 0.048125 0.639644 0.096250 0.075914
0 0.055625 0.358482 0.063750 0.038425
0 0.408750 0.420337 0.035000 0.038425
0 0.645625 0.716026 0.043750 0.033739
0 0.075625 0.223524 0.066250 0.044049
0 0.422500 0.645267 0.062500 0.047798
0 0.450000 0.179475 0.042500 0.030928
0 0.238125 0.641987 0.056250 0.039363
0 0.946250 0.335520 0.047500 0.028116
0 0.576875 0.303187 0.043750 0.034677
0 0.923125 0.657919 0.046250 0.033739
0 0.161875 0.614339 0.053750 0.040300
0 0.176250 0.322399 0.045000 0.035614
0 0.693125 0.335520 0.046250 0.033739
0 0.509375 0.617619 0.043750 0.031865
0 0.123125 0.660731 0.048750 0.086223
0 0.097500 0.597001 0.085000 0.071228
0 0.530625 0.321931 0.033750 0.021556
0 0.475000 0.084349 0.015000 0.014995
0 0.741875 0.344424 0.033750 0.023430
0 0.088125 0.717432 0.036250 0.027179
0 0.023125 0.870665 0.026250 0.020619
0 0.106875 0.842549 0.026250 0.020619
0 0.555000 0.712277 0.032500 0.024367
0 0.643125 0.832240 0.031250 0.022493
0 0.386250 0.873946 0.020000 0.015933
0 0.774375 0.838332 0.031250 0.025305
0 0.860000 0.896439 0.020000 0.015933
0 0.235681 0.505426 0.016362 0.017413
0 0.653425 0.155412 0.044350 0.022165
