0 0.753889 0.043333 0.121111 0.086667
0 0.673889 0.143333 0.043333 0.060000
0 0.589444 0.024167 0.041111 0.048333
0 0.518889 0.141667 0.053333 0.083333
0 0.445556 0.041667 0.057778 0.080000
0 0.292222 0.045000 0.097778 0.063333
0 0.222778 0.130833 0.038889 0.055000
0 0.161667 0.047500 0.023333 0.045000
0 0.373889 0.135833 0.056667 0.075000
0 0.448333 0.275000 0.067778 0.113333
0 0.598333 0.264167 0.050000 0.071667
0 0.763333 0.278333 0.042222 0.083333
0 0.760000 0.485000 0.048889 0.066667
0 0.683889 0.360833 0.083333 0.111667
0 0.544444 0.371667 0.062222 0.110000
0 0.479444 0.490000 0.110000 0.183333
0 0.395556 0.542500 0.066667 0.098333
0 0.386111 0.356667 0.045556 0.056667
0 0.313889 0.252500 0.052222 0.085000
0 0.242778 0.351667 0.038889 0.066667
0 0.169444 0.232500 0.025556 0.055000
0 0.186667 0.437500 0.026667 0.048333
0 0.327778 0.451667 0.051111 0.076667
0 0.265556 0.551667 0.084444 0.133333
0 0.334444 0.638333 0.035556 0.043333
0 0.416111 0.731667 0.043333 0.066667
0 0.470000 0.665833 0.066667 0.081667
0 0.538333 0.572500 0.063333 0.131667
0 0.597778 0.470833 0.071111 0.091667
0 0.676111 0.572500 0.070000 0.105000
0 0.759444 0.700833 0.052222 0.071667
0 0.801111 0.588333 0.075556 0.143333
0 0.815556 0.796667 0.060000 0.090000
0 0.821667 0.962500 0.041111 0.031667
0 0.746111 0.871667 0.063333 0.096667
0 0.684444 0.776667 0.071111 0.180000
0 0.597222 0.679167 0.087778 0.111667
0 0.541667 0.764167 0.050000 0.058333
0 0.610000 0.855000 0.033333 0.066667
0 0.685000 0.945833 0.054444 0.078333
0 0.556111 0.915000 0.103333 0.146667
0 0.473889 0.833333 0.052222 0.083333
0 0.422222 0.905000 0.033333 0.053333
0 0.363333 0.806667 0.042222 0.073333
0 0.276667 0.711667 0.031111 0.073333
0 0.232222 0.804167 0.048889 0.111667
0 0.244444 0.941667 0.026667 0.050000
0 0.296111 0.884167 0.052222 0.078333
0 0.364444 0.965000 0.057778 0.070000
0 0.481111 0.982500 0.026667 0.035000
0 0.197222 0.990000 0.027778 0.020000
0 0.205556 0.625833 0.031111 0.051667
0 0.823889 0.386667 0.014444 0.063333
0 0.812778 0.144167 0.018889 0.041667
0 0.184444 0.855000 0.013333 0.040000
