0 0.215625 0.331771 0.083750 0.082474
1 0.481250 0.727273 0.182500 0.168697
1 0.697500 0.751640 0.220000 0.206186
1 0.423125 0.273664 0.288750 0.178069
0 0.063125 0.216963 0.068750 0.060918
0 0.348750 0.791471 0.055000 0.059044
1 0.396250 0.514058 0.237500 0.162137
0 0.606250 0.219775 0.060000 0.040300
0 0.788750 0.644330 0.047500 0.034677
1 0.130625 0.348172 0.136250 0.184630
0 0.298750 0.242268 0.067500 0.036551
1 0.321250 0.397376 0.420000 0.144330
0 0.619375 0.149485 0.058750 0.038425
0 0.387500 0.441893 0.085000 0.066542
0 0.080000 0.269447 0.032500 0.070291
0 0.120625 0.795689 0.123750 0.118088
0 0.045000 0.413308 0.030000 0.029991
0 0.036250 0.531396 0.027500 0.039363
0 0.151875 0.177132 0.031250 0.031865
0 0.226875 0.119025 0.031250 0.026242
0 0.690625 0.658388 0.043750 0.036551
0 0.385000 0.766635 0.035000 0.039363
0 0.488750 0.685567 0.032500 0.029053
0 0.297500 0.693065 0.035000 0.025305
0 0.300000 0.676195 0.025000 0.014058
0 0.554375 0.633552 0.023750 0.009372
0 0.582500 0.619963 0.037500 0.025305
0 0.572500 0.557638 0.017500 0.013121
0 0.555625 0.619494 0.033750 0.022493
0 0.701250 0.303187 0.025000 0.021556
0 0.693125 0.381912 0.013750 0.012184
0 0.723750 0.272259 0.015000 0.012184
0 0.749375 0.246954 0.038750 0.029053
0 0.318750 0.242268 0.027500 0.038425
0 0.901250 0.696813 0.022500 0.019681
0 0.820625 0.512184 0.016250 0.012184
0 0.867500 0.416120 0.032500 0.011246
0 0.802500 0.578725 0.015000 0.012184
0 0.829375 0.624180 0.018750 0.016870
0 0.946875 0.536082 0.018750 0.013121
0 0.758750 0.267573 0.012500 0.012184
0 0.884375 0.327085 0.016250 0.014995
0 0.978750 0.250703 0.017500 0.014058
0 0.248750 0.423618 0.032500 0.011246
0 0.275000 0.418463 0.025000 0.010309
1 0.478125 0.415183 0.226250 0.176195
0 0.596250 0.468604 0.182500 0.144330
0 0.591875 0.383318 0.013750 0.013121
0 0.614375 0.341143 0.173750 0.136832
0 0.444375 0.246017 0.046250 0.032802
0 0.455000 0.242268 0.017500 0.010309
0 0.463750 0.555295 0.015000 0.010309
0 0.726250 0.785848 0.022500 0.015933
0 0.921250 0.754920 0.117500 0.147142
0 0.903125 0.700562 0.168750 0.164011
0 0.783125 0.662605 0.283750 0.256795
