0 0.290625 0.722118 0.106250 0.059044
1 0.803750 0.503280 0.217500 0.129335
1 0.825000 0.338332 0.265000 0.155576
1 0.203125 0.570291 0.223750 0.208997
0 0.145625 0.847235 0.078750 0.058107
0 0.895625 0.598407 0.076250 0.038425
1 0.523750 0.577320 0.205000 0.170572
0 0.120625 0.435801 0.051250 0.043112
0 0.676875 0.277413 0.043750 0.033739
1 0.316875 0.784442 0.241250 0.093721
0 0.166875 0.665417 0.046250 0.048735
1 0.371875 0.640112 0.171250 0.309278
0 0.026875 0.428772 0.048750 0.042174
0 0.428750 0.587629 0.085000 0.059981
0 0.214375 0.827085 0.093750 0.021556
0 0.913750 0.768978 0.152500 0.087160
0 0.408125 0.845361 0.038750 0.020619
0 0.565625 0.846298 0.051250 0.018744
0 0.088125 0.777413 0.041250 0.021556
0 0.011875 0.724461 0.023750 0.022493
0 0.700625 0.349110 0.046250 0.030928
0 0.860625 0.572634 0.051250 0.024367
0 0.747500 0.500000 0.037500 0.023430
0 0.768750 0.641518 0.032500 0.025305
0 0.745000 0.640581 0.017500 0.017807
0 0.675625 0.452671 0.011250 0.016870
0 0.655000 0.432521 0.032500 0.027179
0 0.571875 0.442830 0.016250 0.012184
0 0.656875 0.452671 0.028750 0.024367
0 0.228125 0.360356 0.028750 0.017807
0 0.332500 0.361762 0.015000 0.009372
0 0.185000 0.344424 0.015000 0.010309
0 0.150000 0.327085 0.037500 0.028116
0 0.166250 0.650422 0.050000 0.018744
0 0.714375 0.120431 0.028750 0.019681
0 0.740625 0.189784 0.026250 0.015933
0 0.498750 0.259606 0.015000 0.011246
0 0.369375 0.229147 0.013750 0.023430
0 0.588750 0.270384 0.015000 0.010309
0 0.648125 0.247891 0.021250 0.014058
0 0.524375 0.164011 0.016250 0.013121
0 0.177500 0.319119 0.015000 0.008435
0 0.129375 0.131678 0.016250 0.010309
0 0.201250 0.073102 0.017500 0.011246
0 0.250625 0.221649 0.018750 0.012184
0 0.142500 0.155108 0.017500 0.012184
0 0.411875 0.693065 0.013750 0.023430
0 0.403750 0.673383 0.012500 0.017807
1 0.387500 0.522024 0.225000 0.161200
0 0.453750 0.429709 0.185000 0.130272
0 0.339375 0.437676 0.016250 0.009372
0 0.281875 0.423149 0.173750 0.124649
0 0.508125 0.039363 0.013750 0.013121
0 0.164375 0.555295 0.041250 0.032802
0 0.158750 0.547798 0.012500 0.012184
0 0.576250 0.524367 0.012500 0.010309
0 0.869375 0.315839 0.021250 0.016870
0 0.818125 0.149953 0.193750 0.121837
0 0.747500 0.180881 0.212500 0.133083
0 0.702500 0.279288 0.330000 0.200562
