1 0.357500 0.717956 0.147500 0.081409
0 0.858125 0.551674 0.093750 0.042148
1 0.498750 0.605947 0.220000 0.125289
0 0.856250 0.616051 0.090000 0.040416
0 0.856875 0.678118 0.086250 0.038684
1 0.208125 0.660797 0.176250 0.110277
0 0.535625 0.499423 0.091250 0.048499
0 0.697500 0.595554 0.095000 0.064088
1 0.920731 0.552006 0.086462 0.049740
0 0.508750 0.278580 0.055000 0.027136
0 0.778125 0.296189 0.066250 0.038106
0 0.904375 0.474596 0.043750 0.034642
0 0.165000 0.446594 0.062500 0.027136
1 0.918600 0.630606 0.079700 0.099550
1 0.581844 0.391524 0.101187 0.102910
1 0.937156 0.405791 0.056813 0.095647
1 0.919863 0.494310 0.087225 0.067142
0 0.151250 0.458718 0.055000 0.035219
0 0.730000 0.285508 0.035000 0.023672
0 0.820000 0.320727 0.012500 0.010970
0 0.284375 0.507217 0.016250 0.010970
0 0.036250 0.452656 0.030000 0.016166
0 0.266250 0.565242 0.015000 0.009238
0 0.011250 0.412240 0.022500 0.019630
0 0.329363 0.484988 0.033725 0.016166
0 0.250000 0.634815 0.052500 0.023672
0 0.521250 0.380774 0.037500 0.024827
0 0.358750 0.348730 0.037500 0.020785
0 0.334556 0.436871 0.016612 0.014619
0 0.593750 0.387125 0.050000 0.022517
0 0.595625 0.508661 0.018750 0.010393
0 0.664319 0.533779 0.051137 0.022523
1 0.495625 0.622113 0.046250 0.023672
0 0.900000 0.411663 0.022500 0.024249
0 0.771875 0.429561 0.016250 0.011547
0 0.770000 0.442552 0.020000 0.012125
0 0.893750 0.347864 0.025000 0.022517
0 0.945625 0.349885 0.028750 0.015012
0 0.982500 0.548788 0.025000 0.032910
0 0.945187 0.656083 0.017875 0.031565
0 0.940000 0.446594 0.025000 0.007506
0 0.843750 0.722286 0.032500 0.025404
0 0.950625 0.756062 0.013750 0.021363
0 0.960850 0.663430 0.021700 0.027783
0 0.913800 0.678323 0.040100 0.059879
0 0.882881 0.709743 0.005763 0.006091
1 0.949525 0.388288 0.059050 0.060641
0 0.974656 0.402633 0.011812 0.008499
0 0.964244 0.400716 0.010987 0.006975
0 0.349075 0.438551 0.015650 0.009896
0 0.240606 0.632708 0.013713 0.006755
0 0.200512 0.665465 0.021025 0.007604
0 0.368619 0.726579 0.047238 0.014359
0 0.502456 0.612768 0.012412 0.004983
0 0.492725 0.610332 0.010450 0.005883
0 0.518338 0.589330 0.024175 0.012379
1 0.667850 0.525678 0.130700 0.095237
0 0.608325 0.479821 0.009150 0.004677
0 0.560925 0.399639 0.014350 0.009440
0 0.590456 0.693710 0.008412 0.004047
1 0.357500 0.717956 0.147500 0.081409
0 0.858125 0.551674 0.093750 0.042148
1 0.498750 0.605947 0.220000 0.125289
0 0.856250 0.616051 0.090000 0.040416
0 0.856875 0.678118 0.086250 0.038684
1 0.208125 0.660797 0.176250 0.110277
0 0.535625 0.499423 0.091250 0.048499
0 0.697500 0.595554 0.095000 0.064088
1 0.920731 0.552006 0.086462 0.049740
0 0.508750 0.278580 0.055000 0.027136
0 0.778125 0.296189 0.066250 0.038106
0 0.904375 0.474596 0.043750 0.034642
0 0.165000 0.446594 0.062500 0.027136
1 0.918600 0.630606 0.079700 0.099550
1 0.581844 0.391524 0.101187 0.102910
1 0.937156 0.405791 0.056813 0.095647
1 0.919863 0.494310 0.087225 0.067142
0 0.151250 0.458718 0.055000 0.035219
0 0.730000 0.285508 0.035000 0.023672
0 0.820000 0.320727 0.012500 0.010970
0 0.284375 0.507217 0.016250 0.010970
0 0.036250 0.452656 0.030000 0.016166
0 0.266250 0.565242 0.015000 0.009238
0 0.011250 0.412240 0.022500 0.019630
0 0.329363 0.484988 0.033725 0.016166
0 0.250000 0.634815 0.052500 0.023672
0 0.521250 0.380774 0.037500 0.024827
0 0.358750 0.348730 0.037500 0.020785
0 0.334556 0.436871 0.016612 0.014619
0 0.593750 0.387125 0.050000 0.022517
0 0.595625 0.508661 0.018750 0.010393
0 0.664319 0.533779 0.051137 0.022523
1 0.495625 0.622113 0.046250 0.023672
0 0.900000 0.411663 0.022500 0.024249
0 0.771875 0.429561 0.016250 0.011547
0 0.770000 0.442552 0.020000 0.012125
0 0.893750 0.347864 0.025000 0.022517
0 0.945625 0.349885 0.028750 0.015012
0 0.982500 0.548788 0.025000 0.032910
0 0.945187 0.656083 0.017875 0.031565
0 0.940000 0.446594 0.025000 0.007506
0 0.843750 0.722286 0.032500 0.025404
0 0.950625 0.756062 0.013750 0.021363
0 0.960850 0.663430 0.021700 0.027783
0 0.913800 0.678323 0.040100 0.059879
0 0.882881 0.709743 0.005763 0.006091
1 0.949525 0.388288 0.059050 0.060641
0 0.974656 0.402633 0.011812 0.008499
0 0.964244 0.400716 0.010987 0.006975
0 0.349075 0.438551 0.015650 0.009896
0 0.240606 0.632708 0.013713 0.006755
0 0.200512 0.665465 0.021025 0.007604
0 0.368619 0.726579 0.047238 0.014359
0 0.502456 0.612768 0.012412 0.004983
0 0.492725 0.610332 0.010450 0.005883
0 0.518338 0.589330 0.024175 0.012379
1 0.667850 0.525678 0.130700 0.095237
0 0.608325 0.479821 0.009150 0.004677
0 0.560925 0.399639 0.014350 0.009440
0 0.590456 0.693710 0.008412 0.004047
