1 0.355625 0.475633 0.168750 0.120900
1 0.263750 0.403936 0.170000 0.131209
0 0.584375 0.189784 0.066250 0.045923
0 0.695625 0.441893 0.051250 0.034677
0 0.583750 0.264292 0.057500 0.041237
0 0.247500 0.662605 0.072500 0.044986
0 0.403750 0.328960 0.055000 0.039363
0 0.816250 0.694939 0.100000 0.053421
0 0.300625 0.571696 0.043750 0.039363
1 0.433750 0.709466 0.092500 0.074977
0 0.690625 0.577788 0.043750 0.038425
0 0.533125 0.213683 0.056250 0.039363
0 0.555000 0.422212 0.067500 0.051546
0 0.678750 0.722118 0.055000 0.036551
0 0.960000 0.426429 0.057500 0.043112
0 0.818125 0.086692 0.043750 0.042174
0 0.075000 0.737113 0.085000 0.053421
0 0.731250 0.505155 0.050000 0.078725
1 0.125625 0.255858 0.051250 0.041237
0 0.156875 0.353796 0.171250 0.079663
0 0.296250 0.337863 0.065000 0.102156
0 0.346875 0.604967 0.061250 0.105904
0 0.105000 0.902062 0.022500 0.012184
0 0.893750 0.351921 0.030000 0.027179
0 0.958750 0.588097 0.032500 0.040300
0 0.773750 0.454545 0.032500 0.020619
0 0.857500 0.322868 0.022500 0.021556
0 0.878125 0.537020 0.021250 0.014995
0 0.436875 0.533271 0.033750 0.026242
0 0.555000 0.508903 0.035000 0.031865
0 0.538125 0.531865 0.026250 0.023430
0 0.621250 0.427835 0.035000 0.023430
0 0.570000 0.488754 0.037500 0.032802
0 0.370000 0.644330 0.037500 0.027179
0 0.597500 0.417057 0.030000 0.020619
0 0.368125 0.622774 0.018750 0.014058
0 0.536250 0.387535 0.017500 0.008435
0 0.402500 0.401125 0.015000 0.011246
0 0.318750 0.366917 0.017500 0.034677
0 0.158125 0.666354 0.036250 0.028116
0 0.134375 0.596532 0.038750 0.029053
0 0.121250 0.518744 0.035000 0.025305
0 0.120625 0.386129 0.041250 0.029991
0 0.720000 0.189316 0.050000 0.020619
0 0.716250 0.025773 0.062500 0.023430
0 0.696250 0.265230 0.015000 0.011246
0 0.848750 0.185098 0.022500 0.012184
0 0.630000 0.133552 0.017500 0.012184
0 0.834375 0.295689 0.021250 0.017807
0 0.492500 0.139175 0.037500 0.027179
0 0.335625 0.254452 0.036250 0.023430
0 0.455625 0.115276 0.038750 0.026242
0 0.461250 0.221649 0.037500 0.023430
0 0.432500 0.249297 0.037500 0.024367
0 0.608125 0.308341 0.038750 0.026242
0 0.282500 0.143861 0.035000 0.023430
0 0.383125 0.061387 0.018750 0.010309
0 0.375000 0.306935 0.015000 0.012184
0 0.592500 0.078725 0.017500 0.013121
0 0.211250 0.209934 0.045000 0.026242
0 0.758750 0.629335 0.030000 0.032802
0 0.741875 0.626523 0.026250 0.030928
0 0.731875 0.628397 0.018750 0.019681
0 0.899375 0.531865 0.051250 0.032802
0 0.894375 0.517807 0.033750 0.019681
0 0.817500 0.297563 0.040000 0.036551
0 0.376250 0.486410 0.017500 0.011246
0 0.290625 0.752577 0.016250 0.016870
0 0.080000 0.522962 0.045000 0.035614
