1 0.362500 0.458763 0.157500 0.111528
1 0.287500 0.376757 0.157500 0.121837
0 0.648125 0.202905 0.061250 0.042174
0 0.705000 0.464855 0.047500 0.031865
0 0.631875 0.276476 0.053750 0.037488
0 0.217500 0.630740 0.067500 0.041237
0 0.440625 0.319588 0.051250 0.035614
0 0.771875 0.728679 0.096250 0.047798
0 0.288125 0.547329 0.038750 0.037488
1 0.391250 0.699157 0.085000 0.069353
0 0.672500 0.599344 0.040000 0.036551
0 0.592500 0.221181 0.052500 0.035614
0 0.571250 0.429241 0.062500 0.048735
0 0.630625 0.740862 0.051250 0.032802
0 0.970000 0.481724 0.052500 0.039363
0 0.900625 0.129803 0.038750 0.040300
0 0.035000 0.684161 0.070000 0.048735
0 0.728125 0.532334 0.041250 0.076851
1 0.180625 0.215089 0.046250 0.038425
0 0.191875 0.315839 0.163750 0.069353
0 0.332500 0.315839 0.055000 0.099344
0 0.327500 0.585754 0.050000 0.103093
0 0.025625 0.850984 0.021250 0.011246
0 0.920000 0.399250 0.027500 0.026242
0 0.935000 0.641050 0.027500 0.039363
0 0.779375 0.487348 0.031250 0.018744
0 0.890625 0.367385 0.021250 0.020619
0 0.865625 0.580600 0.018750 0.014058
0 0.430625 0.525773 0.031250 0.024367
0 0.551875 0.514527 0.031250 0.029991
0 0.530625 0.536082 0.023750 0.022493
0 0.634375 0.442830 0.033750 0.021556
0 0.571875 0.497188 0.033750 0.030928
0 0.341250 0.626523 0.035000 0.025305
0 0.613125 0.429241 0.028750 0.018744
0 0.343750 0.605904 0.017500 0.012184
0 0.559375 0.393158 0.016250 0.006560
0 0.424375 0.391284 0.013750 0.010309
0 0.348125 0.347704 0.013750 0.033739
0 0.128125 0.624180 0.033750 0.026242
0 0.119375 0.552484 0.036250 0.027179
0 0.122500 0.473758 0.032500 0.023430
0 0.148125 0.343018 0.038750 0.028116
0 0.021250 0.325679 0.027500 0.049672
0 0.781875 0.218838 0.048750 0.017807
0 0.811875 0.057638 0.061250 0.019681
0 0.743125 0.291003 0.013750 0.010309
0 0.910625 0.229616 0.021250 0.011246
0 0.704375 0.153233 0.016250 0.010309
0 0.872500 0.337395 0.020000 0.016870
0 0.567500 0.141987 0.035000 0.025305
0 0.388750 0.237582 0.035000 0.021556
0 0.536875 0.115276 0.036250 0.024367
0 0.519375 0.220712 0.036250 0.021556
0 0.485000 0.244611 0.035000 0.022493
0 0.646875 0.323336 0.036250 0.024367
0 0.359375 0.123243 0.033750 0.021556
0 0.476250 0.052952 0.017500 0.008435
0 0.416875 0.295220 0.013750 0.011246
0 0.678125 0.095127 0.016250 0.012184
0 0.034375 0.180881 0.036250 0.026242
0 0.276250 0.179475 0.042500 0.023430
0 0.728125 0.657919 0.026250 0.031865
0 0.712500 0.653233 0.022500 0.029991
0 0.702500 0.653233 0.017500 0.018744
0 0.887500 0.578257 0.047500 0.029991
0 0.886250 0.564667 0.032500 0.017807
0 0.855625 0.336926 0.036250 0.034677
0 0.380625 0.471415 0.016250 0.009372
0 0.241250 0.724930 0.015000 0.015933
0 0.080625 0.473758 0.041250 0.032802
