1 0.709375 0.546250 0.298750 0.194167
1 0.561250 0.646250 0.295000 0.190833
0 0.688125 0.868333 0.171250 0.110000
0 0.538750 0.431250 0.212500 0.104167
0 0.843125 0.038750 0.103750 0.065833
0 0.338750 0.417500 0.145000 0.091667
0 0.080000 0.688333 0.077500 0.115000
0 0.410625 0.726250 0.118750 0.097500
0 0.555000 0.860833 0.075000 0.041667
1 0.846875 0.366250 0.088750 0.054167
0 0.145000 0.268750 0.085000 0.064167
0 0.027500 0.379583 0.055000 0.035833
0 0.283125 0.456667 0.073750 0.045000
0 0.128125 0.525833 0.063750 0.115000
1 0.939375 0.397500 0.113750 0.093333
0 0.158750 0.640833 0.095000 0.046667
0 0.045625 0.281250 0.058750 0.040833
1 0.902500 0.428333 0.147500 0.091667
0 0.966875 0.808333 0.066250 0.031667
0 0.703125 0.786250 0.053750 0.030833
0 0.509375 0.893333 0.063750 0.040000
0 0.420625 0.661667 0.078750 0.041667
1 0.124375 0.201667 0.151250 0.090000
0 0.245625 0.413333 0.061250 0.038333
0 0.675000 0.483750 0.050000 0.032500
0 0.896250 0.900833 0.040000 0.025000
0 0.827500 0.431250 0.027500 0.015833
0 0.906250 0.377083 0.030000 0.019167
0 0.980625 0.385833 0.023750 0.013333
0 0.561250 0.354583 0.042500 0.027500
0 0.249375 0.390000 0.033750 0.016667
0 0.851875 0.624167 0.038750 0.038333
0 0.652500 0.620000 0.027500 0.011667
0 0.582500 0.548750 0.030000 0.025833
0 0.643750 0.532500 0.022500 0.018333
0 0.665625 0.511667 0.021250 0.021667
0 0.648125 0.503333 0.018750 0.010000
0 0.941250 0.460833 0.020000 0.011667
1 0.979375 0.427083 0.033750 0.040833
