0 0.358750 0.801312 0.122500 0.078725
0 0.472500 0.819119 0.105000 0.080600
0 0.250625 0.724930 0.088750 0.074039
1 0.498750 0.309278 0.162500 0.082474
0 0.086250 0.656982 0.070000 0.061856
0 0.575625 0.266635 0.043750 0.038425
0 0.280625 0.526242 0.041250 0.036551
0 0.407500 0.142455 0.052500 0.029991
0 0.750625 0.529053 0.048750 0.034677
1 0.871875 0.217901 0.063750 0.045923
0 0.793125 0.322868 0.053750 0.032802
1 0.576875 0.746485 0.201250 0.105904
1 0.946875 0.261012 0.106250 0.087160
0 0.836250 0.182287 0.055000 0.030928
1 0.690625 0.681350 0.201250 0.181818
0 0.599375 0.319588 0.046250 0.031865
1 0.803125 0.535145 0.213750 0.144330
1 0.831250 0.154171 0.067500 0.034677
1 0.760625 0.400187 0.226250 0.142455
0 0.083125 0.851453 0.026250 0.015933
0 0.150000 0.807404 0.030000 0.030928
0 0.207500 0.844892 0.020000 0.014058
0 0.038750 0.847704 0.015000 0.012184
0 0.137500 0.597001 0.035000 0.037488
0 0.200625 0.440956 0.041250 0.029053
0 0.150000 0.543580 0.025000 0.026242
0 0.194375 0.238988 0.038750 0.029991
0 0.202500 0.339269 0.025000 0.026242
0 0.591250 0.654639 0.022500 0.014058
0 0.341875 0.488285 0.038750 0.026242
0 0.642500 0.455483 0.027500 0.020619
0 0.618125 0.461106 0.031250 0.020619
0 0.337500 0.420337 0.042500 0.021556
0 0.485625 0.347235 0.038750 0.029053
0 0.733750 0.205248 0.045000 0.026242
0 0.643750 0.291471 0.017500 0.013121
0 0.593750 0.339738 0.037500 0.021556
0 0.375625 0.368791 0.026250 0.017807
0 0.620625 0.271790 0.013750 0.014995
0 0.382500 0.161200 0.042500 0.028116
0 0.743750 0.870665 0.030000 0.029991
0 0.872500 0.826617 0.032500 0.026242
0 0.746875 0.744611 0.021250 0.015933
0 0.858750 0.494845 0.017500 0.016870
0 0.776875 0.208060 0.048750 0.026242
0 0.590625 0.640581 0.018750 0.014058
0 0.054375 0.715089 0.011250 0.014995
0 0.321250 0.410497 0.040000 0.014995
0 0.409375 0.160262 0.033750 0.020619
0 0.410625 0.295220 0.028750 0.007498
0 0.993125 0.248360 0.013750 0.035614
0 0.771250 0.738519 0.030000 0.022493
1 0.875625 0.824742 0.111250 0.134958
