0 0.091875 0.409560 0.098750 0.088097
0 0.073750 0.495783 0.102500 0.074977
0 0.187500 0.324742 0.095000 0.062793
1 0.753750 0.489222 0.102500 0.118088
0 0.269375 0.198219 0.078750 0.049672
0 0.815625 0.544049 0.048750 0.030928
0 0.454375 0.336926 0.046250 0.029053
0 0.971250 0.411434 0.037500 0.037488
0 0.474375 0.689316 0.043750 0.034677
1 0.895000 0.763355 0.057500 0.045923
0 0.751875 0.709934 0.041250 0.038425
1 0.175625 0.569822 0.131250 0.146204
1 0.841156 0.835853 0.109812 0.102821
0 0.940625 0.734770 0.038750 0.039363
1 0.268750 0.651828 0.232500 0.141518
0 0.746250 0.564667 0.040000 0.032802
1 0.470169 0.728018 0.182838 0.153318
1 0.978750 0.730084 0.042500 0.048735
1 0.646875 0.689784 0.178750 0.163074
0 0.010000 0.206186 0.020000 0.018744
0 0.072500 0.253983 0.040000 0.020619
0 0.025000 0.298500 0.017500 0.014058
0 0.012500 0.172915 0.015000 0.010309
0 0.352112 0.233365 0.049225 0.024367
0 0.563125 0.272727 0.036250 0.029991
0 0.424375 0.240394 0.033750 0.017807
0 0.831875 0.257263 0.038750 0.027179
0 0.699375 0.268510 0.033750 0.017807
0 0.298750 0.575914 0.017500 0.015933
0 0.507500 0.380506 0.032500 0.028116
0 0.566875 0.604030 0.026250 0.019681
0 0.558125 0.585754 0.026250 0.022493
0 0.598125 0.373477 0.026250 0.030928
0 0.703125 0.480787 0.036250 0.028116
0 0.904762 0.659541 0.032025 0.033233
0 0.785625 0.596532 0.016250 0.012184
0 0.718750 0.561856 0.027500 0.027179
0 0.668600 0.400187 0.022200 0.018744
0 0.810625 0.578257 0.018750 0.009372
0 0.945000 0.394096 0.035000 0.030928
0 0.019375 0.701968 0.038750 0.020619
0 0.084375 0.796157 0.033750 0.023430
0 0.187500 0.697282 0.020000 0.014995
0 0.525625 0.768041 0.021250 0.012184
0 0.903750 0.691659 0.032500 0.035614
0 0.957500 0.917994 0.020000 0.015933
0 0.317437 0.574330 0.017375 0.012765
0 0.189919 0.177366 0.019837 0.007966
0 0.610144 0.360436 0.017788 0.029213
0 0.948088 0.414452 0.026175 0.024780
0 0.767962 0.421425 0.008425 0.021856
0 0.883250 0.902460 0.044000 0.029850
0 0.860656 0.860469 0.046312 0.017095
0 0.195731 0.715694 0.028963 0.021828
1 0.087319 0.798468 0.174638 0.076785
