1 0.554375 0.410965 0.223750 0.169634
1 0.761875 0.748360 0.168750 0.124649
1 0.691250 0.522024 0.167500 0.206186
1 0.749375 0.596532 0.178750 0.175258
1 0.115625 0.272727 0.056250 0.044986
1 0.365625 0.192127 0.056250 0.041237
1 0.571875 0.771790 0.058750 0.047798
1 0.205000 0.648079 0.145000 0.169634
1 0.971875 0.699157 0.046250 0.041237
1 0.531250 0.271790 0.152500 0.191190
1 0.733750 0.716026 0.205000 0.088097
0 0.484375 0.452202 0.058750 0.060918
0 0.534375 0.335989 0.041250 0.057170
0 0.920000 0.225398 0.040000 0.029053
0 0.896875 0.169166 0.046250 0.029053
0 0.812500 0.254920 0.022500 0.018744
0 0.828125 0.107310 0.046250 0.012184
0 0.771875 0.211809 0.018750 0.014995
0 0.751875 0.143861 0.013750 0.025305
0 0.946875 0.253983 0.018750 0.022493
0 0.765000 0.267104 0.017500 0.013121
0 0.951250 0.671509 0.042500 0.027179
0 0.933750 0.800843 0.042500 0.027179
0 0.946875 0.729147 0.013750 0.018744
0 0.545000 0.187441 0.040000 0.026242
0 0.435000 0.850515 0.025000 0.021556
0 0.590000 0.624180 0.015000 0.011246
0 0.606875 0.637769 0.016250 0.015933
0 0.606250 0.659325 0.017500 0.017807
0 0.614375 0.674789 0.021250 0.014995
0 0.620625 0.639175 0.011250 0.009372
0 0.594375 0.651828 0.013750 0.015933
0 0.440625 0.873946 0.028750 0.014058
0 0.261875 0.589503 0.028750 0.020619
0 0.294375 0.870665 0.026250 0.037488
0 0.236875 0.856139 0.016250 0.010309
0 0.762500 0.296157 0.015000 0.013121
0 0.736250 0.486410 0.017500 0.011246
0 0.655000 0.532802 0.015000 0.012184
0 0.648125 0.538894 0.011250 0.009372
0 0.717500 0.605436 0.015000 0.011246
0 0.717500 0.615276 0.015000 0.012184
0 0.602500 0.678538 0.012500 0.009372
0 0.760000 0.694002 0.017500 0.008435
0 0.753125 0.690722 0.028750 0.009372
0 0.741250 0.686036 0.017500 0.005623
0 0.206250 0.707123 0.017500 0.019681
0 0.385000 0.144799 0.045000 0.029053
1 0.489375 0.389878 0.268750 0.275539
0 0.395625 0.514527 0.018750 0.016870
0 0.406875 0.526710 0.013750 0.007498
0 0.353125 0.557638 0.016250 0.009372
0 0.406875 0.713215 0.013750 0.007498
0 0.373750 0.693533 0.017500 0.016870
1 0.455000 0.597938 0.105000 0.134958
1 0.383125 0.636364 0.121250 0.198688
1 0.406875 0.619963 0.258750 0.267104
1 0.403125 0.619963 0.261250 0.272727
1 0.554375 0.410965 0.223750 0.169634
1 0.761875 0.748360 0.168750 0.124649
1 0.691250 0.522024 0.167500 0.206186
1 0.749375 0.596532 0.178750 0.175258
1 0.115625 0.272727 0.056250 0.044986
1 0.365625 0.192127 0.056250 0.041237
1 0.571875 0.771790 0.058750 0.047798
1 0.205000 0.648079 0.145000 0.169634
1 0.971875 0.699157 0.046250 0.041237
1 0.531250 0.271790 0.152500 0.191190
1 0.733750 0.716026 0.205000 0.088097
0 0.484375 0.452202 0.058750 0.060918
0 0.534375 0.335989 0.041250 0.057170
0 0.920000 0.225398 0.040000 0.029053
0 0.896875 0.169166 0.046250 0.029053
0 0.812500 0.254920 0.022500 0.018744
0 0.828125 0.107310 0.046250 0.012184
0 0.771875 0.211809 0.018750 0.014995
0 0.751875 0.143861 0.013750 0.025305
0 0.946875 0.253983 0.018750 0.022493
0 0.765000 0.267104 0.017500 0.013121
0 0.951250 0.671509 0.042500 0.027179
0 0.933750 0.800843 0.042500 0.027179
0 0.946875 0.729147 0.013750 0.018744
0 0.545000 0.187441 0.040000 0.026242
0 0.435000 0.850515 0.025000 0.021556
0 0.590000 0.624180 0.015000 0.011246
0 0.606875 0.637769 0.016250 0.015933
0 0.606250 0.659325 0.017500 0.017807
0 0.614375 0.674789 0.021250 0.014995
0 0.620625 0.639175 0.011250 0.009372
0 0.594375 0.651828 0.013750 0.015933
0 0.440625 0.873946 0.028750 0.014058
0 0.261875 0.589503 0.028750 0.020619
0 0.294375 0.870665 0.026250 0.037488
0 0.236875 0.856139 0.016250 0.010309
0 0.762500 0.296157 0.015000 0.013121
0 0.736250 0.486410 0.017500 0.011246
0 0.655000 0.532802 0.015000 0.012184
0 0.648125 0.538894 0.011250 0.009372
0 0.717500 0.605436 0.015000 0.011246
0 0.717500 0.615276 0.015000 0.012184
0 0.602500 0.678538 0.012500 0.009372
0 0.760000 0.694002 0.017500 0.008435
0 0.753125 0.690722 0.028750 0.009372
0 0.741250 0.686036 0.017500 0.005623
0 0.206250 0.707123 0.017500 0.019681
0 0.385000 0.144799 0.045000 0.029053
1 0.489375 0.389878 0.268750 0.275539
0 0.395625 0.514527 0.018750 0.016870
0 0.406875 0.526710 0.013750 0.007498
0 0.353125 0.557638 0.016250 0.009372
0 0.406875 0.713215 0.013750 0.007498
0 0.373750 0.693533 0.017500 0.016870
1 0.455000 0.597938 0.105000 0.134958
1 0.383125 0.636364 0.121250 0.198688
1 0.406875 0.619963 0.258750 0.267104
1 0.403125 0.619963 0.261250 0.272727
