1 0.389375 0.449391 0.216250 0.160262
1 0.860625 0.335989 0.158750 0.120900
1 0.551875 0.360356 0.268750 0.115276
1 0.658125 0.326148 0.226250 0.125586
1 0.152500 0.758669 0.057500 0.040300
1 0.075625 0.562793 0.051250 0.040300
1 0.868750 0.480319 0.060000 0.042174
1 0.660000 0.738051 0.220000 0.100281
1 0.821250 0.173852 0.052500 0.032802
1 0.202500 0.448922 0.250000 0.104967
1 0.813750 0.352858 0.107500 0.150890
0 0.434375 0.506092 0.078750 0.041237
0 0.286250 0.454545 0.075000 0.028116
0 0.186875 0.154171 0.036250 0.029053
0 0.110625 0.164948 0.036250 0.033739
0 0.213750 0.238519 0.025000 0.015933
0 0.019375 0.208997 0.013750 0.033739
0 0.151875 0.262887 0.018750 0.014058
0 0.058750 0.269916 0.032500 0.009372
0 0.229375 0.137769 0.028750 0.013121
0 0.224375 0.274133 0.016250 0.012184
0 0.783125 0.185098 0.033750 0.030928
0 0.951875 0.214152 0.033750 0.030928
0 0.858125 0.195876 0.023750 0.009372
0 0.091250 0.428772 0.032500 0.029053
0 0.956875 0.591846 0.028750 0.017807
0 0.675625 0.448454 0.013750 0.010309
0 0.696250 0.437207 0.020000 0.012184
0 0.723750 0.440956 0.022500 0.012184
0 0.745000 0.437207 0.020000 0.015933
0 0.699375 0.428304 0.011250 0.007498
0 0.712500 0.449391 0.020000 0.010309
0 0.988750 0.590440 0.017500 0.020619
0 0.589375 0.687910 0.026250 0.020619
0 0.966250 0.698688 0.050000 0.017807
0 0.940000 0.740394 0.012500 0.011246
0 0.261875 0.280694 0.016250 0.010309
0 0.510625 0.322868 0.013750 0.012184
0 0.561250 0.389410 0.015000 0.010309
0 0.569375 0.394564 0.011250 0.007498
0 0.665625 0.351921 0.013750 0.010309
0 0.678750 0.352858 0.015000 0.010309
0 0.748125 0.446579 0.011250 0.008435
0 0.788750 0.331303 0.010000 0.012184
0 0.783125 0.335520 0.011250 0.020619
0 0.775625 0.343018 0.006250 0.013121
0 0.737500 0.744611 0.025000 0.012184
0 0.016250 0.542174 0.032500 0.032802
1 0.352500 0.495314 0.355000 0.188379
0 0.505625 0.579663 0.021250 0.014058
0 0.524375 0.572634 0.008750 0.009372
0 0.558125 0.616682 0.011250 0.011246
0 0.770625 0.596064 0.008750 0.009372
0 0.740625 0.617619 0.021250 0.013121
1 0.623750 0.545923 0.175000 0.072165
1 0.665625 0.603561 0.261250 0.080600
1 0.647500 0.584349 0.345000 0.180881
1 0.647500 0.587629 0.352500 0.183693
