1 0.386594 0.451978 0.208188 0.154189
1 0.852150 0.326495 0.154300 0.116907
1 0.545625 0.358950 0.263750 0.108716
1 0.649094 0.322310 0.220688 0.119784
1 0.164375 0.767104 0.056250 0.038425
1 0.078750 0.573571 0.050000 0.039363
1 0.866875 0.470009 0.058750 0.040300
1 0.670725 0.734100 0.216450 0.094255
1 0.805450 0.165023 0.050900 0.032015
1 0.199706 0.457109 0.244413 0.098847
1 0.807037 0.344180 0.101575 0.148529
0 0.435000 0.507966 0.077500 0.039363
0 0.284375 0.460169 0.073750 0.026242
0 0.171250 0.162137 0.035000 0.028116
0 0.095000 0.174789 0.035000 0.032802
0 0.201875 0.245548 0.023750 0.014995
0 0.006250 0.221181 0.012500 0.033739
0 0.140625 0.271790 0.018750 0.013121
0 0.047500 0.281631 0.032500 0.008435
0 0.211875 0.145736 0.028750 0.012184
0 0.213125 0.281631 0.016250 0.012184
0 0.767500 0.178069 0.032500 0.029991
0 0.937500 0.202437 0.032500 0.029991
0 0.843125 0.186036 0.023750 0.008435
0 0.088125 0.439550 0.031250 0.028116
0 0.960000 0.579194 0.027500 0.016870
0 0.673125 0.443768 0.013750 0.010309
0 0.692500 0.432052 0.020000 0.011246
0 0.720000 0.434864 0.022500 0.011246
0 0.741950 0.429963 0.018900 0.014564
0 0.695625 0.422680 0.011250 0.007498
0 0.710000 0.443299 0.020000 0.009372
0 0.991875 0.577320 0.016250 0.020619
0 0.597500 0.685567 0.025000 0.019681
0 0.974375 0.686036 0.048750 0.016870
0 0.950000 0.728210 0.012500 0.011246
0 0.250731 0.286532 0.016463 0.010740
0 0.502012 0.322718 0.014025 0.011884
0 0.556525 0.387638 0.015550 0.010515
0 0.564544 0.392713 0.011587 0.007545
0 0.658112 0.347109 0.013725 0.010056
0 0.671069 0.348046 0.014638 0.010056
0 0.745731 0.440098 0.011463 0.008594
0 0.780944 0.323027 0.009388 0.012502
0 0.774950 0.327873 0.009900 0.020319
0 0.767138 0.336443 0.006775 0.013093
0 0.748856 0.738468 0.025213 0.011143
0 0.017288 0.554658 0.034575 0.031528
1 0.352344 0.499067 0.347187 0.179016
0 0.509513 0.579185 0.021525 0.013102
0 0.526963 0.571753 0.008925 0.009485
0 0.562887 0.614766 0.010775 0.011162
0 0.774444 0.588482 0.008887 0.009203
0 0.745931 0.610492 0.021862 0.011987
1 0.624981 0.542840 0.172462 0.067873
1 0.671219 0.599466 0.257437 0.074283
1 0.650012 0.580056 0.337525 0.172296
1 0.651031 0.583158 0.344562 0.174752
