0 0.496875 0.132911 0.048750 0.036568
0 0.063125 0.584740 0.051250 0.027426
0 0.706250 0.157525 0.050000 0.035162
0 0.685000 0.494726 0.057500 0.041491
0 0.975000 0.834037 0.050000 0.043601
0 0.066250 0.611814 0.055000 0.028129
0 0.965625 0.455345 0.063750 0.040084
0 0.350625 0.131857 0.073750 0.040084
0 0.425000 0.463783 0.050000 0.071027
0 0.677500 0.309423 0.092500 0.015471
0 0.956875 0.290084 0.028750 0.044304
0 0.811250 0.110759 0.075000 0.023207
0 0.543125 0.569620 0.043750 0.061885
0 0.878750 0.601617 0.055000 0.031646
0 0.630000 0.605485 0.045000 0.039381
0 0.985625 0.487693 0.026250 0.071027
0 0.252500 0.125176 0.040000 0.016878
0 0.190625 0.271800 0.021250 0.018987
0 0.291875 0.317511 0.033750 0.014768
0 0.283125 0.283755 0.028750 0.040084
0 0.240625 0.133263 0.036250 0.014768
0 0.267500 0.292194 0.017500 0.031646
0 0.365625 0.146624 0.048750 0.026020
0 0.426250 0.156821 0.042500 0.015471
0 0.442500 0.322433 0.020000 0.023207
0 0.470000 0.303797 0.020000 0.023910
0 0.710000 0.295007 0.050000 0.011955
0 0.916250 0.259845 0.030000 0.010549
0 0.257500 0.484529 0.022500 0.012658
0 0.210625 0.575949 0.011250 0.007032
0 0.183125 0.463432 0.011250 0.007032
0 0.361250 0.392053 0.027500 0.018987
0 0.373750 0.643812 0.012500 0.009142
0 0.442500 0.496835 0.025000 0.014768
0 0.495625 0.576301 0.008750 0.006329
0 0.516250 0.611111 0.022500 0.035162
0 0.340625 0.407525 0.018750 0.030239
0 0.591250 0.402602 0.020000 0.026020
0 0.534375 0.627637 0.016250 0.033052
0 0.666875 0.580520 0.053750 0.024613
0 0.540625 0.497187 0.038750 0.047820
0 0.605000 0.432138 0.040000 0.010549
0 0.324375 0.407525 0.033750 0.048523
0 0.606250 0.440928 0.035000 0.005626
0 0.940000 0.600914 0.055000 0.016174
0 0.893125 0.627286 0.071250 0.012658
0 0.685625 0.593882 0.026250 0.009142
0 0.818750 0.607243 0.035000 0.009142
0 0.055000 0.792546 0.025000 0.012658
0 0.206875 0.674754 0.033750 0.020394
0 0.610000 0.789733 0.015000 0.007032
0 0.615000 0.687060 0.017500 0.009845
0 0.615000 0.727145 0.012500 0.012658
0 0.595625 0.841421 0.018750 0.010549
0 0.663750 0.299578 0.045000 0.011252
0 0.934375 0.295007 0.041250 0.035865
0 0.396250 0.455696 0.015000 0.035162
