0 0.680625 0.739451 0.051250 0.030239
0 0.477500 0.397328 0.077500 0.035162
0 0.728125 0.735584 0.053750 0.032349
0 0.388750 0.242264 0.075000 0.038678
0 0.440625 0.544655 0.128750 0.033052
0 0.150625 0.414205 0.033750 0.053446
0 0.096875 0.258439 0.081250 0.018987
0 0.621250 0.471167 0.112500 0.028129
0 0.653750 0.280239 0.060000 0.033052
0 0.677500 0.419831 0.072500 0.028129
0 0.445000 0.228551 0.127500 0.019691
0 0.116250 0.690225 0.035000 0.013361
0 0.190625 0.630450 0.028750 0.020394
0 0.131875 0.636779 0.073750 0.018987
0 0.148750 0.645921 0.057500 0.011955
0 0.188750 0.545007 0.042500 0.012658
0 0.154375 0.530942 0.043750 0.012658
0 0.121875 0.396976 0.023750 0.028833
0 0.045625 0.283052 0.021250 0.017581
0 0.488750 0.637834 0.025000 0.014065
0 0.655625 0.657525 0.013750 0.007032
0 0.456875 0.680731 0.013750 0.007032
0 0.318125 0.585795 0.036250 0.016878
0 0.763750 0.561533 0.017500 0.007736
0 0.498125 0.533052 0.028750 0.015471
0 0.636250 0.497187 0.012500 0.005626
0 0.695625 0.484177 0.063750 0.014768
0 0.347500 0.595640 0.055000 0.012658
0 0.321250 0.455696 0.047500 0.012658
0 0.723750 0.472574 0.060000 0.011252
0 0.631250 0.401195 0.047500 0.031646
0 0.491875 0.478200 0.086250 0.025316
0 0.373125 0.446203 0.021250 0.023207
0 0.348125 0.604782 0.088750 0.022504
0 0.387500 0.444796 0.012500 0.020394
0 0.647500 0.246835 0.032500 0.032349
0 0.698750 0.270745 0.027500 0.040788
0 0.653125 0.389592 0.018750 0.015471
0 0.668125 0.313994 0.018750 0.020394
0 0.830625 0.652602 0.038750 0.019691
0 0.823125 0.422996 0.018750 0.010549
0 0.894375 0.419831 0.023750 0.008439
0 0.133750 0.422293 0.022500 0.026020
0 0.106875 0.270745 0.066250 0.025316
0 0.429375 0.561533 0.063750 0.010549
