0 0.403125 0.789202 0.093750 0.074178
0 0.044375 0.664789 0.088750 0.093897
1 0.867500 0.718310 0.167500 0.148357
0 0.211875 0.654930 0.091250 0.049765
0 0.671250 0.636150 0.132500 0.092958
0 0.458125 0.380751 0.076250 0.051643
0 0.550000 0.823005 0.097500 0.053521
0 0.667500 0.415023 0.080000 0.063850
0 0.433125 0.593427 0.111250 0.054460
0 0.029375 0.742254 0.058750 0.044131
0 0.591875 0.401878 0.046250 0.035681
0 0.366250 0.250704 0.035000 0.037559
0 0.271875 0.478404 0.043750 0.042254
0 0.636250 0.681690 0.080000 0.048826
0 0.072500 0.785446 0.082500 0.036620
0 0.772500 0.605634 0.060000 0.033803
0 0.568750 0.344601 0.047500 0.035681
0 0.248750 0.291549 0.032500 0.046009
0 0.519375 0.284507 0.056250 0.039437
0 0.295625 0.146009 0.058750 0.040376
1 0.321250 0.838967 0.120000 0.070423
0 0.420000 0.278404 0.045000 0.036620
0 0.543125 0.602817 0.126250 0.063850
0 0.258750 0.736620 0.172500 0.057277
0 0.595000 0.538028 0.060000 0.035681
0 0.510000 0.493897 0.050000 0.035681
0 0.548125 0.260094 0.051250 0.039437
0 0.421875 0.379812 0.048750 0.027230
0 0.499375 0.861502 0.073750 0.029108
0 0.246250 0.694836 0.117500 0.033803
0 0.637500 0.804695 0.070000 0.046948
0 0.258125 0.249296 0.061250 0.042254
0 0.639375 0.648826 0.053750 0.028169
0 0.564375 0.240376 0.113750 0.039437
0 0.404375 0.143192 0.051250 0.038498
0 0.189375 0.242254 0.026250 0.020657
0 0.136250 0.198592 0.025000 0.021596
0 0.084375 0.164789 0.026250 0.034742
0 0.250625 0.164789 0.041250 0.012207
0 0.651250 0.769014 0.037500 0.026291
0 0.475625 0.704225 0.016250 0.013146
0 0.546250 0.738498 0.027500 0.012207
0 0.453125 0.700939 0.018750 0.014085
0 0.695000 0.773239 0.017500 0.012207
0 0.357500 0.532864 0.032500 0.023474
0 0.337500 0.271362 0.022500 0.024413
0 0.544375 0.369953 0.038750 0.030047
0 0.703750 0.313615 0.025000 0.045070
0 0.482500 0.294366 0.022500 0.017840
0 0.617500 0.302347 0.025000 0.033803
1 0.727500 0.149296 0.040000 0.028169
0 0.658750 0.267136 0.042500 0.017840
0 0.663125 0.368545 0.023750 0.034742
0 0.633125 0.169014 0.018750 0.015023
0 0.450000 0.149765 0.022500 0.015962
0 0.587500 0.163380 0.022500 0.018779
0 0.495625 0.154930 0.026250 0.020657
0 0.781250 0.471362 0.037500 0.031925
0 0.737500 0.430047 0.035000 0.030047
1 0.778125 0.157746 0.038750 0.026291
0 0.774375 0.177465 0.006250 0.007512
0 0.626875 0.638498 0.013750 0.005634
0 0.298125 0.717371 0.026250 0.013146
0 0.259375 0.690610 0.021250 0.008451
0 0.430625 0.144131 0.041250 0.042254
0 0.533750 0.130047 0.030000 0.010329
0 0.598750 0.323474 0.042500 0.030986
0 0.770000 0.363380 0.022500 0.043192
0 0.880000 0.862441 0.070000 0.038498
1 0.856875 0.839437 0.183750 0.084507
0 0.691250 0.762441 0.015000 0.009390
0 0.161875 0.859624 0.038750 0.025352
