0 0.113750 0.431925 0.097500 0.069484
0 0.271875 0.154460 0.123750 0.076056
1 0.216544 0.779958 0.195587 0.123296
0 0.288750 0.286385 0.065000 0.067606
0 0.321875 0.630986 0.121250 0.097653
0 0.658750 0.466667 0.067500 0.056338
0 0.071250 0.543192 0.070000 0.072300
0 0.616875 0.623944 0.083750 0.059155
0 0.375000 0.450704 0.070000 0.082629
0 0.168750 0.149765 0.057500 0.046009
0 0.633125 0.567136 0.046250 0.033803
0 0.133125 0.064319 0.043750 0.038498
0 0.830000 0.394836 0.050000 0.025352
0 0.061250 0.086385 0.045000 0.037559
0 0.525000 0.327700 0.055000 0.031925
0 0.260625 0.605164 0.063750 0.059155
0 0.112500 0.183568 0.047500 0.061033
0 0.364375 0.706573 0.043750 0.044131
0 0.708125 0.548826 0.046250 0.034742
0 0.774406 0.306573 0.061312 0.023474
0 0.786875 0.510798 0.051250 0.041315
0 0.967500 0.339906 0.052500 0.043192
1 0.045625 0.371362 0.091250 0.089202
0 0.793750 0.436150 0.047500 0.032864
0 0.363750 0.534272 0.082500 0.093897
0 0.180625 0.322535 0.073750 0.128638
0 0.451875 0.571362 0.046250 0.044131
0 0.508125 0.507512 0.046250 0.036620
0 0.820625 0.531455 0.051250 0.037559
0 0.658750 0.438967 0.035000 0.036620
0 0.018750 0.505164 0.037500 0.054460
0 0.236250 0.312207 0.042500 0.087324
0 0.096875 0.607981 0.061250 0.051643
0 0.830144 0.313803 0.055287 0.045446
0 0.304375 0.607042 0.036250 0.040376
0 0.847638 0.543817 0.050275 0.084817
0 0.973750 0.421596 0.050000 0.037559
0 0.837500 0.261502 0.027500 0.019718
0 0.895625 0.221596 0.028750 0.018779
0 0.939375 0.182160 0.046250 0.018779
0 0.942462 0.307512 0.014925 0.030986
0 0.144375 0.617840 0.033750 0.028169
0 0.227500 0.484977 0.017500 0.012207
0 0.183125 0.538967 0.016250 0.020657
0 0.231875 0.468075 0.018750 0.014085
0 0.140525 0.651408 0.016050 0.012676
0 0.454375 0.393427 0.031250 0.024413
0 0.801250 0.373709 0.032500 0.016901
0 0.674531 0.530516 0.039062 0.028169
0 0.752500 0.649296 0.060000 0.017840
0 0.773125 0.482629 0.023750 0.016901
0 0.765000 0.584507 0.045000 0.017840
1 0.970625 0.664474 0.036250 0.029418
0 0.812500 0.615023 0.022500 0.031925
0 0.678119 0.619718 0.046238 0.016901
0 0.943750 0.593897 0.020000 0.014085
0 0.965625 0.456338 0.021250 0.016901
0 0.950000 0.559624 0.025000 0.016901
0 0.960000 0.490610 0.027500 0.019718
0 0.543125 0.710329 0.041250 0.027230
0 0.597500 0.676451 0.040000 0.025202
1 0.960831 0.702817 0.034162 0.029108
0 0.935000 0.700939 0.010000 0.004695
0 0.318756 0.597775 0.007513 0.010573
0 0.207613 0.351671 0.017725 0.019775
0 0.241725 0.322676 0.010950 0.016244
0 0.972575 0.441488 0.055150 0.030394
0 0.993269 0.518502 0.014038 0.022920
0 0.736481 0.570488 0.040462 0.031117
0 0.686394 0.699854 0.057787 0.015671
0 0.025156 0.791108 0.050313 0.051700
1 0.054113 0.773620 0.108225 0.136911
0 0.154062 0.647887 0.013125 0.011268
0 0.016469 0.252338 0.032938 0.029559
