1 0.581337 0.291393 0.322675 0.220869
0 0.787500 0.386753 0.132500 0.055588
0 0.233750 0.491721 0.077500 0.040804
0 0.220625 0.600532 0.088750 0.039622
0 0.870000 0.179184 0.140000 0.082791
0 0.255625 0.756062 0.051250 0.025429
0 0.900000 0.454465 0.065000 0.037256
0 0.200625 0.557658 0.098750 0.048492
0 0.274375 0.575991 0.066250 0.030751
0 0.802500 0.344766 0.067500 0.030751
0 0.975000 0.609698 0.040000 0.035482
0 0.968125 0.579539 0.053750 0.033116
0 0.260625 0.178001 0.036250 0.017741
0 0.225625 0.235364 0.048750 0.017741
0 0.189375 0.292726 0.013750 0.010645
0 0.491875 0.299527 0.018750 0.012419
0 0.921875 0.287700 0.046250 0.024246
0 0.864375 0.223241 0.031250 0.015967
0 0.186875 0.505618 0.036250 0.016558
0 0.144375 0.526907 0.031250 0.030751
0 0.222500 0.331736 0.050000 0.020065
0 0.624375 0.499704 0.016250 0.011827
0 0.439375 0.618273 0.023750 0.010053
0 0.945000 0.578356 0.037500 0.027203
0 0.990625 0.439976 0.013750 0.014193
0 0.790000 0.665869 0.022500 0.007079
0 0.284375 0.723536 0.038750 0.019515
0 0.145625 0.833235 0.023750 0.011827
0 0.305000 0.665367 0.030000 0.010804
0 0.910000 0.714370 0.017500 0.005914
1 0.679894 0.190730 0.134788 0.040834
1 0.622806 0.428915 0.115612 0.040562
1 0.532012 0.528646 0.294025 0.211638
1 0.442106 0.630810 0.121713 0.035127
1 0.490150 0.394775 0.140300 0.042064
