1 0.845000 0.549379 0.310000 0.162034
0 0.719375 0.643998 0.126250 0.066233
0 0.536875 0.375222 0.091250 0.039622
0 0.307500 0.361325 0.090000 0.044944
0 0.568750 0.691898 0.082500 0.033116
0 0.399375 0.355115 0.108750 0.050266
0 0.356250 0.388527 0.070000 0.033116
0 0.806250 0.653755 0.070000 0.033708
0 0.236250 0.716736 0.077500 0.021289
0 0.299375 0.715257 0.073750 0.027794
0 0.959375 0.367830 0.023750 0.007096
0 0.923750 0.510349 0.027500 0.009462
0 0.918125 0.713779 0.053750 0.023655
0 0.510000 0.352158 0.037500 0.018332
0 0.468750 0.330278 0.067500 0.017150
0 0.874375 0.380840 0.046250 0.024837
0 0.491875 0.558841 0.026250 0.008279
0 0.255000 0.463040 0.022500 0.011827
0 0.303750 0.704613 0.060000 0.019515
0 0.593125 0.735955 0.031250 0.007688
0 0.130625 0.625370 0.016250 0.011236
0 0.044375 0.382910 0.043750 0.019515
0 0.165000 0.396511 0.025000 0.014784
0 0.019375 0.678593 0.013750 0.008870
1 0.641875 0.562685 0.093750 0.057363
1 0.437500 0.513601 0.467500 0.153164
1 0.228750 0.463927 0.082500 0.059728
1 0.721875 0.502957 0.098750 0.069190
