0 0.663750 0.543192 0.167500 0.124883
0 0.376250 0.747418 0.087500 0.075117
0 0.268125 0.818310 0.083750 0.057277
0 0.445625 0.806573 0.116250 0.105164
0 0.846875 0.115962 0.056250 0.044131
0 0.181250 0.406573 0.045000 0.033803
0 0.446250 0.376995 0.062500 0.106103
0 0.810000 0.010329 0.055000 0.020657
0 0.493125 0.400939 0.033750 0.078873
1 0.928125 0.713146 0.143750 0.378404
0 0.243750 0.292488 0.037500 0.025352
0 0.228125 0.207981 0.031250 0.036620
0 0.243750 0.452113 0.037500 0.029108
0 0.524375 0.455869 0.016250 0.015962
0 0.002500 0.493897 0.005000 0.013146
0 0.010000 0.563850 0.010000 0.014085
0 0.015000 0.605164 0.010000 0.012207
0 0.351875 0.639906 0.011250 0.010329
0 0.301875 0.614554 0.011250 0.010329
0 0.336875 0.648357 0.011250 0.006573
0 0.336250 0.643192 0.010000 0.005634
0 0.953750 0.296714 0.020000 0.015023
