0 0.657500 0.553521 0.155000 0.115493
0 0.347500 0.738498 0.080000 0.070423
0 0.231250 0.801878 0.077500 0.052582
0 0.410000 0.801408 0.105000 0.098592
0 0.889375 0.139906 0.051250 0.041315
0 0.193125 0.385446 0.041250 0.030986
0 0.460625 0.373709 0.051250 0.103286
0 0.867500 0.020657 0.050000 0.041315
0 0.503750 0.400469 0.025000 0.077934
1 0.925625 0.741784 0.148750 0.369953
0 0.268750 0.276526 0.035000 0.023474
0 0.262500 0.191080 0.027500 0.034742
0 0.250000 0.435211 0.035000 0.027230
0 0.528750 0.457277 0.015000 0.015023
0 0.004031 0.462188 0.008063 0.013577
0 0.004587 0.531254 0.009175 0.012742
0 0.004450 0.572568 0.008900 0.010864
0 0.335225 0.629019 0.010450 0.009211
0 0.288575 0.601155 0.009650 0.009822
0 0.319281 0.636671 0.011062 0.005737
0 0.319825 0.631601 0.009650 0.004986
0 0.975588 0.327418 0.018675 0.014460
