1 0.230000 0.806935 0.240000 0.189316
0 0.932500 0.783505 0.132500 0.151828
0 0.829375 0.343486 0.196250 0.115276
0 0.585625 0.766635 0.071250 0.052484
0 0.291875 0.159325 0.128750 0.071228
0 0.890000 0.114808 0.107500 0.094658
0 0.476875 0.153702 0.078750 0.065604
0 0.589375 0.695876 0.073750 0.053421
0 0.661250 0.368440 0.102500 0.075211
0 0.441875 0.414714 0.058750 0.074039
0 0.564375 0.172446 0.061250 0.063730
1 0.402500 0.374883 0.135000 0.211809
0 0.280625 0.702437 0.066250 0.066542
0 0.477500 0.309278 0.040000 0.067479
0 0.058750 0.117619 0.042500 0.023430
0 0.665625 0.835052 0.148750 0.071228
0 0.705625 0.629803 0.053750 0.048735
0 0.705000 0.262887 0.147500 0.045923
0 0.656875 0.555295 0.098750 0.057170
0 0.059169 0.601082 0.100837 0.049400
1 0.976250 0.406865 0.047500 0.129569
0 0.754375 0.757263 0.118750 0.082474
0 0.679375 0.618557 0.103750 0.078725
0 0.741250 0.893158 0.160000 0.054358
0 0.721250 0.401125 0.105000 0.058107
0 0.973750 0.243674 0.052500 0.151828
0 0.729375 0.451265 0.101250 0.055295
0 0.434375 0.312090 0.016250 0.020619
0 0.829375 0.539363 0.028750 0.017807
0 0.758337 0.688636 0.109175 0.052062
0 0.732944 0.502559 0.103387 0.049166
0 0.535131 0.546635 0.022763 0.017357
0 0.498537 0.463472 0.052075 0.038472
0 0.658331 0.336500 0.104162 0.076935
0 0.061338 0.572170 0.107675 0.044058
0 0.468319 0.595178 0.031637 0.015098
