1 0.244375 0.813964 0.248750 0.195876
0 0.937500 0.771321 0.125000 0.155576
0 0.821875 0.335520 0.201250 0.119963
0 0.598125 0.764761 0.073750 0.054358
0 0.276250 0.164948 0.132500 0.074977
0 0.871875 0.104967 0.111250 0.097470
0 0.460625 0.154639 0.081250 0.067479
0 0.599375 0.694002 0.076250 0.055295
0 0.655625 0.364105 0.106250 0.077788
0 0.438750 0.416589 0.062500 0.075914
0 0.549375 0.171509 0.063750 0.065604
1 0.397500 0.377694 0.145000 0.215558
0 0.290625 0.708060 0.068750 0.068416
0 0.468750 0.310684 0.042500 0.068416
0 0.041875 0.129335 0.043750 0.024367
0 0.681250 0.830366 0.152500 0.074977
0 0.711875 0.624649 0.056250 0.049672
0 0.693750 0.258201 0.150000 0.049672
0 0.659375 0.551078 0.101250 0.059981
0 0.064375 0.612933 0.103750 0.052484
1 0.971875 0.395033 0.053750 0.130272
0 0.766250 0.750234 0.122500 0.085286
0 0.685000 0.614339 0.107500 0.081537
0 0.760000 0.886598 0.162500 0.058107
0 0.716250 0.395970 0.107500 0.060918
0 0.961250 0.231959 0.060000 0.152765
0 0.726875 0.445173 0.103750 0.058107
0 0.426250 0.313964 0.017500 0.020619
0 0.831250 0.531396 0.030000 0.018744
0 0.766875 0.681818 0.111250 0.055295
0 0.733125 0.497188 0.106250 0.051546
0 0.538125 0.545455 0.023750 0.018744
0 0.496875 0.463918 0.053750 0.039363
0 0.651250 0.332240 0.107500 0.079663
0 0.065000 0.583880 0.110000 0.046860
0 0.472500 0.596532 0.032500 0.015933
