1 0.811250 0.216026 0.265000 0.207123
0 0.110000 0.184630 0.152500 0.161200
0 0.150625 0.630272 0.211250 0.130272
0 0.451875 0.228679 0.078750 0.058107
0 0.660000 0.855670 0.137500 0.080600
0 0.058750 0.852390 0.117500 0.102156
0 0.475000 0.846298 0.087500 0.071228
0 0.438125 0.298500 0.081250 0.059044
0 0.321250 0.618557 0.112500 0.082474
0 0.545625 0.589972 0.068750 0.077788
0 0.390000 0.820525 0.070000 0.068416
1 0.579375 0.632615 0.163750 0.221181
0 0.746250 0.315839 0.075000 0.071228
0 0.495625 0.692127 0.048750 0.070291
0 0.886250 0.914714 0.045000 0.026242
0 0.382500 0.153702 0.157500 0.082474
0 0.313750 0.355201 0.060000 0.052484
0 0.263750 0.720244 0.152500 0.057170
0 0.351875 0.432521 0.106250 0.064667
0 0.949375 0.433458 0.101250 0.057170
1 0.022500 0.554358 0.045000 0.132146
0 0.283750 0.224461 0.130000 0.090909
0 0.338125 0.368322 0.113750 0.086223
0 0.315625 0.090440 0.166250 0.066542
0 0.266250 0.581068 0.112500 0.065604
0 0.015000 0.717901 0.030000 0.155576
0 0.265625 0.530928 0.108750 0.062793
0 0.539375 0.692127 0.018750 0.021556
0 0.178125 0.435333 0.031250 0.019681
0 0.270000 0.292877 0.115000 0.060918
0 0.268750 0.478913 0.110000 0.056232
0 0.471250 0.451265 0.025000 0.019681
0 0.497500 0.536551 0.057500 0.042174
0 0.320625 0.651359 0.113750 0.084349
0 0.945000 0.462043 0.110000 0.052484
0 0.545625 0.407216 0.033750 0.017807
