0 0.475625 0.508435 0.096250 0.081537
0 0.396250 0.482193 0.060000 0.053421
0 0.171250 0.603561 0.050000 0.035614
0 0.764375 0.623243 0.038750 0.052484
0 0.200625 0.794283 0.046250 0.032802
0 0.876875 0.521087 0.033750 0.048735
0 0.286875 0.301781 0.038750 0.029991
0 0.295000 0.149485 0.035000 0.032802
0 0.246250 0.166354 0.017500 0.014058
0 0.226875 0.305530 0.028750 0.041237
0 0.344375 0.270853 0.018750 0.016870
0 0.496875 0.156045 0.033750 0.032802
0 0.422500 0.253515 0.042500 0.021556
0 0.416875 0.151828 0.031250 0.039363
0 0.596250 0.209934 0.027500 0.018744
0 0.661250 0.279288 0.035000 0.031865
0 0.621875 0.185098 0.023750 0.023430
0 0.663750 0.231490 0.035000 0.033739
0 0.540000 0.204311 0.012500 0.016870
0 0.463125 0.298969 0.021250 0.018744
0 0.589375 0.331303 0.036250 0.034677
0 0.553125 0.208529 0.011250 0.017807
0 0.401250 0.214152 0.010000 0.017807
0 0.692500 0.307873 0.055000 0.023430
0 0.315000 0.440019 0.032500 0.023430
0 0.256250 0.364105 0.017500 0.019681
0 0.246875 0.633083 0.028750 0.017807
0 0.280000 0.513121 0.025000 0.038425
0 0.298125 0.344892 0.026250 0.033739
0 0.288125 0.574039 0.026250 0.044049
0 0.261875 0.619025 0.036250 0.019681
0 0.239375 0.364105 0.018750 0.014058
0 0.235625 0.614808 0.023750 0.016870
0 0.265000 0.470009 0.017500 0.017807
0 0.237500 0.376289 0.020000 0.014058
0 0.220625 0.385661 0.013750 0.010309
0 0.274375 0.485942 0.026250 0.015933
0 0.224375 0.595127 0.016250 0.014995
0 0.270625 0.477976 0.018750 0.013121
0 0.284375 0.335052 0.018750 0.025305
0 0.626875 0.353796 0.041250 0.034677
0 0.605625 0.618557 0.038750 0.029991
0 0.651875 0.476570 0.033750 0.038425
0 0.606875 0.537020 0.053750 0.022493
0 0.545625 0.579194 0.021250 0.046860
0 0.464375 0.558575 0.021250 0.018744
0 0.664375 0.428304 0.016250 0.013121
0 0.646875 0.648547 0.033750 0.028116
0 0.869375 0.412840 0.026250 0.029053
0 0.833125 0.388004 0.023750 0.026242
0 0.810000 0.668229 0.025000 0.035614
0 0.865625 0.527179 0.013750 0.015933
0 0.253125 0.719775 0.026250 0.043112
0 0.096875 0.676664 0.021250 0.014995
0 0.076875 0.671509 0.023750 0.025305
0 0.106875 0.842081 0.021250 0.040300
0 0.238750 0.777882 0.020000 0.046860
0 0.597500 0.731959 0.032500 0.024367
0 0.633125 0.827085 0.036250 0.027179
0 0.797500 0.870665 0.055000 0.026242
0 0.924375 0.776476 0.023750 0.038425
0 0.345625 0.446579 0.018750 0.019681
0 0.353750 0.441893 0.012500 0.014058
0 0.280000 0.515464 0.010000 0.009372
0 0.242500 0.595595 0.022500 0.025305
0 0.263750 0.591378 0.025000 0.029991
0 0.244375 0.595127 0.011250 0.011246
0 0.245000 0.634021 0.007500 0.006560
0 0.253125 0.716495 0.008750 0.008435
0 0.236250 0.785380 0.012500 0.011246
0 0.540000 0.570759 0.010000 0.009372
0 0.778750 0.625117 0.007500 0.013121
0 0.393750 0.211340 0.010000 0.008435
0 0.473125 0.301312 0.016250 0.014058
