1 0.405625 0.234770 0.336250 0.235239
0 0.576250 0.186973 0.075000 0.079663
0 0.638125 0.813964 0.091250 0.070291
0 0.204375 0.419400 0.071250 0.055295
0 0.075000 0.640581 0.060000 0.051546
0 0.850625 0.778351 0.083750 0.070291
0 0.806250 0.373477 0.070000 0.053421
0 0.050000 0.668229 0.050000 0.048735
0 0.509375 0.849578 0.068750 0.055295
0 0.392500 0.288191 0.072500 0.049672
0 0.257500 0.350984 0.072500 0.057170
0 0.583125 0.482662 0.071250 0.054358
0 0.425000 0.807404 0.067500 0.053421
0 0.008750 0.440019 0.017500 0.059044
0 0.935625 0.298500 0.051250 0.038425
0 0.883750 0.423149 0.080000 0.047798
0 0.350625 0.202905 0.071250 0.055295
0 0.591250 0.517807 0.057500 0.034677
0 0.890625 0.461575 0.063750 0.051546
0 0.933125 0.656514 0.058750 0.044049
0 0.806250 0.700094 0.047500 0.039363
0 0.605625 0.636832 0.056250 0.032802
0 0.579375 0.811153 0.086250 0.049672
0 0.415000 0.750703 0.067500 0.048735
0 0.725625 0.377226 0.033750 0.025305
0 0.756250 0.391284 0.032500 0.025305
0 0.757500 0.595595 0.037500 0.044049
0 0.935625 0.579663 0.038750 0.032802
0 0.521875 0.414246 0.026250 0.026242
0 0.391875 0.495314 0.028750 0.021556
0 0.392500 0.463918 0.025000 0.026242
0 0.500625 0.431115 0.026250 0.028116
0 0.777500 0.837863 0.035000 0.020619
0 0.463125 0.772727 0.051250 0.030928
0 0.194375 0.527648 0.023750 0.016870
0 0.351250 0.873946 0.032500 0.023430
0 0.112500 0.916589 0.022500 0.016870
0 0.245625 0.658388 0.023750 0.017807
0 0.345625 0.845829 0.031250 0.021556
0 0.311875 0.880975 0.046250 0.031865
0 0.314375 0.873477 0.023750 0.013121
0 0.594375 0.866448 0.041250 0.008435
0 0.129375 0.848641 0.046250 0.030928
1 0.405625 0.234770 0.336250 0.235239
0 0.576250 0.186973 0.075000 0.079663
0 0.638125 0.813964 0.091250 0.070291
0 0.204375 0.419400 0.071250 0.055295
0 0.075000 0.640581 0.060000 0.051546
0 0.850625 0.778351 0.083750 0.070291
0 0.806250 0.373477 0.070000 0.053421
0 0.050000 0.668229 0.050000 0.048735
0 0.509375 0.849578 0.068750 0.055295
0 0.392500 0.288191 0.072500 0.049672
0 0.257500 0.350984 0.072500 0.057170
0 0.583125 0.482662 0.071250 0.054358
0 0.425000 0.807404 0.067500 0.053421
0 0.008750 0.440019 0.017500 0.059044
0 0.935625 0.298500 0.051250 0.038425
0 0.883750 0.423149 0.080000 0.047798
0 0.350625 0.202905 0.071250 0.055295
0 0.591250 0.517807 0.057500 0.034677
0 0.890625 0.461575 0.063750 0.051546
0 0.933125 0.656514 0.058750 0.044049
0 0.806250 0.700094 0.047500 0.039363
0 0.605625 0.636832 0.056250 0.032802
0 0.579375 0.811153 0.086250 0.049672
0 0.415000 0.750703 0.067500 0.048735
0 0.725625 0.377226 0.033750 0.025305
0 0.756250 0.391284 0.032500 0.025305
0 0.757500 0.595595 0.037500 0.044049
0 0.935625 0.579663 0.038750 0.032802
0 0.521875 0.414246 0.026250 0.026242
0 0.391875 0.495314 0.028750 0.021556
0 0.392500 0.463918 0.025000 0.026242
0 0.500625 0.431115 0.026250 0.028116
0 0.777500 0.837863 0.035000 0.020619
0 0.463125 0.772727 0.051250 0.030928
0 0.194375 0.527648 0.023750 0.016870
0 0.351250 0.873946 0.032500 0.023430
0 0.112500 0.916589 0.022500 0.016870
0 0.245625 0.658388 0.023750 0.017807
0 0.345625 0.845829 0.031250 0.021556
0 0.311875 0.880975 0.046250 0.031865
0 0.314375 0.873477 0.023750 0.013121
0 0.594375 0.866448 0.041250 0.008435
0 0.129375 0.848641 0.046250 0.030928
