0 0.573125 0.207591 0.076250 0.059044
1 0.790625 0.355670 0.418750 0.360825
0 0.833125 0.277882 0.043750 0.038425
0 0.555000 0.262887 0.137500 0.109653
0 0.586875 0.528116 0.028750 0.047798
0 0.070625 0.830366 0.023750 0.022493
0 0.058750 0.820993 0.012500 0.011246
0 0.021250 0.766635 0.020000 0.018744
0 0.173125 0.830366 0.018750 0.016870
0 0.050000 0.869260 0.025000 0.012184
0 0.190000 0.748360 0.022500 0.012184
0 0.141875 0.562324 0.038750 0.022493
0 0.175625 0.602624 0.026250 0.016870
0 0.177500 0.567948 0.022500 0.014995
0 0.127500 0.529053 0.037500 0.032802
0 0.130000 0.537957 0.022500 0.018744
0 0.208750 0.428772 0.020000 0.012184
0 0.200000 0.579194 0.012500 0.013121
0 0.204375 0.240862 0.023750 0.014995
0 0.073750 0.222587 0.025000 0.015933
0 0.588750 0.694470 0.030000 0.024367
0 0.633125 0.721649 0.026250 0.024367
0 0.643125 0.774602 0.033750 0.030928
0 0.624375 0.768041 0.018750 0.019681
0 0.618750 0.708997 0.020000 0.015933
0 0.568750 0.718369 0.010000 0.008435
0 0.716875 0.459700 0.031250 0.023430
0 0.368125 0.552952 0.008750 0.007498
0 0.630625 0.163543 0.026250 0.019681
0 0.563750 0.247891 0.022500 0.019681
0 0.748750 0.546860 0.030000 0.021556
0 0.764375 0.531865 0.021250 0.015933
0 0.721875 0.551078 0.026250 0.018744
0 0.918750 0.484536 0.025000 0.020619
0 0.765625 0.212746 0.026250 0.018744
0 0.726875 0.350984 0.031250 0.023430
0 0.085000 0.791003 0.007500 0.007498
0 0.076250 0.795220 0.007500 0.006560
0 0.073750 0.801781 0.007500 0.006560
0 0.077500 0.806467 0.007500 0.006560
0 0.084375 0.810216 0.008750 0.006560
0 0.437500 0.277413 0.012500 0.009372
0 0.618125 0.203843 0.036250 0.032802
0 0.752500 0.187910 0.017500 0.012184
0 0.624375 0.432990 0.011250 0.007498
1 0.956250 0.188847 0.087500 0.045923
1 0.761250 0.657919 0.477500 0.356139
1 0.738125 0.825679 0.466250 0.099344
0 0.136250 0.574508 0.012500 0.009372
