0 0.890625 0.554358 0.078750 0.057170
1 0.691875 0.750150 0.481250 0.377526
0 0.796875 0.749297 0.051250 0.032802
0 0.816875 0.540769 0.146250 0.103093
0 0.463125 0.564667 0.063750 0.021556
0 0.060000 0.177601 0.030000 0.017807
0 0.072500 0.168697 0.015000 0.009372
0 0.145000 0.140581 0.025000 0.014995
0 0.060000 0.254452 0.022500 0.014058
0 0.008125 0.162137 0.016250 0.018744
0 0.169375 0.267104 0.016250 0.016870
0 0.417500 0.231959 0.030000 0.029053
0 0.363750 0.256326 0.022500 0.019681
0 0.410000 0.257732 0.020000 0.016870
0 0.461875 0.220244 0.043750 0.028116
0 0.449825 0.223055 0.024650 0.016870
0 0.595625 0.281162 0.016250 0.014995
0 0.395000 0.274602 0.017500 0.009372
0 0.846250 0.277882 0.020000 0.017807
0 0.870625 0.179944 0.021250 0.018744
0 0.741250 0.085754 0.010000 0.008435
0 0.241250 0.566073 0.032500 0.022493
0 0.205000 0.599344 0.032500 0.019681
0 0.134375 0.606842 0.041250 0.025305
0 0.143125 0.592784 0.026250 0.014058
0 0.221875 0.588566 0.021250 0.014995
0 0.209375 0.551078 0.011250 0.007498
0 0.554375 0.662001 0.031250 0.023158
0 0.430000 0.400656 0.010000 0.006560
0 0.949375 0.597470 0.026250 0.019681
0 0.836875 0.547329 0.026250 0.016870
0 0.438125 0.686036 0.028750 0.022493
0 0.458125 0.697751 0.021250 0.015933
0 0.432500 0.665928 0.025000 0.019766
0 0.521250 0.813496 0.027500 0.018744
0 0.883750 0.698688 0.025000 0.019681
0 0.699375 0.669625 0.031250 0.023411
0 0.112263 0.188280 0.009525 0.005426
0 0.105819 0.181720 0.009137 0.005426
0 0.098038 0.179775 0.008575 0.005286
0 0.091975 0.182587 0.008950 0.005286
0 0.086594 0.187844 0.008188 0.006429
0 0.796306 0.452446 0.012613 0.008922
0 0.895400 0.588243 0.043300 0.027470
0 0.916631 0.689602 0.015762 0.012755
0 0.589019 0.592779 0.010537 0.008425
1 0.914663 0.850947 0.061825 0.082399
1 0.288869 0.705708 0.475237 0.376739
1 0.066306 0.677948 0.132612 0.349335
0 0.400294 0.226917 0.013088 0.009597
