1 0.232500 0.296714 0.332500 0.212207
1 0.443750 0.353521 0.305000 0.222535
0 0.684375 0.703756 0.096250 0.070423
0 0.652500 0.238028 0.070000 0.064789
0 0.731875 0.627230 0.086250 0.052582
0 0.645000 0.473709 0.082500 0.040376
0 0.496875 0.677465 0.073750 0.047887
1 0.190625 0.360563 0.203750 0.148357
0 0.431875 0.607042 0.106250 0.051643
1 0.375625 0.445070 0.141250 0.093897
0 0.730625 0.371362 0.276250 0.077934
0 0.677500 0.740845 0.092500 0.046948
0 0.680000 0.304225 0.087500 0.033803
0 0.452500 0.462911 0.070000 0.046948
0 0.754375 0.730516 0.088750 0.052582
0 0.681250 0.401878 0.097500 0.030047
0 0.730625 0.878873 0.083750 0.054460
0 0.394375 0.680282 0.083750 0.047887
0 0.759375 0.425352 0.143750 0.035681
0 0.993750 0.260563 0.012500 0.017840
0 0.938125 0.494836 0.026250 0.020657
0 0.925000 0.476056 0.017500 0.016901
0 0.824375 0.791549 0.038750 0.022535
0 0.845000 0.761033 0.030000 0.017840
0 0.846875 0.748826 0.013750 0.010329
0 0.701250 0.816432 0.010000 0.006573
0 0.451250 0.403756 0.037500 0.028169
0 0.461875 0.377934 0.021250 0.017840
0 0.448750 0.424413 0.025000 0.016901
0 0.596875 0.529108 0.068750 0.023474
0 0.403750 0.447887 0.027500 0.016901
0 0.553750 0.756808 0.035000 0.028169
0 0.449375 0.655399 0.041250 0.033803
0 0.528750 0.799061 0.047500 0.024413
0 0.527500 0.759624 0.030000 0.026291
0 0.476875 0.713146 0.023750 0.015962
0 0.421875 0.661033 0.026250 0.018779
0 0.497500 0.815962 0.012500 0.009390
0 0.386875 0.769484 0.018750 0.010329
0 0.398750 0.772770 0.015000 0.007512
0 0.431875 0.860563 0.036250 0.023474
0 0.153125 0.397653 0.023750 0.015962
0 0.116250 0.817840 0.030000 0.026291
0 0.180000 0.837089 0.042500 0.019718
0 0.223125 0.742723 0.016250 0.009390
0 0.843125 0.348826 0.271250 0.059155
0 0.928750 0.346948 0.032500 0.010329
0 0.762500 0.732864 0.022500 0.015962
0 0.733750 0.740376 0.017500 0.010329
0 0.671875 0.724883 0.016250 0.011268
0 0.598750 0.871831 0.020000 0.006573
0 0.804375 0.820188 0.008750 0.004695
0 0.207500 0.615023 0.025000 0.013146
0 0.136875 0.407512 0.023750 0.007512
1 0.167500 0.380751 0.077500 0.051643
1 0.273750 0.289202 0.140000 0.101408
1 0.384375 0.467136 0.066250 0.036620
1 0.458750 0.430516 0.110000 0.047887
