0 0.881875 0.793346 0.071250 0.040300
0 0.868125 0.423618 0.048750 0.046860
0 0.280000 0.170572 0.055000 0.041237
0 0.401875 0.176664 0.078750 0.066542
0 0.113750 0.634958 0.062500 0.044049
0 0.121250 0.315370 0.067500 0.040300
0 0.485625 0.280694 0.063750 0.045923
0 0.426250 0.603561 0.052500 0.033739
0 0.251875 0.103093 0.046250 0.035614
0 0.440000 0.328491 0.045000 0.038425
1 0.668750 0.657919 0.085000 0.065604
0 0.217500 0.058107 0.047500 0.035614
0 0.646250 0.507966 0.040000 0.054358
0 0.636250 0.409560 0.042500 0.071228
1 0.968125 0.577320 0.056250 0.056232
0 0.100625 0.015464 0.051250 0.030928
0 0.705625 0.784911 0.018750 0.019681
0 0.646875 0.755858 0.031250 0.017807
0 0.688125 0.795689 0.023750 0.035614
0 0.965000 0.731022 0.017500 0.046860
0 0.567500 0.705717 0.032500 0.018744
0 0.109375 0.646673 0.058750 0.020619
0 0.966875 0.701968 0.013750 0.018744
0 0.516875 0.634489 0.033750 0.020619
0 0.376875 0.505623 0.041250 0.032802
0 0.506250 0.539831 0.035000 0.022493
0 0.441250 0.532334 0.027500 0.029991
0 0.412500 0.507029 0.027500 0.031865
0 0.281250 0.466261 0.042500 0.032802
0 0.253750 0.562793 0.025000 0.017807
0 0.017500 0.555764 0.035000 0.020619
0 0.258125 0.413777 0.046250 0.021556
0 0.224375 0.334583 0.041250 0.031865
0 0.096250 0.609185 0.012500 0.009372
0 0.387500 0.267573 0.042500 0.032802
0 0.303750 0.283037 0.030000 0.022493
0 0.974375 0.561856 0.026250 0.017807
0 0.252500 0.439550 0.040000 0.033739
0 0.156250 0.350515 0.040000 0.035614
0 0.067500 0.273664 0.042500 0.031865
0 0.723125 0.330366 0.016250 0.023430
