0 0.079375 0.238051 0.066250 0.035614
0 0.145000 0.604967 0.042500 0.044049
0 0.765000 0.810487 0.050000 0.037095
0 0.643125 0.813964 0.071250 0.060918
0 0.866250 0.335520 0.057500 0.039363
0 0.902500 0.654171 0.062500 0.035614
0 0.545625 0.716963 0.058750 0.041237
0 0.559375 0.391753 0.048750 0.029991
0 0.802500 0.875820 0.042500 0.032802
0 0.583750 0.666354 0.040000 0.035614
1 0.310000 0.356139 0.077500 0.059981
0 0.843125 0.917994 0.043750 0.032802
0 0.353750 0.504217 0.032500 0.052484
0 0.377263 0.600815 0.032025 0.069485
1 0.024375 0.460169 0.048750 0.052484
0 0.965625 0.955014 0.046250 0.037488
0 0.255625 0.233365 0.016250 0.018744
0 0.318125 0.257263 0.028750 0.015933
0 0.271875 0.220712 0.018750 0.034677
0 0.005788 0.307104 0.011575 0.046261
0 0.405000 0.300843 0.030000 0.016870
0 0.868125 0.323805 0.056250 0.015933
0 0.007894 0.335895 0.010788 0.017619
0 0.464375 0.367854 0.031250 0.017807
0 0.622500 0.484536 0.037500 0.029991
0 0.488750 0.460637 0.032500 0.019681
0 0.554375 0.462980 0.023750 0.028116
0 0.586875 0.486410 0.023750 0.029991
0 0.723125 0.516401 0.038750 0.029991
0 0.736250 0.418463 0.022500 0.015933
0 0.971875 0.406279 0.033750 0.017807
0 0.753125 0.566542 0.043750 0.017807
0 0.797500 0.643393 0.037500 0.029053
0 0.886875 0.360356 0.011250 0.008435
0 0.006875 0.874883 0.013750 0.015933
0 0.644375 0.722587 0.038750 0.029991
0 0.726250 0.700094 0.027500 0.020619
0 0.019537 0.475825 0.024075 0.016317
0 0.754387 0.541101 0.036275 0.030656
0 0.862806 0.622816 0.035612 0.032887
0 0.961956 0.691003 0.038912 0.028679
0 0.301600 0.686204 0.013200 0.022830
