0 0.920625 0.761949 0.066250 0.035614
0 0.855000 0.395033 0.042500 0.044049
0 0.235000 0.189316 0.050000 0.037488
0 0.356875 0.186036 0.071250 0.060918
0 0.133750 0.664480 0.057500 0.039363
0 0.097500 0.345829 0.062500 0.035614
0 0.454375 0.283037 0.058750 0.041237
0 0.440625 0.608247 0.048750 0.029991
0 0.197500 0.124180 0.042500 0.032802
0 0.416250 0.333646 0.040000 0.035614
1 0.690000 0.643861 0.077500 0.059981
0 0.156875 0.082006 0.043750 0.032802
0 0.646250 0.495783 0.032500 0.052484
0 0.623750 0.399250 0.032500 0.069353
1 0.975625 0.539831 0.048750 0.052484
0 0.034375 0.044986 0.046250 0.037488
0 0.744375 0.766635 0.016250 0.018744
0 0.681875 0.742737 0.028750 0.015933
0 0.728125 0.779288 0.018750 0.034677
0 0.994375 0.693065 0.011250 0.045923
0 0.595000 0.699157 0.030000 0.016870
0 0.131875 0.676195 0.056250 0.015933
0 0.991875 0.664011 0.011250 0.017807
0 0.535625 0.632146 0.031250 0.017807
0 0.377500 0.515464 0.037500 0.029991
0 0.511250 0.539363 0.032500 0.019681
0 0.445625 0.537020 0.023750 0.028116
0 0.413125 0.513590 0.023750 0.029991
0 0.276875 0.483599 0.038750 0.029991
0 0.263750 0.581537 0.022500 0.015933
0 0.028125 0.593721 0.033750 0.017807
0 0.246875 0.433458 0.043750 0.017807
0 0.202500 0.356607 0.037500 0.029053
0 0.113125 0.639644 0.011250 0.008435
0 0.993125 0.125117 0.013750 0.015933
0 0.355625 0.277413 0.038750 0.029991
0 0.273750 0.299906 0.027500 0.020619
0 0.980625 0.524367 0.023750 0.015933
0 0.245625 0.459700 0.036250 0.030928
0 0.137500 0.378163 0.035000 0.032802
0 0.038125 0.308810 0.038750 0.029053
0 0.698125 0.313964 0.013750 0.022493
