0 0.487500 0.587793 0.137500 0.075117
0 0.345625 0.707512 0.066250 0.049765
0 0.400000 0.661972 0.125000 0.041315
0 0.341875 0.580282 0.068750 0.028169
0 0.191250 0.764789 0.122500 0.076056
0 0.440625 0.601408 0.101250 0.066667
0 0.460000 0.500939 0.145000 0.070423
0 0.013125 0.767136 0.026250 0.045070
0 0.434375 0.442723 0.108750 0.047887
0 0.273125 0.198122 0.038750 0.031925
0 0.431250 0.412207 0.112500 0.054460
0 0.371250 0.512207 0.185000 0.051643
0 0.196250 0.710798 0.097500 0.030047
0 0.175625 0.686854 0.043750 0.032864
0 0.218750 0.680282 0.052500 0.038498
0 0.484375 0.547887 0.056250 0.023474
1 0.294375 0.684977 0.088750 0.066667
0 0.003125 0.816432 0.006250 0.021596
0 0.101250 0.631925 0.025000 0.011268
0 0.153750 0.631455 0.020000 0.010329
0 0.111250 0.608920 0.025000 0.014085
0 0.180000 0.608920 0.025000 0.014085
0 0.235625 0.495305 0.018750 0.008451
0 0.248750 0.611268 0.020000 0.011268
0 0.059375 0.542254 0.043750 0.015962
0 0.155000 0.623005 0.017500 0.008451
0 0.064375 0.505634 0.008750 0.006573
0 0.248125 0.203286 0.016250 0.017840
0 0.484375 0.692488 0.026250 0.014085
0 0.683125 0.629108 0.021250 0.009390
0 0.681875 0.407981 0.026250 0.019718
0 0.705000 0.393897 0.020000 0.017840
0 0.496875 0.466197 0.038750 0.017840
0 0.382500 0.538498 0.017500 0.010329
0 0.506875 0.546009 0.036250 0.025352
0 0.696875 0.525352 0.016250 0.010329
0 0.677500 0.525352 0.017500 0.012207
0 0.480625 0.546948 0.048750 0.021596
0 0.704375 0.513146 0.016250 0.010329
0 0.462500 0.470423 0.017500 0.011268
0 0.305000 0.619718 0.020000 0.013146
0 0.584375 0.504225 0.016250 0.013146
0 0.658125 0.611737 0.023750 0.017840
0 0.569375 0.560563 0.013750 0.011268
0 0.601875 0.392488 0.016250 0.013146
0 0.288125 0.616432 0.018750 0.012207
0 0.577500 0.537089 0.015000 0.009390
0 0.646875 0.603756 0.018750 0.013146
0 0.578125 0.514554 0.013750 0.011268
0 0.580000 0.548826 0.012500 0.010329
0 0.283125 0.608451 0.033750 0.016901
0 0.344375 0.447418 0.021250 0.015962
0 0.378125 0.337089 0.038750 0.030047
0 0.620000 0.238967 0.027500 0.023474
0 0.306250 0.248826 0.040000 0.028169
0 0.323125 0.273239 0.038750 0.026291
0 0.619375 0.342254 0.016250 0.012207
0 0.530625 0.319718 0.023750 0.012207
0 0.633125 0.261033 0.023750 0.013146
0 0.393125 0.366667 0.031250 0.017840
0 0.695000 0.371362 0.012500 0.008451
0 0.613125 0.215962 0.021250 0.015023
0 0.403125 0.359624 0.041250 0.026291
0 0.874375 0.814554 0.036250 0.029108
0 0.770625 0.867606 0.038750 0.016901
0 0.780625 0.629108 0.021250 0.016901
0 0.854375 0.567606 0.036250 0.027230
0 0.861875 0.613615 0.036250 0.025352
0 0.785000 0.523474 0.025000 0.017840
0 0.723750 0.509859 0.017500 0.009390
0 0.834375 0.447887 0.013750 0.011268
0 0.804375 0.345070 0.018750 0.012207
0 0.860625 0.284038 0.018750 0.014085
0 0.568125 0.515493 0.013750 0.011268
0 0.603750 0.384038 0.015000 0.005634
0 0.434375 0.384977 0.038750 0.009390
0 0.434375 0.354930 0.041250 0.033803
0 0.289375 0.669014 0.016250 0.008451
0 0.413750 0.722535 0.010000 0.008451
1 0.427500 0.727700 0.092500 0.069484
0 0.670625 0.864789 0.053750 0.022535
0 0.022500 0.873709 0.025000 0.004695
