1 0.501100 0.382268 0.582200 0.427142
0 0.370625 0.784911 0.113750 0.062793
0 0.111875 0.688847 0.078750 0.048735
0 0.831250 0.448922 0.052500 0.046860
0 0.808125 0.400187 0.041250 0.035614
0 0.881250 0.676195 0.042500 0.030928
0 0.176250 0.799438 0.047500 0.035614
0 0.501556 0.525773 0.133112 0.050609
0 0.196875 0.307404 0.043750 0.031865
0 0.080625 0.367854 0.071250 0.040300
0 0.425000 0.169166 0.040000 0.032802
0 0.027500 0.565136 0.052500 0.035614
0 0.813125 0.481724 0.041250 0.029991
0 0.711875 0.566542 0.043750 0.032802
0 0.251875 0.354264 0.051250 0.028116
0 0.328125 0.026710 0.046250 0.029053
0 0.803125 0.606373 0.036250 0.037488
1 0.918125 0.455155 0.163750 0.329241
0 0.380625 0.030459 0.023750 0.015933
0 0.342500 0.219306 0.020000 0.016870
0 0.838125 0.126054 0.033750 0.025305
0 0.875625 0.149485 0.021250 0.015933
0 0.009375 0.604030 0.018750 0.032802
0 0.007500 0.378163 0.015000 0.042174
0 0.471875 0.402062 0.021250 0.018744
0 0.661256 0.504217 0.022513 0.020619
0 0.566875 0.475164 0.028750 0.020619
0 0.777475 0.333172 0.009950 0.014049
0 0.587500 0.797095 0.017500 0.012184
0 0.856875 0.746954 0.036250 0.031865
0 0.957500 0.818182 0.027500 0.024367
0 0.827500 0.768510 0.032500 0.024367
0 0.772500 0.875820 0.020000 0.019681
0 0.091919 0.164508 0.051338 0.021612
0 0.196500 0.085773 0.048000 0.021593
0 0.959369 0.132765 0.008738 0.006860
0 0.980150 0.319775 0.040300 0.020993
0 0.996375 0.457976 0.007750 0.016232
0 0.987013 0.571073 0.026525 0.017498
0 0.240006 0.616856 0.022513 0.009719
0 0.584400 0.583749 0.023800 0.014733
