0 0.035897 0.175000 0.061538 0.085714
0 0.032051 0.350000 0.064103 0.114286
0 0.038462 0.464286 0.061538 0.071429
0 0.046154 0.791071 0.066667 0.075000
0 0.146154 0.666071 0.092308 0.110714
0 0.229487 0.301786 0.094872 0.103571
0 0.303846 0.080357 0.058974 0.060714
0 0.353846 0.141071 0.071795 0.067857
0 0.391026 0.232143 0.053846 0.100000
0 0.283333 0.567857 0.058974 0.057143
0 0.432051 0.475000 0.064103 0.071429
0 0.426923 0.819643 0.064103 0.075000
0 0.582051 0.696429 0.092308 0.100000
0 0.662821 0.448214 0.058974 0.096429
0 0.719231 0.233929 0.053846 0.075000
0 0.575641 0.083929 0.084615 0.067857
0 0.830769 0.155357 0.066667 0.075000
0 0.902564 0.025000 0.066667 0.050000
0 0.966667 0.305357 0.071795 0.110714
0 0.843590 0.367857 0.061538 0.057143
0 0.841026 0.592857 0.066667 0.078571
0 0.841026 0.810714 0.097436 0.107143
0 0.982051 0.683929 0.041026 0.089286
0 0.978205 0.478571 0.048718 0.114286
0 0.667949 0.907143 0.084615 0.050000
0 0.548718 0.301786 0.061538 0.075000
0 0.202564 0.921429 0.082051 0.014286
0 0.164103 0.016071 0.056410 0.032143
