0 0.369231 0.039286 0.082051 0.071429
0 0.635897 0.117857 0.076923 0.135714
0 0.794872 0.214286 0.046154 0.085714
0 0.753846 0.283929 0.051282 0.103571
0 0.688462 0.339286 0.074359 0.078571
0 0.444872 0.200000 0.043590 0.085714
0 0.516667 0.403571 0.053846 0.092857
0 0.269231 0.407143 0.056410 0.092857
0 0.362821 0.619643 0.074359 0.132143
0 0.543590 0.725000 0.071795 0.085714
0 0.700000 0.796429 0.056410 0.078571
0 0.802564 0.589286 0.051282 0.121429
0 0.758974 0.942857 0.056410 0.092857
0 0.606410 0.960714 0.043590 0.071429
0 0.444872 0.962500 0.058974 0.075000
0 0.288462 0.957143 0.079487 0.085714
0 0.214103 0.748214 0.038462 0.117857
0 0.646154 0.558929 0.056410 0.089286
0 0.188462 0.100000 0.012821 0.114286
0 0.835897 0.025000 0.025641 0.050000
