0 0.662821 0.939286 0.084615 0.085714
0 0.394872 0.901786 0.087179 0.146429
0 0.230769 0.830357 0.051282 0.089286
0 0.265385 0.753571 0.058974 0.107143
0 0.324359 0.691071 0.079487 0.089286
0 0.578205 0.791071 0.048718 0.089286
0 0.493590 0.600000 0.058974 0.100000
0 0.735897 0.560714 0.061538 0.100000
0 0.626923 0.360714 0.084615 0.142857
0 0.441026 0.283929 0.076923 0.096429
0 0.282051 0.235714 0.061538 0.085714
0 0.193590 0.455357 0.058974 0.125000
0 0.207692 0.098214 0.061538 0.096429
0 0.358974 0.057143 0.046154 0.071429
0 0.516667 0.033929 0.064103 0.067857
0 0.675641 0.030357 0.084615 0.060714
0 0.766667 0.216071 0.046154 0.125000
0 0.351282 0.462500 0.061538 0.096429
0 0.841026 0.853571 0.020513 0.114286
