1 0.634375 0.524413 0.238750 0.241315
0 0.860000 0.178404 0.085000 0.060094
0 0.698750 0.185915 0.090000 0.067606
0 0.276875 0.293897 0.086250 0.076995
0 0.439375 0.264319 0.051250 0.077934
1 0.348125 0.756338 0.103750 0.085446
0 0.240625 0.323474 0.076250 0.044131
0 0.436875 0.343662 0.053750 0.048826
0 0.376875 0.492019 0.051250 0.033803
1 0.350000 0.643662 0.052500 0.044131
1 0.272500 0.812207 0.212500 0.110798
0 0.633750 0.346009 0.055000 0.029108
0 0.662500 0.312676 0.062500 0.039437
1 0.473750 0.523944 0.130000 0.199061
1 0.463125 0.467606 0.128750 0.095775
0 0.381250 0.330516 0.082500 0.031925
1 0.268125 0.676056 0.051250 0.043192
0 0.807500 0.311268 0.062500 0.027230
1 0.561875 0.480282 0.143750 0.164319
0 0.697500 0.327230 0.060000 0.053521
0 0.928125 0.383568 0.023750 0.030986
0 0.837500 0.332864 0.020000 0.030986
0 0.778750 0.286854 0.052500 0.027230
0 0.824375 0.421127 0.018750 0.030986
0 0.901250 0.431455 0.022500 0.019718
0 0.948750 0.433803 0.022500 0.009390
0 0.768750 0.430516 0.017500 0.014085
0 0.826250 0.461033 0.017500 0.015023
0 0.757500 0.417840 0.025000 0.009390
0 0.816875 0.853521 0.038750 0.026291
0 0.724375 0.875117 0.018750 0.011268
0 0.598750 0.361972 0.050000 0.021596
0 0.574375 0.259155 0.013750 0.009390
0 0.482500 0.241315 0.020000 0.018779
0 0.319375 0.318779 0.021250 0.017840
0 0.728750 0.300000 0.015000 0.012207
0 0.495625 0.139906 0.028750 0.013146
0 0.598125 0.347887 0.051250 0.023474
0 0.412500 0.522535 0.032500 0.023474
0 0.296875 0.715023 0.036250 0.034742
0 0.401875 0.621596 0.041250 0.037559
0 0.338125 0.763850 0.018750 0.008451
0 0.613750 0.765728 0.017500 0.012207
0 0.124375 0.334272 0.021250 0.016901
0 0.173750 0.454930 0.030000 0.012207
0 0.255000 0.489671 0.027500 0.010329
0 0.231875 0.702347 0.038750 0.035681
0 0.866875 0.238498 0.036250 0.024413
0 0.852500 0.180751 0.015000 0.012207
0 0.939375 0.160094 0.031250 0.008451
0 0.901875 0.521127 0.011250 0.009390
0 0.836250 0.442254 0.025000 0.007512
0 0.713750 0.454930 0.015000 0.014085
0 0.735625 0.400939 0.026250 0.009390
0 0.733750 0.408451 0.022500 0.007512
0 0.685625 0.330516 0.013750 0.009390
0 0.635000 0.359155 0.030000 0.019718
0 0.611875 0.463850 0.016250 0.009390
0 0.533750 0.567606 0.012500 0.008451
0 0.356875 0.345070 0.068750 0.036620
0 0.278125 0.283099 0.021250 0.015962
0 0.272500 0.287793 0.020000 0.015962
0 0.285625 0.280282 0.006250 0.004695
0 0.440625 0.245540 0.016250 0.017840
0 0.280000 0.677465 0.010000 0.006573
0 0.336250 0.817371 0.012500 0.006573
0 0.285625 0.837089 0.021250 0.012207
