1 0.518125 0.397653 0.301250 0.156808
0 0.036250 0.264789 0.072500 0.058216
0 0.062500 0.384507 0.082500 0.061033
0 0.250000 0.688732 0.095000 0.057277
0 0.193750 0.570423 0.100000 0.030986
1 0.854731 0.587399 0.104462 0.070573
0 0.293125 0.712207 0.051250 0.053521
0 0.298750 0.563380 0.060000 0.035681
0 0.502500 0.593427 0.040000 0.035681
1 0.705625 0.597183 0.053750 0.035681
1 0.936250 0.637362 0.127500 0.149840
0 0.281894 0.416432 0.033787 0.038498
0 0.234375 0.398122 0.046250 0.043192
1 0.533750 0.517840 0.255000 0.077934
1 0.460625 0.531455 0.116250 0.088263
0 0.287869 0.606526 0.033238 0.060000
1 0.757569 0.654930 0.052637 0.034742
0 0.217500 0.290141 0.030000 0.045070
1 0.467500 0.456338 0.207500 0.092019
0 0.250581 0.370423 0.066162 0.040376
0 0.301250 0.192488 0.040000 0.015023
0 0.242500 0.265258 0.040000 0.012207
0 0.188125 0.314554 0.031250 0.037559
0 0.361250 0.265728 0.040000 0.011268
0 0.366875 0.207512 0.023750 0.015023
0 0.365181 0.172300 0.010362 0.015962
0 0.380000 0.306573 0.017500 0.012207
0 0.414375 0.261033 0.018750 0.011268
0 0.363750 0.316901 0.010000 0.017840
0 0.934375 0.226761 0.031250 0.027230
0 0.973125 0.292958 0.013750 0.013146
0 0.306769 0.441315 0.023537 0.035681
0 0.173125 0.469484 0.011250 0.009390
0 0.159375 0.539906 0.023750 0.013146
0 0.278750 0.653991 0.022500 0.014085
0 0.211250 0.350704 0.015000 0.010329
0 0.023750 0.540845 0.015000 0.020657
0 0.288125 0.442723 0.026250 0.036620
0 0.538125 0.563380 0.028750 0.022535
0 0.805000 0.629108 0.042500 0.024413
0 0.670700 0.561033 0.046400 0.027230
0 0.866250 0.593427 0.010000 0.013146
0 0.840000 0.387324 0.015000 0.012207
0 0.319375 0.798592 0.021250 0.014085
0 0.474375 0.748826 0.013750 0.021596
0 0.511875 0.684038 0.011250 0.019718
0 0.795625 0.679343 0.043750 0.025352
0 0.115888 0.253207 0.029275 0.025662
0 0.041219 0.270178 0.014937 0.010779
0 0.003519 0.208155 0.007037 0.023822
0 0.485475 0.198263 0.010950 0.007793
0 0.387400 0.254948 0.007300 0.017878
0 0.417431 0.344953 0.017362 0.010094
0 0.343937 0.335103 0.010375 0.018563
0 0.354900 0.335822 0.007300 0.016244
0 0.255644 0.379235 0.011287 0.009174
0 0.299081 0.414070 0.023163 0.020629
0 0.439537 0.419704 0.011575 0.011239
0 0.585969 0.467869 0.009437 0.008038
0 0.309944 0.623347 0.042387 0.048573
0 0.236000 0.688568 0.019500 0.013756
0 0.243813 0.691962 0.020125 0.013033
0 0.231031 0.683052 0.004562 0.004601
0 0.168556 0.571516 0.022113 0.010638
0 0.757375 0.645718 0.007250 0.006930
0 0.936031 0.589094 0.007063 0.008235
0 0.968331 0.625150 0.014162 0.014620
