0 0.368125 0.521667 0.083750 0.058333
0 0.396875 0.713750 0.111250 0.084167
0 0.633125 0.659583 0.106250 0.074167
0 0.642500 0.549167 0.092500 0.085000
0 0.855000 0.752083 0.112500 0.127500
0 0.236250 0.782917 0.102500 0.069167
0 0.228125 0.395833 0.098750 0.056667
0 0.356250 0.595000 0.097500 0.066667
0 0.256250 0.549167 0.100000 0.068333
0 0.656875 0.792917 0.128750 0.089167
0 0.258125 0.623333 0.056250 0.040000
0 0.416875 0.638750 0.076250 0.050833
0 0.071875 0.387083 0.068750 0.049167
1 0.659375 0.340417 0.146250 0.105833
0 0.038750 0.767083 0.077500 0.074167
1 0.721875 0.271250 0.086250 0.062500
1 0.456250 0.202917 0.265000 0.099167
0 0.048750 0.283750 0.042500 0.050833
1 0.155000 0.754583 0.152500 0.122500
1 0.619375 0.298333 0.141250 0.106667
1 0.633750 0.390833 0.145000 0.101667
0 0.621250 0.371667 0.035000 0.023333
0 0.695000 0.307500 0.027500 0.020000
0 0.627500 0.245417 0.025000 0.019167
0 0.593125 0.382500 0.033750 0.026667
0 0.668750 0.354167 0.020000 0.016667
0 0.861250 0.600417 0.030000 0.024167
0 0.929375 0.529583 0.023750 0.019167
0 0.337500 0.233333 0.057500 0.026667
0 0.566250 0.317500 0.017500 0.013333
