0 0.453750 0.414583 0.080000 0.050833
0 0.230625 0.122083 0.106250 0.072500
0 0.170625 0.453333 0.116250 0.066667
0 0.275625 0.604583 0.101250 0.064167
0 0.441250 0.599167 0.120000 0.053333
0 0.161250 0.761250 0.182500 0.062500
0 0.050000 0.354167 0.095000 0.061667
0 0.626875 0.308750 0.076250 0.060833
0 0.343125 0.414583 0.091250 0.059167
0 0.401875 0.342917 0.093750 0.060833
0 0.080000 0.634583 0.122500 0.077500
0 0.845625 0.948750 0.096250 0.062500
0 0.291250 0.352083 0.055000 0.034167
0 0.284375 0.459167 0.068750 0.046667
0 0.623750 0.204167 0.067500 0.041667
1 0.754600 0.588579 0.146700 0.087158
0 0.050000 0.157083 0.100000 0.175833
1 0.864375 0.623333 0.086250 0.051667
1 0.938750 0.440417 0.122500 0.169167
0 0.776250 0.175417 0.072500 0.029167
1 0.085000 0.297500 0.170000 0.090000
1 0.813750 0.557917 0.147500 0.084167
1 0.677500 0.577083 0.140000 0.087500
1 0.256875 0.909583 0.066250 0.062500
0 0.860000 0.085833 0.040000 0.023333
0 0.704375 0.566667 0.031250 0.021667
0 0.807500 0.609167 0.027500 0.016667
0 0.893125 0.557500 0.026250 0.015000
0 0.685000 0.549167 0.037500 0.020000
0 0.735625 0.596667 0.023750 0.011667
0 0.388125 0.749583 0.033750 0.017500
0 0.500625 0.787917 0.026250 0.014167
0 0.383750 0.867083 0.030000 0.014167
0 0.881481 0.363892 0.035463 0.036117
0 0.993613 0.118808 0.012225 0.070950
0 0.779431 0.523687 0.018863 0.010708
0 0.453750 0.414583 0.080000 0.050833
0 0.230625 0.122083 0.106250 0.072500
0 0.170625 0.453333 0.116250 0.066667
0 0.275625 0.604583 0.101250 0.064167
0 0.441250 0.599167 0.120000 0.053333
0 0.161250 0.761250 0.182500 0.062500
0 0.050000 0.354167 0.095000 0.061667
0 0.626875 0.308750 0.076250 0.060833
0 0.343125 0.414583 0.091250 0.059167
0 0.401875 0.342917 0.093750 0.060833
0 0.080000 0.634583 0.122500 0.077500
0 0.845625 0.948750 0.096250 0.062500
0 0.291250 0.352083 0.055000 0.034167
0 0.284375 0.459167 0.068750 0.046667
0 0.623750 0.204167 0.067500 0.041667
1 0.754600 0.588579 0.146700 0.087158
0 0.050000 0.157083 0.100000 0.175833
1 0.864375 0.623333 0.086250 0.051667
1 0.938750 0.440417 0.122500 0.169167
0 0.776250 0.175417 0.072500 0.029167
1 0.085000 0.297500 0.170000 0.090000
1 0.813750 0.557917 0.147500 0.084167
1 0.677500 0.577083 0.140000 0.087500
1 0.256875 0.909583 0.066250 0.062500
0 0.860000 0.085833 0.040000 0.023333
0 0.704375 0.566667 0.031250 0.021667
0 0.807500 0.609167 0.027500 0.016667
0 0.893125 0.557500 0.026250 0.015000
0 0.685000 0.549167 0.037500 0.020000
0 0.735625 0.596667 0.023750 0.011667
0 0.388125 0.749583 0.033750 0.017500
0 0.500625 0.787917 0.026250 0.014167
0 0.383750 0.867083 0.030000 0.014167
0 0.881481 0.363892 0.035463 0.036117
0 0.993613 0.118808 0.012225 0.070950
0 0.779431 0.523687 0.018863 0.010708
