1 0.428125 0.467198 0.211250 0.171509
1 0.077500 0.446579 0.155000 0.169634
0 0.418750 0.259606 0.147500 0.058107
0 0.401875 0.643393 0.161250 0.064667
1 0.916250 0.688379 0.085000 0.053421
0 0.676250 0.355201 0.147500 0.059981
1 0.666875 0.553889 0.226250 0.172446
0 0.156875 0.541706 0.056250 0.026242
0 0.152500 0.629803 0.032500 0.029991
0 0.025625 0.561387 0.031250 0.029991
0 0.221875 0.389410 0.041250 0.025305
0 0.232500 0.409091 0.040000 0.025305
0 0.675625 0.701500 0.053750 0.021556
0 0.492500 0.663074 0.035000 0.023430
0 0.450625 0.506560 0.026250 0.014058
0 0.466875 0.142924 0.011250 0.008435
0 0.966875 0.656982 0.033750 0.031865
0 0.944375 0.641050 0.018750 0.014995
0 0.883125 0.424086 0.016250 0.010309
0 0.796250 0.147142 0.032500 0.024367
1 0.077500 0.453140 0.075000 0.055295
1 0.243125 0.658388 0.071250 0.025305
1 0.256875 0.634021 0.068750 0.047798
1 0.466250 0.412840 0.282500 0.137769
0 0.491875 0.379569 0.023750 0.009372
0 0.770000 0.448922 0.017500 0.007498
0 0.712500 0.600281 0.017500 0.010309
1 0.692500 0.492034 0.260000 0.151828
0 0.277500 0.135895 0.032500 0.011246
0 0.292500 0.128866 0.030000 0.012184
