1 0.512938 0.333485 0.625875 0.306913
1 0.495625 0.574191 0.528750 0.232771
0 0.861494 0.112947 0.105487 0.048678
0 0.951400 0.375770 0.095300 0.100345
1 0.107450 0.422275 0.214900 0.319937
0 0.977500 0.258439 0.045000 0.041491
0 0.919375 0.445499 0.073750 0.033052
0 0.378750 0.133615 0.122500 0.050633
1 0.706344 0.680861 0.190188 0.153565
0 0.864375 0.148734 0.041250 0.013361
0 0.206875 0.387834 0.008750 0.014768
0 0.208813 0.638077 0.100125 0.069402
0 0.384969 0.666090 0.032438 0.015724
0 0.362088 0.506431 0.034175 0.019895
0 0.015656 0.186878 0.031313 0.040422
0 0.720769 0.544346 0.011538 0.016962
0 0.586081 0.708604 0.089663 0.064184
