1 0.441875 0.663502 0.703750 0.357947
1 0.525000 0.427215 0.587500 0.276371
0 0.046875 0.850563 0.093750 0.056962
0 0.040000 0.582630 0.080000 0.107595
1 0.857500 0.611111 0.285000 0.334740
0 0.071250 0.516878 0.082500 0.039381
0 0.518750 0.872714 0.135000 0.060478
1 0.346250 0.303446 0.230000 0.168073
0 0.042500 0.815049 0.045000 0.016878
0 0.758750 0.636428 0.012500 0.015471
0 0.825625 0.389592 0.118750 0.077356
0 0.659375 0.345992 0.036250 0.018284
0 0.638125 0.506329 0.038750 0.022504
0 0.891250 0.852321 0.042500 0.042194
0 0.294375 0.437060 0.016250 0.017581
0 0.474375 0.286568 0.106250 0.071027
