1 0.331250 0.447516 0.230000 0.212746
0 0.663125 0.356607 0.086250 0.057170
0 0.636875 0.641050 0.083750 0.044986
0 0.596875 0.396907 0.056250 0.044049
0 0.203125 0.253046 0.058750 0.035614
0 0.596875 0.624649 0.081250 0.059044
1 0.175000 0.791940 0.267500 0.088097
0 0.641875 0.248360 0.053750 0.043112
0 0.613125 0.345829 0.086250 0.056232
0 0.578125 0.248360 0.083750 0.033739
0 0.526875 0.346298 0.051250 0.032802
0 0.467500 0.168697 0.087500 0.031865
0 0.709375 0.449391 0.051250 0.038425
0 0.224375 0.288660 0.053750 0.043112
1 0.433750 0.816776 0.070000 0.038425
1 0.500000 0.781162 0.122500 0.064667
1 0.438750 0.763355 0.195000 0.109653
0 0.149375 0.712746 0.031250 0.021556
0 0.081250 0.744611 0.060000 0.027179
0 0.028750 0.820525 0.030000 0.010309
0 0.089375 0.457826 0.036250 0.023430
0 0.041250 0.410497 0.022500 0.016870
0 0.285000 0.405342 0.020000 0.021556
0 0.086250 0.473758 0.010000 0.010309
0 0.036875 0.380037 0.011250 0.010309
0 0.157500 0.565604 0.010000 0.010309
0 0.313125 0.232896 0.031250 0.025305
0 0.306875 0.822868 0.026250 0.033739
0 0.472500 0.870197 0.055000 0.017807
0 0.246250 0.717901 0.020000 0.026242
0 0.461875 0.854733 0.023750 0.020619
0 0.363750 0.789128 0.015000 0.013121
0 0.435000 0.837863 0.042500 0.018744
0 0.544375 0.862231 0.013750 0.011246
0 0.323750 0.839738 0.017500 0.013121
0 0.441875 0.740394 0.011250 0.007498
0 0.608125 0.844892 0.016250 0.014058
0 0.237500 0.716026 0.007500 0.009372
0 0.265000 0.657451 0.012500 0.012184
0 0.447500 0.750234 0.017500 0.010309
0 0.515625 0.545923 0.033750 0.019681
0 0.488125 0.533739 0.036250 0.014058
0 0.495000 0.523430 0.032500 0.014058
0 0.638750 0.392690 0.045000 0.035614
0 0.366250 0.601687 0.010000 0.005623
0 0.728750 0.464855 0.040000 0.041237
0 0.428125 0.146673 0.043750 0.029053
0 0.754375 0.206654 0.038750 0.030928
0 0.592500 0.163543 0.025000 0.021556
0 0.574375 0.266167 0.036250 0.020619
0 0.735625 0.577320 0.033750 0.029991
0 0.742500 0.543112 0.025000 0.021556
0 0.842500 0.268510 0.040000 0.030928
0 0.791250 0.373008 0.035000 0.026242
0 0.666875 0.803655 0.011250 0.008435
0 0.451250 0.811153 0.015000 0.010309
1 0.582500 0.776007 0.062500 0.039363
0 0.244375 0.821462 0.016250 0.006560
0 0.228125 0.816307 0.013750 0.005623
0 0.168125 0.794283 0.018750 0.006560
0 0.161250 0.550141 0.007500 0.013121
0 0.166875 0.559044 0.018750 0.038425
0 0.186875 0.587160 0.006250 0.008435
0 0.172500 0.617619 0.007500 0.009372
0 0.174375 0.626054 0.006250 0.009372
0 0.180000 0.624180 0.015000 0.028116
0 0.186875 0.616214 0.021250 0.047798
0 0.191250 0.629335 0.017500 0.030928
0 0.198125 0.595595 0.021250 0.040300
0 0.191250 0.583880 0.007500 0.013121
0 0.345000 0.531865 0.020000 0.019681
0 0.337500 0.527648 0.012500 0.014995
0 0.351875 0.483130 0.008750 0.008435
1 0.336875 0.445642 0.241250 0.210872
1 0.354375 0.388004 0.223750 0.099344
0 0.249375 0.292409 0.026250 0.024367
0 0.636250 0.642924 0.012500 0.009372
0 0.582500 0.628397 0.007500 0.006560
0 0.142500 0.340206 0.037500 0.024367
