1 0.543069 0.366476 0.256138 0.144386
0 0.715000 0.597938 0.065000 0.058107
0 0.335625 0.623243 0.048750 0.058107
0 0.650625 0.555295 0.051250 0.036551
0 0.778750 0.241331 0.040000 0.040300
0 0.350625 0.590909 0.068750 0.053421
1 0.064744 0.305061 0.076988 0.194002
0 0.854375 0.565604 0.051250 0.034677
0 0.720625 0.559513 0.063750 0.058107
0 0.843750 0.518276 0.032500 0.059981
0 0.706250 0.495314 0.037500 0.034677
0 0.931250 0.424086 0.030000 0.062793
0 0.600000 0.646673 0.045000 0.033739
0 0.735625 0.262887 0.051250 0.034677
1 0.073306 0.500136 0.041612 0.048069
1 0.129350 0.544100 0.068700 0.085389
1 0.143750 0.495314 0.120000 0.134021
0 0.165000 0.273664 0.025000 0.020619
0 0.112500 0.228210 0.027500 0.042174
0 0.004375 0.201031 0.008750 0.021556
0 0.491875 0.189316 0.026250 0.024367
0 0.546250 0.146204 0.020000 0.014995
0 0.591875 0.325679 0.026250 0.012184
0 0.470000 0.188847 0.012500 0.006560
0 0.586250 0.137769 0.012500 0.007498
0 0.360000 0.256326 0.012500 0.006560
0 0.822500 0.319588 0.030000 0.020619
0 0.045000 0.406748 0.042500 0.014995
0 0.008125 0.537020 0.016250 0.039363
0 0.173750 0.345829 0.032500 0.011246
0 0.027500 0.526710 0.025000 0.014995
0 0.098125 0.444236 0.016250 0.009372
0 0.044375 0.504217 0.018750 0.029991
0 0.029375 0.589035 0.013750 0.008435
0 0.025000 0.422680 0.015000 0.011246
0 0.174375 0.493908 0.008750 0.007498
0 0.063125 0.634021 0.016250 0.010309
0 0.174375 0.338800 0.011250 0.004686
0 0.256250 0.350515 0.015000 0.007498
0 0.161875 0.500000 0.011250 0.012184
0 0.441875 0.518744 0.021250 0.023430
0 0.454375 0.495783 0.013750 0.026242
0 0.468125 0.500000 0.013750 0.023430
0 0.663756 0.585286 0.042512 0.029053
0 0.345625 0.416589 0.006250 0.006560
0 0.582500 0.663360 0.050000 0.024002
0 0.955000 0.391284 0.032500 0.029053
0 0.926875 0.642455 0.036250 0.025305
0 0.958125 0.515933 0.026250 0.015933
0 0.820000 0.517807 0.022500 0.025305
0 0.435625 0.686504 0.036250 0.021556
0 0.481875 0.685567 0.026250 0.015933
0 0.858125 0.716963 0.036250 0.026242
0 0.713750 0.695876 0.030000 0.023430
0 0.126463 0.671115 0.010425 0.007648
0 0.082156 0.512240 0.011812 0.010422
1 0.149625 0.603112 0.044250 0.042212
0 0.035862 0.360759 0.006725 0.011115
0 0.041181 0.347966 0.004863 0.009897
0 0.060625 0.300122 0.006250 0.013552
0 0.381031 0.256767 0.017063 0.003693
0 0.370981 0.261996 0.049462 0.008529
0 0.336462 0.281350 0.010425 0.004124
0 0.294438 0.276223 0.011375 0.005117
0 0.283094 0.278538 0.011187 0.004124
0 0.286656 0.282043 0.035812 0.007385
0 0.297613 0.285567 0.062725 0.008810
0 0.281431 0.291190 0.040362 0.008810
0 0.326344 0.290820 0.052687 0.009944
0 0.342281 0.284161 0.017063 0.004124
0 0.434475 0.390412 0.023950 0.012315
0 0.438219 0.383482 0.018937 0.007826
0 0.499731 0.388088 0.009463 0.005792
1 0.546262 0.370684 0.252525 0.152802
1 0.624213 0.374878 0.100925 0.157441
0 0.735281 0.280862 0.030562 0.016270
0 0.332994 0.622971 0.010987 0.008828
0 0.343725 0.580759 0.007450 0.005005
0 0.655231 0.210333 0.027963 0.025164
