0 0.791250 0.648826 0.047500 0.035681
1 0.171881 0.624540 0.176262 0.144854
0 0.851875 0.570423 0.041250 0.042254
0 0.689375 0.369484 0.048750 0.046009
1 0.384138 0.339887 0.158275 0.170854
0 0.764019 0.308920 0.053038 0.030047
0 0.603750 0.445070 0.052500 0.039437
0 0.710062 0.626164 0.052625 0.039183
0 0.542500 0.632864 0.050000 0.028169
0 0.940000 0.584977 0.042500 0.030047
0 0.551875 0.446479 0.048750 0.047887
0 0.760000 0.622535 0.052500 0.041315
0 0.659375 0.464319 0.056250 0.044131
0 0.463125 0.550704 0.061250 0.032864
0 0.626513 0.534380 0.078025 0.037775
0 0.621875 0.358216 0.043750 0.032864
0 0.076125 0.753573 0.052250 0.047991
0 0.037500 0.057746 0.040000 0.032864
1 0.344731 0.325188 0.084462 0.135822
0 0.059281 0.804746 0.078563 0.041418
0 0.659000 0.495005 0.068000 0.054798
0 0.270000 0.190141 0.042500 0.027230
0 0.176875 0.249765 0.036250 0.026291
0 0.097500 0.325939 0.037500 0.026526
0 0.331869 0.187362 0.073737 0.016038
0 0.276875 0.211737 0.036250 0.021596
0 0.012500 0.084507 0.025000 0.037559
0 0.140625 0.195775 0.033750 0.029108
0 0.593750 0.253991 0.032500 0.030986
0 0.032500 0.418779 0.037500 0.028169
0 0.089375 0.350235 0.038750 0.030047
0 0.330937 0.623474 0.044375 0.024413
0 0.099375 0.580282 0.036250 0.026291
0 0.325694 0.583568 0.041388 0.027230
0 0.454375 0.630516 0.031250 0.021596
0 0.636875 0.374648 0.036250 0.026291
0 0.413125 0.530047 0.021250 0.021596
0 0.625625 0.391549 0.028750 0.020657
0 0.355625 0.664681 0.031250 0.024197
0 0.428750 0.529577 0.012500 0.009390
0 0.889375 0.476056 0.036250 0.022535
0 0.779375 0.570892 0.026250 0.026291
0 0.836250 0.346009 0.025000 0.015962
0 0.676250 0.519718 0.020000 0.019718
0 0.828750 0.546948 0.030000 0.029108
0 0.902500 0.648826 0.025000 0.018779
0 0.709375 0.460094 0.028750 0.020657
0 0.703125 0.441315 0.026250 0.020657
0 0.921875 0.537559 0.023750 0.014085
0 0.983125 0.615962 0.031250 0.020657
0 0.921875 0.552582 0.021250 0.014085
0 0.695625 0.492019 0.026250 0.016901
0 0.881250 0.490610 0.020000 0.015962
0 0.920000 0.641315 0.020000 0.011268
0 0.876875 0.657746 0.023750 0.014085
0 0.832500 0.360094 0.012500 0.010329
0 0.970000 0.438028 0.012500 0.008451
0 0.852500 0.670042 0.027500 0.023653
0 0.991700 0.431052 0.015900 0.009521
0 0.785625 0.603286 0.011250 0.006573
0 0.611875 0.679343 0.036250 0.025352
0 0.689375 0.730516 0.033750 0.026291
0 0.768125 0.727230 0.031250 0.023474
0 0.697738 0.655873 0.037975 0.030995
1 0.264150 0.423441 0.040800 0.031859
1 0.201475 0.492268 0.085450 0.058714
1 0.223900 0.473958 0.115300 0.155427
1 0.197306 0.511770 0.129612 0.112742
1 0.196369 0.592995 0.067737 0.079887
0 0.438094 0.533545 0.013687 0.009812
0 0.014569 0.449484 0.029137 0.038873
0 0.312044 0.180338 0.019088 0.007624
0 0.722106 0.602803 0.006712 0.005606
