0 0.736875 0.304695 0.053750 0.040376
1 0.618750 0.761972 0.215000 0.151174
0 0.641875 0.248357 0.061250 0.036620
0 0.355000 0.340376 0.067500 0.042254
1 0.273750 0.563850 0.247500 0.141784
0 0.285000 0.276995 0.047500 0.043192
0 0.441875 0.415493 0.058750 0.044131
0 0.695625 0.361972 0.058750 0.044131
0 0.681875 0.487324 0.043750 0.041315
0 0.673750 0.184977 0.045000 0.035681
0 0.437500 0.454460 0.070000 0.043192
0 0.698125 0.323944 0.061250 0.045070
0 0.475625 0.376995 0.066250 0.047887
0 0.561875 0.534742 0.051250 0.049765
0 0.563750 0.410798 0.060000 0.062911
0 0.331250 0.389671 0.050000 0.037559
0 0.775000 0.851174 0.070000 0.046009
1 0.248125 0.591549 0.191250 0.082629
0 0.841250 0.869953 0.065000 0.064789
0 0.515625 0.381221 0.081250 0.058216
0 0.059375 0.628169 0.041250 0.035681
0 0.125000 0.705634 0.040000 0.030986
0 0.215000 0.775587 0.040000 0.031925
0 0.064375 0.581690 0.031250 0.057277
0 0.089375 0.626291 0.033750 0.030047
0 0.048750 0.725352 0.042500 0.029108
0 0.188750 0.396244 0.045000 0.028169
0 0.328750 0.836620 0.042500 0.031925
0 0.246250 0.784507 0.045000 0.032864
0 0.639375 0.643662 0.038750 0.036620
0 0.550000 0.809859 0.040000 0.030986
0 0.585625 0.641784 0.041250 0.034742
0 0.666250 0.552113 0.032500 0.026291
0 0.353750 0.380751 0.040000 0.030986
0 0.528125 0.569014 0.031250 0.018779
0 0.374375 0.391549 0.031250 0.024413
0 0.696875 0.630986 0.036250 0.026291
0 0.529375 0.557277 0.013750 0.010329
0 0.522500 0.207512 0.035000 0.030047
0 0.633125 0.301878 0.038750 0.023474
0 0.343750 0.229108 0.025000 0.020657
0 0.550625 0.372300 0.028750 0.017840
0 0.607500 0.261972 0.042500 0.026291
0 0.753125 0.221127 0.028750 0.021596
0 0.476875 0.338967 0.031250 0.024413
0 0.450625 0.340845 0.031250 0.022535
0 0.608125 0.192019 0.021250 0.019718
0 0.720625 0.156808 0.031250 0.026291
0 0.628125 0.193897 0.021250 0.017840
0 0.516875 0.353521 0.026250 0.021596
0 0.540625 0.215023 0.023750 0.016901
0 0.745000 0.207512 0.017500 0.016901
0 0.760625 0.241784 0.021250 0.019718
0 0.362500 0.233333 0.015000 0.010329
0 0.483750 0.142254 0.012500 0.010329
0 0.773750 0.262441 0.035000 0.023474
0 0.477500 0.124883 0.015000 0.013146
0 0.676250 0.302347 0.010000 0.009390
0 0.751875 0.442254 0.038750 0.030047
0 0.830625 0.391080 0.038750 0.029108
0 0.837500 0.332394 0.035000 0.026291
0 0.733125 0.374648 0.046250 0.031925
1 0.366250 0.665258 0.047500 0.034742
1 0.448750 0.721127 0.090000 0.071362
1 0.426875 0.701408 0.221250 0.107042
1 0.473125 0.727700 0.166250 0.112676
1 0.581250 0.738498 0.115000 0.061033
0 0.535625 0.551174 0.013750 0.011268
0 0.366250 0.854460 0.055000 0.026291
0 0.053750 0.596244 0.012500 0.015023
0 0.666875 0.349296 0.008750 0.005634
