0 0.489375 0.118143 0.103750 0.061885
1 0.306250 0.562588 0.097500 0.071730
0 0.803750 0.048875 0.062500 0.048523
0 0.274375 0.661744 0.053750 0.030942
0 0.354375 0.065401 0.048750 0.036568
0 0.758125 0.048523 0.066250 0.047820
0 0.270625 0.109001 0.048750 0.035162
1 0.555000 0.359705 0.087500 0.092124
0 0.890000 0.150844 0.062500 0.049930
0 0.802500 0.143812 0.070000 0.047117
1 0.478125 0.486639 0.113750 0.077356
1 0.352500 0.473980 0.102500 0.073136
0 0.245625 0.323136 0.051250 0.027426
0 0.315000 0.175457 0.037500 0.020394
0 0.521250 0.010197 0.037500 0.020394
0 0.385625 0.266174 0.021250 0.017581
0 0.918750 0.061885 0.032500 0.022504
0 0.669375 0.004923 0.038750 0.009845
0 0.783750 0.135373 0.030000 0.023207
0 0.289375 0.632560 0.051250 0.028833
0 0.403750 0.409634 0.022500 0.016174
0 0.291875 0.769691 0.033750 0.028833
0 0.342500 0.748945 0.030000 0.016878
0 0.987500 0.524613 0.025000 0.185654
0 0.234375 0.306259 0.008750 0.013361
0 0.248125 0.416667 0.008750 0.014768
0 0.241250 0.224332 0.052500 0.035162
0 0.495000 0.101969 0.055000 0.026723
0 0.853750 0.139592 0.082500 0.071027
1 0.565000 0.357595 0.160000 0.232771
