1 0.211250 0.567948 0.172500 0.129335
0 0.570000 0.667760 0.077500 0.057170
0 0.733750 0.611528 0.082500 0.055295
0 0.839375 0.536551 0.066250 0.060918
0 0.668750 0.747891 0.112500 0.052484
0 0.578750 0.429241 0.060000 0.059981
0 0.506875 0.342081 0.086250 0.046860
0 0.595000 0.709934 0.067500 0.047798
0 0.140000 0.724461 0.062500 0.043112
0 0.808125 0.346767 0.081250 0.052484
0 0.281875 0.475633 0.043750 0.038425
0 0.393750 0.697282 0.167500 0.076851
0 0.342500 0.391753 0.070000 0.043112
1 0.414375 0.793346 0.048750 0.040300
0 0.610625 0.467666 0.058750 0.063730
1 0.155000 0.319119 0.097500 0.075914
0 0.602500 0.580600 0.052500 0.045923
0 0.258125 0.712746 0.061250 0.102156
1 0.299375 0.647142 0.161250 0.130272
0 0.558750 0.536551 0.037500 0.047798
0 0.817500 0.264292 0.047500 0.037488
0 0.236875 0.437676 0.068750 0.104967
0 0.013125 0.498126 0.026250 0.025305
0 0.220000 0.396439 0.040000 0.028116
0 0.133125 0.504686 0.038750 0.027179
0 0.218125 0.417526 0.021250 0.015933
0 0.153750 0.647142 0.017500 0.012184
0 0.004375 0.521556 0.008750 0.027179
0 0.129375 0.535614 0.018750 0.014058
0 0.438750 0.464386 0.032500 0.027179
0 0.445000 0.537957 0.030000 0.022493
0 0.480000 0.535145 0.037500 0.033739
0 0.422500 0.397844 0.035000 0.027179
0 0.433125 0.664480 0.038750 0.028116
0 0.637500 0.455014 0.030000 0.047798
0 0.731875 0.416589 0.033750 0.027179
0 0.726250 0.324274 0.032500 0.029991
0 0.675625 0.464386 0.028750 0.045923
0 0.966250 0.525305 0.022500 0.017807
0 0.684375 0.570291 0.026250 0.021556
0 0.325000 0.843018 0.045000 0.027179
0 0.096875 0.810684 0.043750 0.026242
0 0.204375 0.802249 0.041250 0.024367
0 0.246875 0.916589 0.038750 0.024367
0 0.065625 0.841143 0.031250 0.025305
0 0.548125 0.805530 0.033750 0.025305
0 0.991250 0.703843 0.017500 0.024367
0 0.833125 0.679007 0.041250 0.029053
0 0.858125 0.658388 0.036250 0.029053
0 0.772500 0.781631 0.035000 0.024367
0 0.942500 0.773664 0.030000 0.019681
0 0.997500 0.879100 0.005000 0.013121
0 0.915000 0.673852 0.020000 0.016870
0 0.308750 0.299906 0.017500 0.016870
0 0.137500 0.322399 0.012500 0.013121
0 0.194375 0.555764 0.018750 0.013121
0 0.609375 0.425023 0.023750 0.032802
