1 0.403750 0.284911 0.175000 0.131209
0 0.278750 0.556232 0.077500 0.059044
0 0.356250 0.677132 0.075000 0.062793
0 0.457500 0.755389 0.082500 0.050609
0 0.173125 0.631209 0.071250 0.085286
0 0.597500 0.558107 0.080000 0.045923
0 0.711875 0.502812 0.063750 0.064667
0 0.223125 0.574039 0.063750 0.051546
0 0.195625 0.233365 0.058750 0.046860
0 0.710625 0.728679 0.071250 0.060918
0 0.529375 0.335520 0.051250 0.033739
0 0.236250 0.423149 0.105000 0.126523
0 0.641875 0.380037 0.058750 0.053421
1 0.108125 0.440487 0.053750 0.037488
0 0.545625 0.582006 0.086250 0.044986
1 0.736250 0.237582 0.102500 0.074039
0 0.395000 0.577788 0.062500 0.040300
0 0.213125 0.322399 0.136250 0.046860
1 0.301875 0.351453 0.176250 0.121837
0 0.453125 0.545455 0.063750 0.028116
0 0.820000 0.734302 0.050000 0.036551
0 0.578125 0.301312 0.141250 0.053421
0 0.493750 0.134021 0.035000 0.022493
0 0.633125 0.287723 0.038750 0.029991
0 0.488750 0.225398 0.037500 0.029053
0 0.605625 0.287254 0.021250 0.015933
0 0.298750 0.243205 0.017500 0.014058
0 0.463125 0.128397 0.036250 0.009372
0 0.446875 0.223055 0.018750 0.014995
0 0.546875 0.453608 0.036250 0.024367
0 0.448750 0.459700 0.030000 0.023430
0 0.453750 0.485473 0.045000 0.028116
0 0.635625 0.440487 0.036250 0.026242
0 0.279375 0.452202 0.038750 0.029053
0 0.561875 0.602156 0.063750 0.023430
0 0.615625 0.672446 0.036250 0.025305
0 0.738750 0.666823 0.040000 0.025305
0 0.551875 0.630272 0.061250 0.021556
0 0.475625 0.850047 0.023750 0.016870
0 0.410625 0.640112 0.028750 0.020619
0 0.040625 0.374883 0.036250 0.033739
0 0.078750 0.202905 0.035000 0.032802
0 0.091875 0.283505 0.033750 0.030928
0 0.038125 0.180412 0.033750 0.023430
0 0.094375 0.541237 0.033750 0.025305
0 0.236250 0.879100 0.032500 0.026242
0 0.267500 0.752577 0.040000 0.031865
0 0.295625 0.771321 0.038750 0.028116
0 0.128750 0.709466 0.032500 0.026242
0 0.143125 0.836926 0.026250 0.022493
0 0.293125 0.892221 0.076250 0.022493
0 0.091250 0.915651 0.015000 0.011246
0 0.276250 0.814433 0.022500 0.014995
0 0.174375 0.910028 0.013750 0.005623
0 0.764375 0.352390 0.023750 0.013121
0 0.731250 0.225867 0.017500 0.009372
0 0.421250 0.271790 0.017500 0.014995
0 0.603125 0.580600 0.043750 0.017807
