1 0.201563 0.541476 0.155625 0.115754
0 0.542500 0.672446 0.070000 0.051546
0 0.713750 0.631678 0.075000 0.048735
0 0.831250 0.567010 0.057500 0.056232
0 0.626875 0.761012 0.106250 0.043112
0 0.589487 0.436270 0.051475 0.055295
0 0.532500 0.343486 0.080000 0.040300
0 0.559375 0.716495 0.061250 0.042174
0 0.105625 0.689316 0.056250 0.038425
0 0.830625 0.375351 0.073750 0.045923
0 0.286875 0.455951 0.038750 0.034677
0 0.361875 0.685567 0.158750 0.062793
0 0.360000 0.378632 0.065000 0.037488
1 0.366875 0.783037 0.043750 0.036551
0 0.614375 0.477976 0.048750 0.059981
1 0.186094 0.289011 0.087188 0.068182
0 0.588125 0.589035 0.046250 0.042174
0 0.225000 0.688379 0.045000 0.098407
1 0.276256 0.626842 0.142513 0.117788
0 0.552500 0.541706 0.030000 0.044986
0 0.852500 0.294283 0.042500 0.033739
0 0.248750 0.414452 0.052500 0.101631
0 0.015625 0.454077 0.026250 0.023430
0 0.238125 0.371603 0.036250 0.025305
0 0.135000 0.470478 0.035000 0.024367
0 0.233125 0.392221 0.018750 0.014058
0 0.131875 0.613871 0.016250 0.011246
0 0.003750 0.476101 0.007500 0.026242
0 0.126250 0.500937 0.017500 0.012184
0 0.444375 0.459231 0.028750 0.024367
0 0.438750 0.532802 0.027500 0.019681
0 0.473750 0.532802 0.032500 0.030928
0 0.439375 0.390815 0.031250 0.024367
0 0.406244 0.657521 0.034987 0.025445
0 0.643750 0.468135 0.022500 0.045923
0 0.743750 0.438613 0.030000 0.024367
0 0.753125 0.346298 0.028750 0.027179
0 0.679375 0.480319 0.021250 0.044049
0 0.958750 0.567479 0.020000 0.015933
0 0.671663 0.586223 0.023325 0.019681
0 0.270625 0.824274 0.041250 0.023430
0 0.048750 0.771321 0.040000 0.022493
0 0.157500 0.772727 0.037500 0.021556
0 0.181250 0.889878 0.035000 0.021556
0 0.013750 0.798500 0.027500 0.022493
0 0.045000 0.975164 0.020000 0.010309
0 0.497500 0.806935 0.030000 0.022493
0 0.963125 0.748360 0.031250 0.021556
0 0.801250 0.707591 0.037500 0.026242
0 0.830000 0.689784 0.032500 0.026242
0 0.724375 0.804592 0.031250 0.021556
0 0.895000 0.811621 0.027500 0.016870
0 0.940625 0.923149 0.021250 0.011246
0 0.988750 0.708060 0.020000 0.055295
0 0.991875 0.861762 0.013750 0.010309
0 0.883750 0.710403 0.017500 0.014995
0 0.995625 0.799438 0.006250 0.009372
0 0.341494 0.283590 0.015488 0.016101
0 0.168769 0.289916 0.010037 0.011884
0 0.187769 0.526762 0.018037 0.011350
0 0.620400 0.435380 0.018300 0.031022
