0 0.103750 0.569822 0.107500 0.082474
0 0.219375 0.369728 0.088750 0.072165
0 0.048750 0.103093 0.092500 0.059981
0 0.462500 0.823336 0.047500 0.036551
0 0.039375 0.273664 0.051250 0.033739
0 0.190625 0.202905 0.051250 0.029053
0 0.445000 0.233365 0.040000 0.031865
0 0.213163 0.424897 0.058825 0.075661
0 0.448750 0.205717 0.045000 0.034677
0 0.318125 0.428304 0.051250 0.033739
0 0.476250 0.582474 0.045000 0.034677
0 0.516875 0.167291 0.023750 0.019681
0 0.458125 0.153702 0.036250 0.024367
0 0.625000 0.332727 0.030000 0.030028
0 0.345875 0.207591 0.039250 0.029053
0 0.612500 0.151828 0.032500 0.022493
0 0.348925 0.089972 0.040350 0.028116
0 0.731875 0.292877 0.016250 0.017807
0 0.718750 0.142455 0.020000 0.016870
0 0.865625 0.305061 0.016250 0.014058
0 0.728125 0.310216 0.013750 0.016870
0 0.236875 0.641518 0.038750 0.025305
0 0.571250 0.615745 0.037500 0.024367
0 0.534375 0.364574 0.031250 0.031865
0 0.561875 0.435801 0.033750 0.029991
0 0.547500 0.634021 0.025000 0.021556
0 0.345000 0.476101 0.025000 0.018744
0 0.578750 0.553421 0.020000 0.014058
0 0.567500 0.494377 0.017500 0.012184
0 0.528750 0.621837 0.017500 0.015933
0 0.595625 0.406748 0.016250 0.014995
0 0.840625 0.645736 0.026250 0.020619
0 0.846250 0.463918 0.025000 0.018744
0 0.855625 0.540769 0.023750 0.014995
0 0.792500 0.539363 0.017500 0.014058
0 0.816875 0.417526 0.016250 0.010309
0 0.898125 0.524836 0.018750 0.013121
0 0.220000 0.813027 0.035000 0.021556
0 0.226875 0.745080 0.036250 0.022493
0 0.358750 0.672343 0.032500 0.021350
0 0.559375 0.708997 0.028750 0.017807
0 0.799375 0.779756 0.028750 0.022493
0 0.862950 0.646729 0.015900 0.016982
0 0.257269 0.441054 0.084537 0.074236
0 0.014250 0.126073 0.028500 0.030965
0 0.141462 0.543946 0.017925 0.013852
0 0.572631 0.640351 0.015263 0.013599
0 0.535312 0.616331 0.018125 0.018041
