0 0.470000 0.195408 0.125000 0.092784
0 0.715625 0.313027 0.108750 0.076851
0 0.080000 0.421743 0.055000 0.041237
0 0.870000 0.194939 0.052500 0.043112
0 0.940625 0.317245 0.046250 0.042174
0 0.860625 0.500937 0.048750 0.034677
0 0.644375 0.299438 0.108750 0.055295
0 0.896250 0.508435 0.052500 0.038425
0 0.623750 0.376757 0.052500 0.043112
0 0.395000 0.470009 0.052500 0.038425
0 0.936250 0.565136 0.030000 0.020619
0 0.962500 0.523430 0.037500 0.030928
0 0.701875 0.619025 0.043750 0.027179
0 0.909375 0.431584 0.043750 0.032802
0 0.941250 0.637769 0.035000 0.027179
0 0.736875 0.704780 0.026250 0.014995
0 0.937500 0.718369 0.025000 0.017807
0 0.699375 0.801781 0.021250 0.014058
0 0.714375 0.699157 0.023750 0.013121
0 0.355000 0.283505 0.040000 0.032802
0 0.336250 0.535145 0.037500 0.031865
0 0.673125 0.547329 0.046250 0.028116
0 0.575000 0.555764 0.045000 0.029991
0 0.316250 0.514058 0.032500 0.021556
0 0.555625 0.389410 0.028750 0.021556
0 0.418125 0.550141 0.021250 0.016870
0 0.496875 0.551078 0.018750 0.014995
0 0.335625 0.502343 0.023750 0.014995
0 0.608750 0.585286 0.022500 0.014058
0 0.255625 0.730084 0.031250 0.022493
0 0.493125 0.762418 0.028750 0.021556
0 0.390625 0.756795 0.023750 0.019681
0 0.403125 0.710403 0.021250 0.014995
0 0.559375 0.747423 0.016250 0.014058
0 0.405000 0.791471 0.020000 0.015933
0 0.131875 0.244142 0.033750 0.029053
0 0.220000 0.259606 0.035000 0.029991
0 0.294375 0.368791 0.033750 0.027179
0 0.216250 0.511715 0.027500 0.024367
0 0.084375 0.678538 0.033750 0.024367
0 0.250000 0.746017 0.025000 0.014995
0 0.615625 0.328960 0.111250 0.074977
0 0.498125 0.227741 0.021250 0.014995
0 0.304375 0.532334 0.021250 0.013121
0 0.341875 0.507966 0.026250 0.016870
