0 0.753750 0.217901 0.145000 0.089035
0 0.645625 0.180412 0.116250 0.105904
0 0.330000 0.603561 0.085000 0.059981
1 0.875000 0.354733 0.235000 0.113402
0 0.936250 0.563730 0.055000 0.040300
0 0.343125 0.736645 0.043750 0.033739
0 0.130625 0.818182 0.178750 0.114339
0 0.253750 0.705717 0.082500 0.054358
0 0.256875 0.641518 0.083750 0.066542
0 0.991250 0.752577 0.017500 0.063730
0 0.516875 0.368322 0.096250 0.106842
0 0.543125 0.442830 0.103750 0.149016
0 0.395000 0.311621 0.092500 0.109653
0 0.488750 0.427366 0.095000 0.106842
0 0.368125 0.191190 0.038750 0.024367
0 0.467500 0.358950 0.102500 0.149953
1 0.111250 0.380037 0.222500 0.327085
0 0.277500 0.156982 0.022500 0.015933
0 0.292500 0.163074 0.015000 0.013121
0 0.559375 0.235239 0.048750 0.022493
0 0.541875 0.095595 0.081250 0.018744
0 0.943750 0.296157 0.045000 0.026242
0 0.962500 0.211340 0.025000 0.023430
0 0.537500 0.654639 0.062500 0.019681
0 0.393125 0.388004 0.038750 0.026242
0 0.454375 0.427835 0.028750 0.029053
0 0.421875 0.624649 0.056250 0.015933
0 0.390000 0.532802 0.020000 0.014058
0 0.488125 0.510778 0.028750 0.016870
0 0.443125 0.494377 0.031250 0.021556
0 0.459375 0.631209 0.033750 0.014058
0 0.615625 0.626523 0.028750 0.029053
0 0.733750 0.545923 0.017500 0.014058
0 0.919375 0.611996 0.031250 0.052484
0 0.640625 0.866448 0.068750 0.021556
0 0.506875 0.785848 0.051250 0.021556
0 0.481250 0.771790 0.035000 0.012184
0 0.391250 0.830834 0.027500 0.021556
0 0.590625 0.836926 0.033750 0.013121
0 0.579375 0.694002 0.033750 0.010309
0 0.434375 0.680412 0.036250 0.013121
0 0.992500 0.690722 0.015000 0.014995
0 0.210000 0.400187 0.020000 0.020619
0 0.076875 0.469541 0.033750 0.020619
0 0.931875 0.373008 0.046250 0.020619
0 0.375000 0.268041 0.040000 0.018744
0 0.473125 0.285380 0.031250 0.015933
0 0.525000 0.323805 0.030000 0.015933
0 0.547500 0.507966 0.032500 0.016870
0 0.050000 0.895033 0.030000 0.028116
0 0.926250 0.645736 0.045000 0.028116
0 0.646875 0.606373 0.051250 0.026242
