0 0.778750 0.231490 0.137500 0.082474
0 0.675000 0.188847 0.107500 0.100281
0 0.320000 0.594189 0.080000 0.056232
1 0.886875 0.374414 0.226250 0.102156
0 0.929375 0.585754 0.051250 0.037488
0 0.320625 0.727273 0.041250 0.031865
0 0.101875 0.798032 0.168750 0.105904
0 0.235000 0.691659 0.077500 0.050609
0 0.243844 0.628397 0.077687 0.062793
0 0.980625 0.778819 0.038750 0.061856
0 0.528506 0.368880 0.087012 0.102334
0 0.547431 0.445394 0.089862 0.144770
0 0.412500 0.305998 0.082500 0.105904
0 0.495000 0.427231 0.085000 0.102821
0 0.397069 0.184592 0.036637 0.022418
0 0.480625 0.356481 0.088750 0.145014
1 0.110281 0.359827 0.220562 0.316654
0 0.309375 0.146204 0.021250 0.014995
0 0.324375 0.153233 0.013750 0.012184
0 0.583750 0.238519 0.047500 0.019681
0 0.578750 0.098407 0.080000 0.014995
0 0.961250 0.319588 0.042500 0.024367
0 0.987500 0.236176 0.022500 0.022493
0 0.523125 0.656045 0.061250 0.016870
0 0.403125 0.382381 0.036250 0.024367
0 0.460625 0.425492 0.026250 0.028116
0 0.410000 0.620431 0.055000 0.013121
0 0.386875 0.526710 0.018750 0.013121
0 0.486250 0.510309 0.027500 0.015933
0 0.443494 0.491565 0.029487 0.019681
0 0.447500 0.628397 0.032500 0.012184
0 0.603125 0.631678 0.026250 0.028116
0 0.728125 0.557638 0.016250 0.013121
0 0.908112 0.633060 0.026225 0.051500
0 0.606250 0.873008 0.067500 0.017807
0 0.480000 0.785380 0.050000 0.018744
0 0.455625 0.769916 0.033750 0.010309
0 0.360625 0.823805 0.026250 0.020619
0 0.558750 0.840675 0.032500 0.011246
0 0.561250 0.697751 0.032500 0.008435
0 0.417500 0.676664 0.035000 0.011246
0 0.976875 0.716495 0.018750 0.014058
0 0.219287 0.384503 0.018575 0.019241
0 0.079925 0.447015 0.032350 0.018679
0 0.942294 0.395328 0.044588 0.018397
0 0.397037 0.261270 0.039075 0.016448
0 0.492737 0.284381 0.030475 0.013936
0 0.541619 0.324822 0.028237 0.014217
0 0.545419 0.509611 0.030838 0.014536
0 0.013625 0.871036 0.027250 0.026982
0 0.910937 0.667324 0.041875 0.026307
0 0.637075 0.613440 0.049150 0.023505
