0 0.662500 0.235211 0.090000 0.042254
0 0.633125 0.412207 0.086250 0.054460
1 0.385000 0.317371 0.215000 0.058216
0 0.479375 0.510329 0.046250 0.034742
0 0.988125 0.363380 0.023750 0.031925
0 0.460000 0.817840 0.052500 0.033803
0 0.669375 0.447887 0.036250 0.067606
0 0.342500 0.127700 0.072500 0.033803
1 0.707500 0.284507 0.315000 0.138967
1 0.499375 0.278873 0.306250 0.105164
0 0.804375 0.194366 0.113750 0.039437
0 0.435000 0.847418 0.057500 0.042254
0 0.089375 0.480751 0.043750 0.039437
0 0.583750 0.207512 0.075000 0.031925
0 0.854375 0.546479 0.061250 0.039437
0 0.352500 0.813615 0.052500 0.055399
0 0.348125 0.706103 0.043750 0.041315
0 0.774375 0.521127 0.098750 0.033803
1 0.803750 0.289671 0.225000 0.085446
0 0.759375 0.267606 0.048750 0.020657
0 0.926875 0.305634 0.048750 0.025352
0 0.867500 0.393427 0.050000 0.031925
0 0.818750 0.333333 0.047500 0.031925
0 0.946250 0.515023 0.045000 0.027230
0 0.894375 0.573709 0.038750 0.020657
0 0.748125 0.604225 0.033750 0.023474
0 0.841875 0.522535 0.018750 0.010329
0 0.804375 0.546009 0.028750 0.015962
0 0.761250 0.661033 0.032500 0.026291
0 0.763125 0.695305 0.026250 0.040376
0 0.738125 0.661033 0.026250 0.022535
0 0.571875 0.250235 0.048750 0.027230
0 0.384375 0.247418 0.038750 0.023474
0 0.488750 0.234272 0.017500 0.012207
0 0.692500 0.347418 0.017500 0.011268
0 0.570000 0.366197 0.020000 0.016901
0 0.439375 0.123005 0.028750 0.009390
0 0.335000 0.536150 0.030000 0.022535
0 0.607500 0.569953 0.030000 0.022535
0 0.510000 0.529108 0.030000 0.019718
0 0.368125 0.445540 0.026250 0.019718
0 0.579375 0.564789 0.031250 0.021596
0 0.691875 0.611268 0.031250 0.022535
0 0.311250 0.409859 0.045000 0.023474
0 0.678750 0.843192 0.037500 0.020657
0 0.320625 0.627230 0.033750 0.028169
0 0.276875 0.624883 0.026250 0.029108
0 0.563125 0.844131 0.043750 0.033803
0 0.376250 0.681221 0.025000 0.015962
0 0.366250 0.849296 0.025000 0.017840
0 0.540625 0.852113 0.033750 0.023474
0 0.543750 0.873239 0.055000 0.015023
0 0.202500 0.284507 0.015000 0.009390
0 0.253125 0.308920 0.016250 0.013146
0 0.223125 0.295305 0.013750 0.010329
0 0.290000 0.247418 0.010000 0.006573
0 0.170000 0.264789 0.017500 0.009390
0 0.146250 0.497653 0.055000 0.024413
0 0.260000 0.446479 0.030000 0.053521
0 0.108750 0.824413 0.037500 0.028169
0 0.180000 0.778404 0.032500 0.028169
0 0.224375 0.625352 0.031250 0.020657
0 0.255000 0.688263 0.027500 0.024413
0 0.238125 0.743662 0.026250 0.030047
0 0.214375 0.841784 0.071250 0.038498
0 0.237500 0.846009 0.040000 0.030047
0 0.396250 0.842254 0.070000 0.052582
0 0.400625 0.863380 0.023750 0.015962
0 0.462500 0.784507 0.062500 0.036620
0 0.520000 0.839437 0.027500 0.020657
0 0.540000 0.825352 0.012500 0.007512
1 0.592500 0.699531 0.207500 0.127700
1 0.611875 0.675117 0.158750 0.073239
1 0.313125 0.579812 0.091250 0.051643
1 0.283125 0.556338 0.171250 0.083568
0 0.312500 0.594836 0.017500 0.012207
0 0.377500 0.690141 0.015000 0.009390
0 0.369375 0.693897 0.013750 0.009390
1 0.408750 0.578404 0.130000 0.058216
1 0.425000 0.594366 0.077500 0.048826
1 0.501250 0.624883 0.035000 0.019718
1 0.446875 0.598592 0.176250 0.061033
0 0.826875 0.525822 0.016250 0.009390
0 0.701250 0.512676 0.055000 0.031925
0 0.673750 0.498122 0.050000 0.029108
0 0.748750 0.502347 0.020000 0.013146
0 0.750000 0.494366 0.017500 0.010329
0 0.491250 0.411268 0.210000 0.048826
0 0.410625 0.409390 0.136250 0.035681
0 0.657500 0.234742 0.012500 0.007512
