0 0.876875 0.574648 0.056250 0.067606
0 0.638750 0.583568 0.072500 0.064789
1 0.720000 0.383099 0.077500 0.161502
0 0.483125 0.486854 0.046250 0.034742
0 0.765000 0.849296 0.042500 0.038498
0 0.077500 0.525822 0.045000 0.039437
0 0.597500 0.616432 0.090000 0.027230
0 0.961250 0.318310 0.045000 0.054460
1 0.818750 0.615962 0.185000 0.236620
1 0.791250 0.461502 0.140000 0.230047
0 0.955000 0.671831 0.052500 0.085446
0 0.676250 0.881221 0.042500 0.036620
0 0.034375 0.511737 0.056250 0.043192
0 0.453750 0.192958 0.052500 0.032864
0 0.897500 0.511737 0.042500 0.056338
0 0.501250 0.770423 0.052500 0.046009
0 0.063125 0.445070 0.073750 0.039437
0 0.203750 0.423005 0.055000 0.032864
0 0.520000 0.706573 0.045000 0.074178
1 0.829375 0.688263 0.113750 0.169014
0 0.850000 0.651174 0.027500 0.036620
0 0.829375 0.781690 0.033750 0.036620
0 0.776875 0.896714 0.033750 0.030047
0 0.703750 0.753991 0.042500 0.037559
0 0.775000 0.706103 0.042500 0.035681
0 0.838750 0.852582 0.012500 0.013146
0 0.558125 0.832864 0.036250 0.033803
0 0.472500 0.804225 0.027500 0.029108
0 0.406875 0.701878 0.031250 0.025352
0 0.530625 0.757277 0.013750 0.014085
0 0.493125 0.732864 0.021250 0.021596
0 0.335000 0.721127 0.035000 0.024413
0 0.289375 0.729108 0.053750 0.019718
0 0.331250 0.703756 0.030000 0.019718
0 0.840625 0.510329 0.036250 0.036620
0 0.811875 0.370423 0.031250 0.029108
0 0.846875 0.445070 0.016250 0.013146
0 0.733750 0.615962 0.015000 0.013146
0 0.688750 0.528638 0.022500 0.015023
0 0.983750 0.390141 0.012500 0.021596
0 0.423750 0.384038 0.030000 0.022535
0 0.426250 0.591549 0.030000 0.022535
0 0.464375 0.512676 0.026250 0.022535
0 0.548125 0.392958 0.026250 0.019718
0 0.430625 0.569484 0.028750 0.023474
0 0.388750 0.661502 0.030000 0.023474
0 0.586875 0.344601 0.031250 0.033803
0 0.082500 0.692019 0.027500 0.028169
0 0.302500 0.390141 0.037500 0.025352
0 0.298125 0.356338 0.038750 0.019718
0 0.060000 0.606103 0.045000 0.032864
0 0.241875 0.440376 0.021250 0.018779
0 0.019375 0.461972 0.023750 0.018779
0 0.045625 0.591080 0.031250 0.025352
0 0.018750 0.597183 0.020000 0.041315
0 0.732500 0.243192 0.012500 0.011268
0 0.707500 0.284038 0.017500 0.012207
0 0.720625 0.259624 0.013750 0.010329
0 0.795625 0.300469 0.008750 0.007512
0 0.751250 0.215023 0.012500 0.013146
0 0.442500 0.237559 0.032500 0.041315
0 0.529375 0.313615 0.071250 0.022535
0 0.013125 0.266667 0.026250 0.028169
0 0.080000 0.311737 0.037500 0.024413
0 0.288750 0.317840 0.027500 0.023474
0 0.211250 0.351174 0.032500 0.020657
0 0.136250 0.348826 0.040000 0.019718
0 0.014375 0.347887 0.028750 0.053521
0 0.010625 0.365258 0.021250 0.030047
0 0.034375 0.481690 0.068750 0.052582
0 0.008125 0.488732 0.016250 0.017840
0 0.121875 0.521127 0.048750 0.046948
0 0.060000 0.573709 0.027500 0.020657
0 0.081250 0.585915 0.010000 0.009390
1 0.255000 0.602817 0.170000 0.155869
1 0.290000 0.612676 0.097500 0.119249
1 0.363125 0.375117 0.068750 0.068545
1 0.388125 0.348826 0.111250 0.128638
0 0.344375 0.378404 0.016250 0.013146
0 0.230000 0.442254 0.012500 0.011268
0 0.223750 0.437089 0.012500 0.010329
1 0.382500 0.446009 0.077500 0.097653
1 0.363750 0.461033 0.065000 0.058216
1 0.336875 0.523005 0.026250 0.026291
1 0.361875 0.478404 0.081250 0.132394
0 0.523750 0.746009 0.012500 0.012207
0 0.518750 0.650704 0.042500 0.041315
0 0.533125 0.628169 0.038750 0.037559
0 0.541250 0.684507 0.017500 0.015023
0 0.550625 0.683568 0.013750 0.013146
0 0.615000 0.476995 0.065000 0.157746
0 0.603750 0.418310 0.047500 0.102347
0 0.876250 0.569953 0.010000 0.009390
