0 0.379375 0.610798 0.123750 0.100469
0 0.540625 0.551643 0.111250 0.102347
1 0.628125 0.260563 0.071250 0.059155
1 0.251875 0.442254 0.098750 0.073239
0 0.513750 0.442254 0.125000 0.090141
0 0.716875 0.503756 0.101250 0.104225
0 0.628125 0.744601 0.068750 0.063850
0 0.931250 0.518310 0.047500 0.033803
0 0.480625 0.708451 0.083750 0.027230
0 0.477500 0.726761 0.070000 0.028169
0 0.853125 0.557746 0.046250 0.024413
0 0.923125 0.764319 0.036250 0.024413
0 0.323750 0.727700 0.032500 0.022535
0 0.977500 0.415023 0.045000 0.033803
0 0.990625 0.438498 0.018750 0.033803
0 0.851875 0.596714 0.031250 0.019718
0 0.796875 0.648357 0.028750 0.019718
0 0.896875 0.421127 0.023750 0.014085
0 0.716250 0.698592 0.032500 0.026291
0 0.527500 0.589671 0.015000 0.013146
0 0.196250 0.615023 0.027500 0.031925
0 0.260625 0.310798 0.013750 0.009390
0 0.815625 0.231925 0.011250 0.009390
0 0.695000 0.351174 0.015000 0.009390
0 0.299375 0.286385 0.013750 0.009390
0 0.246250 0.387324 0.015000 0.010329
1 0.231875 0.706573 0.148750 0.094836
0 0.646875 0.723005 0.038750 0.022535
