0 0.391875 0.618310 0.113750 0.094836
0 0.546875 0.548357 0.101250 0.097653
1 0.599375 0.253052 0.066250 0.055399
1 0.246250 0.458685 0.092500 0.068545
0 0.506250 0.440845 0.117500 0.083568
0 0.715625 0.489202 0.091250 0.099531
0 0.656250 0.734742 0.062500 0.061033
0 0.931250 0.489671 0.045000 0.030986
0 0.505000 0.709390 0.082500 0.021596
0 0.503750 0.727700 0.067500 0.024413
0 0.858125 0.533803 0.043750 0.021596
0 0.951875 0.735211 0.033750 0.022535
0 0.351250 0.738498 0.030000 0.021596
0 0.965625 0.384038 0.041250 0.031925
0 0.987500 0.405634 0.025000 0.031925
0 0.861875 0.573239 0.028750 0.017840
0 0.813125 0.628638 0.026250 0.017840
0 0.996875 0.438498 0.006250 0.033803
0 0.886250 0.395775 0.022500 0.012207
0 0.738750 0.684507 0.030000 0.024413
0 0.536875 0.587793 0.013750 0.013146
0 0.210625 0.634272 0.023750 0.030986
0 0.239375 0.327700 0.013750 0.009390
0 0.783125 0.212207 0.011250 0.009390
0 0.676250 0.338498 0.015000 0.008451
0 0.275625 0.300469 0.013750 0.009390
0 0.233750 0.404695 0.015000 0.009390
1 0.256875 0.723944 0.141250 0.086385
0 0.671875 0.712676 0.036250 0.020657
0 0.391875 0.618310 0.113750 0.094836
0 0.546875 0.548357 0.101250 0.097653
1 0.599375 0.253052 0.066250 0.055399
1 0.246250 0.458685 0.092500 0.068545
0 0.506250 0.440845 0.117500 0.083568
0 0.715625 0.489202 0.091250 0.099531
0 0.656250 0.734742 0.062500 0.061033
0 0.931250 0.489671 0.045000 0.030986
0 0.505000 0.709390 0.082500 0.021596
0 0.503750 0.727700 0.067500 0.024413
0 0.858125 0.533803 0.043750 0.021596
0 0.951875 0.735211 0.033750 0.022535
0 0.351250 0.738498 0.030000 0.021596
0 0.965625 0.384038 0.041250 0.031925
0 0.987500 0.405634 0.025000 0.031925
0 0.861875 0.573239 0.028750 0.017840
0 0.813125 0.628638 0.026250 0.017840
0 0.996875 0.438498 0.006250 0.033803
0 0.886250 0.395775 0.022500 0.012207
0 0.738750 0.684507 0.030000 0.024413
0 0.536875 0.587793 0.013750 0.013146
0 0.210625 0.634272 0.023750 0.030986
0 0.239375 0.327700 0.013750 0.009390
0 0.783125 0.212207 0.011250 0.009390
0 0.676250 0.338498 0.015000 0.008451
0 0.275625 0.300469 0.013750 0.009390
0 0.233750 0.404695 0.015000 0.009390
1 0.256875 0.723944 0.141250 0.086385
0 0.671875 0.712676 0.036250 0.020657
