0 0.725625 0.473758 0.068750 0.059044
1 0.941250 0.813027 0.095000 0.079663
1 0.043750 0.763355 0.087500 0.122774
0 0.714375 0.410965 0.058750 0.059044
1 0.364038 0.491785 0.168075 0.100722
0 0.290000 0.507966 0.080000 0.065604
1 0.146250 0.859419 0.055000 0.046860
0 0.848125 0.953608 0.046250 0.038425
0 0.270625 0.692127 0.051250 0.074039
1 0.831250 0.754920 0.075000 0.055295
1 0.771875 0.695408 0.056250 0.039363
1 0.544375 0.674321 0.071250 0.053421
1 0.602500 0.650422 0.055000 0.037488
0 0.571875 0.631209 0.046250 0.034677
0 0.381875 0.229147 0.123750 0.030928
0 0.620000 0.291471 0.032500 0.016870
0 0.516875 0.252577 0.041250 0.014058
0 0.517500 0.261949 0.015000 0.008435
0 0.465625 0.236176 0.036250 0.020619
0 0.436250 0.273664 0.007500 0.011246
0 0.192500 0.517807 0.027500 0.023430
0 0.050000 0.620431 0.012500 0.013121
0 0.007500 0.403936 0.015000 0.020619
0 0.008125 0.427366 0.016250 0.016870
0 0.008750 0.415651 0.017500 0.012184
0 0.609375 0.343955 0.013750 0.018744
0 0.565625 0.382849 0.011250 0.017807
0 0.636875 0.639644 0.021250 0.010309
0 0.586250 0.368322 0.015000 0.016870
0 0.619375 0.631209 0.023750 0.006560
0 0.575625 0.375820 0.013750 0.013121
0 0.706250 0.514058 0.032500 0.030928
0 0.717500 0.359419 0.032500 0.019681
0 0.965000 0.558575 0.012500 0.009372
0 0.116250 0.706186 0.027500 0.029053
0 0.111875 0.923618 0.016250 0.012184
0 0.865625 0.768041 0.021250 0.025305
0 0.465456 0.251982 0.040912 0.012868
1 0.011362 0.786476 0.022725 0.015314
0 0.400775 0.514761 0.016550 0.009841
1 0.345288 0.464082 0.130575 0.054686
