0 0.375625 0.645267 0.111250 0.077788
0 0.396875 0.578725 0.118750 0.087160
0 0.477500 0.616682 0.105000 0.088097
0 0.808750 0.612933 0.067500 0.052484
0 0.572500 0.306467 0.057500 0.048735
0 0.678125 0.673383 0.056250 0.049672
0 0.946250 0.649485 0.055000 0.044986
0 0.453125 0.529991 0.051250 0.032802
0 0.590625 0.340206 0.056250 0.044986
0 0.613750 0.486410 0.057500 0.043112
0 0.678125 0.599813 0.041250 0.041237
0 0.630000 0.533739 0.057500 0.040300
0 0.231875 0.702905 0.041250 0.022493
0 0.142500 0.781631 0.012500 0.013121
0 0.190625 0.686973 0.018750 0.022493
0 0.299375 0.763824 0.026250 0.026242
0 0.103125 0.228210 0.018750 0.015933
0 0.161875 0.175726 0.023750 0.027179
0 0.095000 0.156514 0.015000 0.022493
0 0.641250 0.631678 0.040000 0.026242
0 0.428750 0.772727 0.027500 0.029053
0 0.661250 0.748360 0.022500 0.021556
0 0.527500 0.689784 0.040000 0.031865
0 0.503750 0.808341 0.020000 0.015933
0 0.362500 0.696813 0.020000 0.010309
0 0.279375 0.158857 0.026250 0.029053
0 0.489375 0.231959 0.021250 0.014058
0 0.951250 0.540300 0.022500 0.019681
0 0.876250 0.569353 0.027500 0.023430
0 0.872500 0.542174 0.017500 0.012184
0 0.758125 0.570759 0.016250 0.014995
0 0.757500 0.596532 0.027500 0.032802
0 0.947500 0.482662 0.015000 0.014995
0 0.465625 0.543112 0.016250 0.015933
0 0.456250 0.600281 0.025000 0.025305
0 0.355625 0.628397 0.023750 0.021556
0 0.614375 0.518276 0.048750 0.031865
0 0.616875 0.469541 0.013750 0.007498
0 0.871250 0.530928 0.015000 0.012184
