1 0.809375 0.174789 0.113750 0.096532
1 0.915625 0.439550 0.168750 0.114339
1 0.485625 0.093252 0.113750 0.094658
1 0.636875 0.125117 0.278750 0.120900
0 0.379375 0.548735 0.058750 0.030928
0 0.169375 0.466261 0.086250 0.075914
0 0.777500 0.074039 0.080000 0.026242
0 0.454375 0.442830 0.056250 0.032802
0 0.915625 0.732896 0.043750 0.031865
0 0.431250 0.322399 0.047500 0.037488
0 0.189375 0.720244 0.046250 0.038425
0 0.455625 0.215089 0.186250 0.072165
0 0.040625 0.602156 0.063750 0.017807
0 0.016875 0.636364 0.033750 0.046860
0 0.980000 0.755858 0.030000 0.021556
0 0.941875 0.716963 0.013750 0.011246
0 0.858750 0.755858 0.020000 0.012184
0 0.282500 0.717901 0.025000 0.013121
0 0.086250 0.688379 0.032500 0.023430
0 0.281875 0.727741 0.023750 0.010309
0 0.851875 0.495314 0.021250 0.012184
0 0.913750 0.453608 0.015000 0.013121
0 0.652500 0.424086 0.020000 0.012184
0 0.484375 0.439082 0.016250 0.014058
0 0.644375 0.413308 0.021250 0.011246
0 0.345625 0.352390 0.033750 0.035614
0 0.201875 0.466729 0.021250 0.016870
0 0.190000 0.450328 0.022500 0.017807
0 0.287500 0.573571 0.022500 0.028116
0 0.265000 0.567479 0.035000 0.019681
0 0.140000 0.414246 0.025000 0.011246
0 0.013125 0.573102 0.026250 0.021556
0 0.131875 0.634958 0.023750 0.008435
0 0.805625 0.334583 0.028750 0.016870
0 0.456875 0.322399 0.013750 0.013121
0 0.470000 0.313027 0.012500 0.011246
0 0.370625 0.156045 0.013750 0.012184
0 0.276250 0.320056 0.037500 0.023430
0 0.273750 0.307404 0.017500 0.013121
0 0.306250 0.076382 0.015000 0.014058
0 0.303750 0.158388 0.020000 0.011246
0 0.336875 0.266167 0.038750 0.041237
0 0.339375 0.255389 0.016250 0.015933
0 0.043125 0.613871 0.023750 0.009372
0 0.707500 0.125117 0.140000 0.066542
0 0.046250 0.263355 0.055000 0.022493
0 0.008125 0.314902 0.006250 0.011246
