1 0.198125 0.829897 0.111250 0.094658
1 0.085000 0.566073 0.167500 0.112465
1 0.524288 0.906682 0.111075 0.092652
1 0.371594 0.876593 0.275688 0.116823
0 0.620000 0.449859 0.057500 0.029991
0 0.831294 0.529677 0.085087 0.075286
0 0.232500 0.930178 0.080000 0.025305
0 0.547500 0.556701 0.055000 0.031865
0 0.078750 0.273196 0.042500 0.030928
0 0.573125 0.677132 0.046250 0.036551
0 0.806262 0.275539 0.045025 0.037488
0 0.551250 0.784442 0.185000 0.069353
0 0.957181 0.391931 0.064363 0.017226
0 0.981875 0.357076 0.036250 0.046860
0 0.015000 0.250703 0.030000 0.021556
0 0.053125 0.288660 0.013750 0.011246
0 0.136250 0.248828 0.020000 0.012184
0 0.712500 0.279288 0.025000 0.013121
0 0.910000 0.305998 0.032500 0.023430
0 0.713125 0.269447 0.023750 0.010309
0 0.148125 0.509372 0.021250 0.012184
0 0.087500 0.552015 0.015000 0.013121
0 0.350000 0.577788 0.020000 0.012184
0 0.516875 0.560918 0.016250 0.014058
0 0.358125 0.588566 0.021250 0.011246
0 0.657306 0.645619 0.032113 0.035380
0 0.799375 0.529522 0.021250 0.016870
0 0.811250 0.545923 0.022500 0.017807
0 0.710625 0.423618 0.021250 0.028116
0 0.733750 0.429709 0.035000 0.019681
0 0.862500 0.581068 0.025000 0.011246
0 0.985000 0.420337 0.027500 0.021556
0 0.865625 0.360356 0.023750 0.008435
0 0.198125 0.670164 0.028750 0.016992
0 0.548125 0.677601 0.013750 0.013121
0 0.535000 0.686973 0.012500 0.011246
0 0.638125 0.842081 0.013750 0.012184
0 0.728750 0.677601 0.037500 0.022493
0 0.731250 0.689784 0.017500 0.013121
0 0.703750 0.921743 0.015000 0.014058
0 0.705000 0.838800 0.020000 0.011246
0 0.668594 0.731293 0.037187 0.039906
0 0.667175 0.742737 0.016850 0.015933
0 0.955650 0.380422 0.023800 0.009203
0 0.301744 0.878430 0.138488 0.064264
0 0.958594 0.730464 0.054688 0.021378
0 0.996675 0.679494 0.005850 0.011284
