1 0.605000 0.343662 0.245000 0.229108
0 0.406875 0.819249 0.111250 0.079812
0 0.563750 0.446479 0.110000 0.089202
0 0.727500 0.418779 0.075000 0.105164
1 0.495000 0.168075 0.112500 0.093897
0 0.272500 0.266197 0.055000 0.051643
0 0.508125 0.292488 0.051250 0.044131
0 0.428125 0.378873 0.046250 0.030986
0 0.201250 0.771831 0.112500 0.046948
0 0.202500 0.653052 0.097500 0.036620
0 0.382500 0.394836 0.050000 0.038498
1 0.711875 0.164319 0.126250 0.065728
0 0.503750 0.612207 0.105000 0.039437
1 0.811250 0.198592 0.110000 0.121127
0 0.113125 0.318310 0.046250 0.035681
1 0.240625 0.259624 0.131250 0.149296
0 0.056875 0.794366 0.113750 0.030047
1 0.751250 0.196714 0.102500 0.124883
1 0.880625 0.199531 0.143750 0.117371
1 0.435625 0.134272 0.073750 0.031925
1 0.546875 0.191549 0.103750 0.135211
1 0.230000 0.135681 0.335000 0.061033
0 0.229375 0.700939 0.023750 0.012207
0 0.180625 0.676526 0.031250 0.017840
0 0.056250 0.633333 0.015000 0.014085
0 0.141250 0.371831 0.037500 0.030047
0 0.018750 0.361033 0.015000 0.027230
0 0.077500 0.566197 0.022500 0.009390
0 0.121875 0.360094 0.036250 0.032864
0 0.183750 0.462911 0.025000 0.015023
0 0.071875 0.252582 0.046250 0.030047
0 0.255000 0.313615 0.022500 0.016901
0 0.210625 0.350704 0.046250 0.029108
0 0.281875 0.643662 0.028750 0.021596
0 0.583125 0.854930 0.023750 0.019718
0 0.350625 0.690141 0.036250 0.015023
0 0.422500 0.695305 0.022500 0.021596
0 0.464375 0.869484 0.026250 0.011268
0 0.378750 0.564319 0.022500 0.016901
0 0.281250 0.496714 0.022500 0.016901
0 0.391250 0.534272 0.020000 0.009390
0 0.378125 0.548357 0.011250 0.009390
0 0.546250 0.203286 0.025000 0.027230
0 0.828750 0.862441 0.022500 0.017840
0 0.705625 0.643662 0.021250 0.012207
0 0.878125 0.409390 0.013750 0.015023
0 0.866250 0.514554 0.027500 0.011268
0 0.822500 0.427230 0.015000 0.016901
0 0.536250 0.865728 0.052500 0.028169
0 0.561875 0.724883 0.028750 0.013146
0 0.620625 0.585446 0.023750 0.010329
0 0.620625 0.575117 0.021250 0.010329
0 0.686875 0.284038 0.033750 0.023474
0 0.197500 0.475587 0.027500 0.014085
1 0.053750 0.110329 0.040000 0.023474
