1 0.715000 0.567136 0.290000 0.169014
0 0.070625 0.452582 0.098750 0.078873
0 0.513125 0.095775 0.088750 0.073239
0 0.575625 0.543662 0.111250 0.076995
0 0.624375 0.664319 0.136250 0.049765
1 0.941250 0.473239 0.117500 0.078873
0 0.795000 0.312676 0.065000 0.037559
0 0.776250 0.491080 0.055000 0.035681
0 0.655625 0.437089 0.038750 0.032864
0 0.118750 0.294366 0.055000 0.081690
0 0.276250 0.287324 0.042500 0.071362
0 0.631875 0.404225 0.048750 0.034742
1 0.960494 0.635211 0.078488 0.091080
0 0.351250 0.510798 0.045000 0.076995
0 0.585000 0.081690 0.037500 0.033803
1 0.922500 0.711915 0.155000 0.075474
0 0.715000 0.196714 0.045000 0.032864
1 0.800644 0.288732 0.191287 0.089202
0 0.077500 0.187793 0.032500 0.086385
1 0.919869 0.666920 0.159738 0.068113
1 0.926438 0.764587 0.147875 0.100066
1 0.981250 0.425822 0.037500 0.053521
1 0.913125 0.513272 0.173750 0.068798
1 0.965725 0.271681 0.058950 0.248526
0 0.215000 0.310798 0.015000 0.016901
0 0.243125 0.272300 0.021250 0.022535
0 0.292500 0.176056 0.017500 0.010329
0 0.645000 0.221596 0.037500 0.026291
0 0.649887 0.117371 0.034775 0.033803
0 0.383125 0.187324 0.011250 0.015962
0 0.659650 0.206915 0.041800 0.025099
0 0.528125 0.260563 0.018750 0.017840
0 0.851250 0.112676 0.040000 0.028169
0 0.798750 0.161972 0.037500 0.032864
0 0.730625 0.302817 0.021250 0.015962
0 0.678225 0.272770 0.036450 0.032864
0 0.983125 0.096714 0.028750 0.016901
0 0.293750 0.346479 0.027500 0.020657
0 0.035000 0.586854 0.025000 0.016901
0 0.237500 0.400939 0.017500 0.026291
0 0.235000 0.454930 0.027500 0.015962
0 0.006875 0.498592 0.013750 0.018779
0 0.406875 0.413615 0.021250 0.015962
0 0.489375 0.335573 0.021250 0.015746
0 0.446875 0.421127 0.011250 0.014085
0 0.428125 0.412207 0.011250 0.007512
0 0.897500 0.513615 0.035000 0.016901
0 0.042500 0.771362 0.022500 0.015962
0 0.323750 0.663662 0.015000 0.014648
0 0.646875 0.776526 0.018750 0.009390
0 0.506875 0.775117 0.013750 0.019718
0 0.619375 0.736620 0.021250 0.010329
0 0.017050 0.552169 0.034100 0.037671
0 0.205969 0.561573 0.014438 0.020798
0 0.396200 0.596263 0.012400 0.016939
0 0.408981 0.595310 0.012962 0.015033
0 0.800856 0.624685 0.029213 0.023080
0 0.511413 0.271662 0.017825 0.019380
1 0.985888 0.123164 0.029275 0.060413
0 0.484275 0.055606 0.048550 0.011681
