1 0.543894 0.444601 0.075287 0.062911
0 0.498125 0.306103 0.048750 0.054460
1 0.857844 0.404859 0.153188 0.066056
0 0.518750 0.259155 0.060000 0.045070
0 0.280000 0.160563 0.050000 0.039437
0 0.648219 0.412207 0.053937 0.052582
1 0.946781 0.460704 0.106062 0.044413
0 0.773750 0.167606 0.045000 0.066667
0 0.294375 0.440376 0.046250 0.035681
0 0.672500 0.296244 0.042500 0.038498
0 0.328125 0.187793 0.051250 0.043192
0 0.673750 0.452333 0.062500 0.031427
0 0.519375 0.218310 0.041250 0.040376
0 0.300625 0.220188 0.033750 0.027230
0 0.247500 0.307512 0.017500 0.015962
0 0.279375 0.188732 0.023750 0.015023
0 0.261875 0.311268 0.016250 0.017840
0 0.232500 0.270423 0.015000 0.011268
0 0.248750 0.178873 0.015000 0.010329
0 0.376875 0.181690 0.033750 0.025352
0 0.484375 0.200000 0.018750 0.046948
0 0.568750 0.203756 0.020000 0.011268
0 0.648750 0.244601 0.017500 0.015962
0 0.347500 0.299531 0.012500 0.018779
0 0.980625 0.163850 0.038750 0.010329
0 0.733750 0.153521 0.040000 0.012207
0 0.730000 0.332437 0.032500 0.026376
0 0.730625 0.164789 0.051250 0.012207
0 0.701250 0.333089 0.025000 0.020169
0 0.268750 0.418310 0.020000 0.014085
0 0.246875 0.494836 0.013750 0.015023
0 0.214375 0.370423 0.021250 0.014085
0 0.250000 0.569484 0.015000 0.014085
0 0.271875 0.530516 0.018750 0.026291
0 0.210625 0.393897 0.018750 0.010329
0 0.145000 0.370423 0.012500 0.010329
0 0.236250 0.394366 0.015000 0.009390
0 0.253750 0.409390 0.010000 0.007512
1 0.466250 0.400469 0.040000 0.030986
0 0.604375 0.531455 0.033750 0.026291
0 0.623750 0.375587 0.025000 0.018779
1 0.531875 0.347887 0.038750 0.029108
0 0.628125 0.548357 0.018750 0.015023
0 0.597500 0.453521 0.032500 0.024413
0 0.515000 0.563380 0.017500 0.013146
0 0.341250 0.440845 0.012500 0.014085
0 0.475000 0.483568 0.007500 0.007512
0 0.555000 0.591549 0.007500 0.005634
0 0.433125 0.524413 0.008750 0.006573
0 0.676075 0.509859 0.029650 0.020657
0 0.703125 0.432864 0.023750 0.015023
0 0.676875 0.586385 0.016250 0.010329
0 0.084563 0.150103 0.049125 0.041052
0 0.173519 0.126793 0.027037 0.022601
0 0.199237 0.139709 0.018475 0.010873
0 0.195675 0.145718 0.018850 0.007869
0 0.649687 0.156258 0.024375 0.023315
0 0.519319 0.349207 0.006138 0.009211
0 0.537850 0.355423 0.020700 0.008498
0 0.637288 0.392117 0.012075 0.004892
0 0.518544 0.423169 0.009588 0.010657
