1 0.453750 0.554460 0.077500 0.064789
0 0.493125 0.694366 0.051250 0.055399
1 0.138125 0.586854 0.156250 0.069484
0 0.470000 0.740845 0.062500 0.046948
0 0.704375 0.845540 0.051250 0.040376
0 0.348125 0.584507 0.056250 0.053521
1 0.053125 0.526761 0.106250 0.046948
0 0.211250 0.825352 0.047500 0.067606
0 0.702500 0.564789 0.047500 0.036620
0 0.318125 0.699531 0.043750 0.039437
0 0.658125 0.816432 0.053750 0.044131
0 0.324375 0.543192 0.063750 0.032864
0 0.467500 0.781221 0.042500 0.041315
0 0.686250 0.784977 0.035000 0.028169
0 0.743125 0.699061 0.018750 0.015962
0 0.706250 0.817371 0.025000 0.015962
0 0.730000 0.695305 0.017500 0.017840
0 0.757500 0.737089 0.015000 0.011268
0 0.736250 0.827700 0.015000 0.010329
0 0.608750 0.821596 0.035000 0.026291
0 0.501875 0.800000 0.021250 0.046948
0 0.417500 0.794836 0.020000 0.012207
0 0.339375 0.751643 0.018750 0.015962
0 0.643125 0.704225 0.013750 0.018779
0 0.011250 0.823474 0.022500 0.011268
0 0.250000 0.840376 0.040000 0.013146
0 0.263125 0.661502 0.033750 0.027230
0 0.254375 0.829108 0.051250 0.013146
0 0.291875 0.661972 0.026250 0.020657
0 0.728125 0.587793 0.021250 0.015023
0 0.752500 0.511737 0.015000 0.015023
0 0.780000 0.637559 0.022500 0.015023
0 0.753125 0.437089 0.016250 0.014085
0 0.730000 0.475587 0.020000 0.027230
0 0.784375 0.614085 0.018750 0.011268
0 0.848750 0.638967 0.012500 0.010329
0 0.758750 0.613146 0.015000 0.009390
0 0.742500 0.597183 0.010000 0.007512
1 0.529375 0.600939 0.041250 0.031925
0 0.397500 0.466197 0.035000 0.027230
0 0.370625 0.621127 0.026250 0.019718
1 0.461250 0.651643 0.040000 0.030047
0 0.375000 0.448357 0.020000 0.015962
0 0.400625 0.544131 0.033750 0.025352
0 0.488750 0.436620 0.017500 0.013146
0 0.655625 0.563850 0.013750 0.014085
0 0.525000 0.517371 0.007500 0.007512
0 0.450000 0.407512 0.007500 0.005634
0 0.568125 0.477465 0.008750 0.006573
0 0.324375 0.485915 0.031250 0.021596
0 0.293750 0.561972 0.025000 0.015962
0 0.328125 0.408920 0.016250 0.010329
0 0.899375 0.861502 0.051250 0.042254
0 0.809375 0.882160 0.028750 0.023474
0 0.784375 0.868075 0.018750 0.012207
0 0.788125 0.862441 0.018750 0.008451
0 0.335625 0.839437 0.026250 0.024413
0 0.474375 0.649765 0.006250 0.009390
0 0.455625 0.644131 0.021250 0.009390
0 0.357500 0.604225 0.012500 0.004695
0 0.477500 0.576056 0.010000 0.010329
