1 0.571875 0.535211 0.086250 0.058216
0 0.758125 0.505634 0.073750 0.038498
1 0.615000 0.772300 0.092500 0.117371
0 0.820000 0.523005 0.062500 0.046948
0 0.959375 0.346948 0.053750 0.038498
0 0.611875 0.614554 0.071250 0.042254
1 0.536250 0.837089 0.062500 0.081690
0 0.932500 0.717371 0.090000 0.035681
0 0.586875 0.348357 0.048750 0.035681
0 0.765000 0.637089 0.052500 0.032864
0 0.921875 0.381690 0.058750 0.040376
0 0.558125 0.632394 0.043750 0.047887
0 0.875000 0.524883 0.055000 0.031925
0 0.880000 0.360563 0.037500 0.026291
0 0.765625 0.317840 0.021250 0.014085
0 0.921875 0.345540 0.021250 0.018779
0 0.759375 0.327700 0.023750 0.013146
0 0.815000 0.307042 0.015000 0.011268
0 0.936875 0.323005 0.013750 0.011268
0 0.927500 0.418779 0.035000 0.026291
0 0.900000 0.499061 0.062500 0.015962
0 0.891875 0.562441 0.016250 0.015023
0 0.834375 0.621127 0.021250 0.014085
0 0.772500 0.392958 0.025000 0.010329
0 0.931250 0.872770 0.015000 0.029108
0 0.952500 0.688263 0.017500 0.030047
0 0.715625 0.678404 0.036250 0.025352
0 0.938750 0.684977 0.017500 0.038498
0 0.716250 0.656808 0.027500 0.019718
0 0.617500 0.329108 0.020000 0.015962
0 0.516250 0.310798 0.020000 0.011268
0 0.682500 0.290141 0.020000 0.016901
0 0.416875 0.310329 0.018750 0.012207
0 0.468125 0.327700 0.036250 0.015023
0 0.651250 0.286854 0.015000 0.014085
0 0.685625 0.238498 0.013750 0.009390
0 0.650000 0.306103 0.012500 0.011268
0 0.630000 0.318310 0.010000 0.007512
1 0.633750 0.478404 0.042500 0.030986
0 0.454375 0.577465 0.036250 0.026291
0 0.661875 0.597653 0.026250 0.019718
1 0.701250 0.529577 0.040000 0.030047
0 0.431875 0.594366 0.021250 0.015023
0 0.558125 0.575117 0.033750 0.025352
0 0.415000 0.508920 0.017500 0.013146
0 0.584375 0.383568 0.018750 0.010329
0 0.522500 0.481690 0.010000 0.005634
0 0.376250 0.538028 0.007500 0.005634
0 0.470625 0.449296 0.008750 0.006573
0 0.480625 0.632394 0.028750 0.023474
0 0.583125 0.655399 0.021250 0.018779
0 0.379375 0.629577 0.013750 0.012207
0 0.976250 0.200469 0.047500 0.038498
0 0.996250 0.267606 0.007500 0.020657
0 0.990625 0.286854 0.016250 0.014085
0 0.981875 0.284038 0.011250 0.014085
0 0.951250 0.623944 0.032500 0.019718
0 0.700000 0.519718 0.012500 0.004695
0 0.692500 0.533803 0.012500 0.015962
0 0.638125 0.607512 0.006250 0.009390
0 0.601875 0.517371 0.013750 0.007512
