0 0.620625 0.559981 0.101250 0.081537
0 0.081875 0.480319 0.086250 0.066542
0 0.521250 0.824742 0.120000 0.084349
0 0.775000 0.389410 0.072500 0.064667
0 0.928750 0.552952 0.070000 0.059981
1 0.283125 0.331303 0.223750 0.180881
1 0.422500 0.187441 0.137500 0.125586
0 0.041875 0.625586 0.053750 0.059044
0 0.826250 0.561387 0.075000 0.061856
0 0.625625 0.821462 0.081250 0.060918
0 0.528750 0.762418 0.085000 0.072165
0 0.734375 0.791471 0.061250 0.062793
0 0.509375 0.699157 0.123750 0.050609
0 0.598750 0.663543 0.067500 0.058107
0 0.545625 0.632615 0.113750 0.071228
0 0.693750 0.768041 0.067500 0.068416
0 0.511250 0.616214 0.085000 0.074039
0 0.705625 0.147610 0.053750 0.045923
0 0.333750 0.690722 0.075000 0.069353
0 0.308750 0.527179 0.047500 0.040300
0 0.516875 0.472352 0.071250 0.048735
0 0.565000 0.343018 0.062500 0.052484
0 0.266875 0.276945 0.046250 0.042174
0 0.678125 0.155576 0.041250 0.044986
0 0.435000 0.505623 0.075000 0.047798
0 0.565000 0.275539 0.052500 0.058107
0 0.752500 0.267104 0.030000 0.031865
0 0.814375 0.348641 0.026250 0.020619
0 0.841250 0.440956 0.027500 0.029053
0 0.956250 0.669166 0.037500 0.037488
0 0.833125 0.794752 0.031250 0.031865
0 0.802500 0.626054 0.017500 0.014995
0 0.872500 0.641987 0.027500 0.028116
0 0.325625 0.282568 0.021250 0.017807
0 0.302500 0.327085 0.020000 0.018744
0 0.286250 0.321931 0.017500 0.015933
0 0.257500 0.340675 0.037500 0.045923
0 0.605625 0.212277 0.026250 0.015933
0 0.636250 0.115745 0.042500 0.027179
0 0.711875 0.455951 0.028750 0.030928
0 0.352500 0.736176 0.020000 0.015933
0 0.055000 0.385661 0.015000 0.014058
0 0.296875 0.860825 0.038750 0.038425
0 0.123125 0.776476 0.036250 0.034677
0 0.141250 0.723055 0.020000 0.017807
0 0.118125 0.729616 0.021250 0.017807
0 0.687500 0.849578 0.042500 0.019681
0 0.692500 0.798969 0.017500 0.015933
0 0.588125 0.223524 0.026250 0.019681
0 0.338125 0.622774 0.061250 0.047798
0 0.314375 0.625586 0.096250 0.077788
0 0.306875 0.598875 0.113750 0.089972
