0 0.598125 0.419869 0.096250 0.065604
0 0.408750 0.806935 0.077500 0.056232
0 0.931250 0.535614 0.097500 0.079663
0 0.397500 0.279756 0.077500 0.045923
0 0.636875 0.191190 0.071250 0.044986
1 0.243094 0.633697 0.213687 0.144620
1 0.075625 0.509016 0.151250 0.086448
0 0.593750 0.868322 0.072500 0.051546
0 0.631875 0.268510 0.073750 0.047798
0 0.943125 0.457826 0.071250 0.053421
0 0.849375 0.520150 0.086250 0.054358
0 0.920000 0.372071 0.077500 0.037488
0 0.763750 0.524836 0.050000 0.088097
0 0.730625 0.452671 0.068750 0.043112
0 0.681250 0.487348 0.080000 0.076851
0 0.883125 0.398313 0.083750 0.041237
0 0.654375 0.509841 0.088750 0.054358
0 0.067500 0.292877 0.055000 0.034677
0 0.724375 0.653233 0.083750 0.046860
0 0.504844 0.645722 0.047188 0.029963
0 0.465625 0.483130 0.056250 0.047798
0 0.302500 0.427835 0.062500 0.040300
0 0.169375 0.637769 0.051250 0.029053
0 0.073750 0.313964 0.055000 0.024367
0 0.496875 0.549330 0.053750 0.050862
0 0.214694 0.416359 0.071887 0.030469
0 0.231875 0.276945 0.038750 0.017807
0 0.349375 0.243674 0.023750 0.016870
0 0.475625 0.238051 0.036250 0.016870
0 0.794375 0.188847 0.046250 0.023430
0 0.939375 0.299906 0.038750 0.018744
0 0.712500 0.296157 0.017500 0.011246
0 0.745000 0.246485 0.035000 0.016870
0 0.185725 0.595651 0.021450 0.014171
0 0.241250 0.619025 0.022500 0.012184
0 0.231875 0.630740 0.018750 0.011246
0 0.252500 0.654639 0.057500 0.021556
0 0.137500 0.377226 0.017500 0.017807
0 0.014712 0.338697 0.029425 0.028847
0 0.475000 0.336115 0.037500 0.018060
0 0.788125 0.646673 0.018750 0.013121
0 0.280000 0.811621 0.017500 0.009372
0 0.943125 0.706654 0.046250 0.024367
0 0.805000 0.822868 0.042500 0.022493
0 0.736875 0.800375 0.021250 0.013121
0 0.741875 0.818650 0.021250 0.014058
0 0.990300 0.415173 0.020600 0.029972
0 0.923431 0.404930 0.019363 0.011359
0 0.148856 0.391546 0.022713 0.016457
0 0.635794 0.639246 0.056588 0.039503
0 0.636119 0.656996 0.092238 0.061884
0 0.599656 0.659166 0.106813 0.073721
