0 0.340000 0.618779 0.100000 0.069484
0 0.401875 0.743662 0.156250 0.125822
0 0.205000 0.375587 0.147500 0.084507
0 0.665000 0.505164 0.137500 0.092019
0 0.839375 0.582160 0.101250 0.120188
0 0.450625 0.444131 0.088750 0.065728
0 0.414375 0.588263 0.136250 0.102347
0 0.653125 0.636620 0.123750 0.120188
0 0.195000 0.660563 0.105000 0.074178
0 0.873125 0.646948 0.116250 0.101408
0 0.709375 0.270892 0.153750 0.072300
0 0.331875 0.344601 0.138750 0.086385
0 0.566875 0.693897 0.086250 0.127700
0 0.585625 0.253052 0.086250 0.062911
0 0.974375 0.777934 0.051250 0.040376
0 0.975000 0.551174 0.050000 0.037559
0 0.358750 0.301878 0.075000 0.055399
0 0.625625 0.393427 0.106250 0.048826
0 0.813125 0.774178 0.061250 0.042254
0 0.752500 0.338028 0.142500 0.054460
0 0.952500 0.569014 0.052500 0.037559
0 0.878750 0.193427 0.060000 0.031925
0 0.805625 0.630516 0.066250 0.032864
0 0.848750 0.292019 0.162500 0.058216
0 0.745000 0.497183 0.042500 0.036620
0 0.766875 0.462911 0.021250 0.016901
0 0.778125 0.469484 0.028750 0.024413
0 0.578125 0.535681 0.038750 0.027230
0 0.002500 0.428638 0.005000 0.017840
0 0.650625 0.172770 0.021250 0.015023
0 0.583125 0.083099 0.046250 0.034742
0 0.616875 0.282629 0.038750 0.031925
0 0.818750 0.641784 0.027500 0.010329
0 0.156875 0.880282 0.143750 0.034742
0 0.537500 0.416432 0.030000 0.021596
0 0.693125 0.260563 0.021250 0.010329
