0 0.383125 0.355399 0.088750 0.072300
0 0.206875 0.373239 0.161250 0.111737
0 0.728125 0.311737 0.106250 0.107042
0 0.458125 0.619718 0.116250 0.099531
0 0.316875 0.730047 0.156250 0.070423
0 0.584375 0.476056 0.083750 0.063850
0 0.405000 0.417371 0.130000 0.098592
0 0.290000 0.581221 0.155000 0.088263
0 0.360625 0.240845 0.093750 0.076056
0 0.226875 0.740845 0.131250 0.082629
0 0.750625 0.705634 0.088750 0.113615
0 0.740000 0.412207 0.110000 0.101408
0 0.233750 0.505164 0.167500 0.058216
0 0.801250 0.618779 0.080000 0.061972
0 0.031875 0.786385 0.051250 0.038498
0 0.327500 0.835681 0.047500 0.035681
0 0.788750 0.440845 0.070000 0.053521
0 0.611250 0.616432 0.060000 0.077934
0 0.074375 0.668075 0.053750 0.044131
0 0.653750 0.721127 0.065000 0.105164
0 0.308750 0.815962 0.047500 0.037559
0 0.813750 0.846479 0.040000 0.044131
0 0.262500 0.694836 0.040000 0.048826
0 0.691250 0.801878 0.070000 0.120188
0 0.449375 0.679812 0.046250 0.030047
0 0.488125 0.703286 0.021250 0.015023
0 0.476875 0.710798 0.031250 0.020657
0 0.235000 0.853991 0.030000 0.014085
0 0.436875 0.549296 0.033750 0.028169
0 0.706250 0.145540 0.022500 0.016901
0 0.890625 0.683568 0.018750 0.015023
0 0.756875 0.634742 0.041250 0.028169
0 0.245000 0.701408 0.012500 0.020657
0 0.084375 0.163380 0.038750 0.107042
0 0.600000 0.546009 0.027500 0.021596
0 0.767500 0.695305 0.012500 0.015962
