1 0.653750 0.408622 0.130000 0.114339
1 0.428750 0.297563 0.095000 0.079663
1 0.549375 0.343955 0.088750 0.076851
0 0.698750 0.650890 0.085000 0.081537
0 0.662500 0.687441 0.087500 0.072165
0 0.363125 0.753515 0.098750 0.061856
0 0.575625 0.654171 0.078750 0.058107
0 0.622500 0.615745 0.072500 0.052484
1 0.301250 0.210872 0.130000 0.084349
0 0.260625 0.804124 0.071250 0.056232
0 0.336250 0.683693 0.125000 0.079663
0 0.219375 0.674321 0.058750 0.045923
0 0.267500 0.721181 0.112500 0.059044
0 0.320625 0.269916 0.096250 0.041237
0 0.481875 0.382381 0.048750 0.035614
0 0.525625 0.407216 0.046250 0.038425
0 0.380000 0.613871 0.080000 0.118088
1 0.346875 0.134489 0.081250 0.023430
0 0.848750 0.238051 0.022500 0.022493
0 0.888750 0.353796 0.030000 0.023430
0 0.846875 0.450797 0.021250 0.020619
0 0.750000 0.463449 0.010000 0.008435
0 0.766875 0.745080 0.031250 0.022493
0 0.861875 0.839738 0.026250 0.020619
0 0.730625 0.809747 0.021250 0.016870
0 0.891250 0.652296 0.020000 0.014995
0 0.880000 0.635895 0.010000 0.008435
0 0.813125 0.788191 0.021250 0.022493
0 0.650625 0.161668 0.026250 0.023430
0 0.330000 0.453140 0.017500 0.017807
0 0.689375 0.618557 0.061250 0.016870
0 0.538750 0.603093 0.017500 0.014058
0 0.535625 0.751172 0.036250 0.019681
0 0.381875 0.813964 0.031250 0.025305
0 0.348750 0.858482 0.022500 0.016870
0 0.317500 0.827085 0.032500 0.023430
0 0.528750 0.673383 0.010000 0.012184
0 0.485000 0.769447 0.010000 0.007498
0 0.091250 0.344892 0.030000 0.037488
0 0.228125 0.303187 0.028750 0.025305
0 0.143750 0.152765 0.010000 0.011246
0 0.265625 0.378632 0.026250 0.020619
0 0.254375 0.843486 0.031250 0.026242
0 0.061250 0.671509 0.012500 0.012184
0 0.181250 0.864105 0.035000 0.011246
0 0.699375 0.732427 0.021250 0.021556
0 0.856875 0.653233 0.036250 0.033739
0 0.845000 0.653233 0.007500 0.011246
0 0.669375 0.649485 0.028750 0.037488
0 0.638125 0.697751 0.036250 0.032802
0 0.519375 0.673852 0.008750 0.011246
0 0.061875 0.756326 0.011250 0.007498
0 0.642500 0.729616 0.007500 0.006560
