0 0.399375 0.400469 0.086250 0.059155
0 0.086250 0.565728 0.062500 0.053521
0 0.122500 0.779343 0.055000 0.035681
0 0.380625 0.446479 0.088750 0.061033
0 0.176250 0.318779 0.065000 0.036620
1 0.775625 0.456808 0.266250 0.083568
0 0.533750 0.477465 0.077500 0.046009
0 0.358125 0.540845 0.128750 0.033803
0 0.498125 0.537089 0.043750 0.048826
0 0.456875 0.414085 0.066250 0.114554
0 0.981875 0.510798 0.036250 0.041315
0 0.614375 0.385446 0.096250 0.062911
0 0.136875 0.248826 0.036250 0.031925
0 0.288750 0.236150 0.027500 0.015962
0 0.026875 0.178404 0.036250 0.033803
0 0.886250 0.192019 0.032500 0.029108
0 0.927500 0.255869 0.035000 0.029108
0 0.831875 0.163380 0.026250 0.015023
0 0.771875 0.158685 0.018750 0.009390
0 0.718125 0.161033 0.018750 0.010329
0 0.113125 0.500939 0.043750 0.032864
0 0.257500 0.620188 0.037500 0.023474
0 0.144375 0.649296 0.036250 0.040376
0 0.199375 0.541315 0.033750 0.017840
0 0.253125 0.570423 0.028750 0.015962
0 0.615625 0.428169 0.073750 0.024413
0 0.453125 0.609859 0.018750 0.014085
0 0.615000 0.511737 0.015000 0.009390
0 0.941250 0.321127 0.035000 0.028169
0 0.705625 0.594836 0.041250 0.017840
0 0.176875 0.727700 0.033750 0.041315
0 0.253750 0.698122 0.030000 0.015962
0 0.191250 0.721596 0.015000 0.012207
0 0.458750 0.724413 0.040000 0.021596
0 0.481875 0.688732 0.016250 0.023474
0 0.450625 0.562441 0.028750 0.078873
0 0.465000 0.616901 0.010000 0.016901
1 0.308750 0.623944 0.352500 0.299531
