1 0.206875 0.579343 0.136250 0.103286
1 0.325000 0.528638 0.217500 0.155869
0 0.490000 0.462911 0.107500 0.073239
0 0.725625 0.557277 0.201250 0.115493
0 0.745000 0.712207 0.180000 0.119249
0 0.368750 0.400469 0.102500 0.072300
0 0.736250 0.807981 0.105000 0.083568
0 0.453125 0.349765 0.083750 0.057277
0 0.707500 0.643662 0.120000 0.081690
0 0.525000 0.414554 0.060000 0.042254
1 0.093125 0.458216 0.186250 0.150235
0 0.513750 0.578873 0.087500 0.057277
0 0.316875 0.716901 0.078750 0.051643
0 0.538125 0.512676 0.076250 0.056338
1 0.601250 0.380282 0.130000 0.097653
0 0.908750 0.421596 0.060000 0.060094
0 0.521250 0.367606 0.075000 0.053521
0 0.536875 0.674648 0.073750 0.059155
0 0.415000 0.588732 0.057500 0.043192
0 0.370625 0.597183 0.053750 0.046948
1 0.120000 0.235211 0.150000 0.117371
0 0.029375 0.513146 0.058750 0.051643
0 0.073125 0.307512 0.071250 0.047887
0 0.496875 0.549765 0.056250 0.040376
0 0.617500 0.236150 0.057500 0.036620
0 0.573750 0.163850 0.060000 0.042254
0 0.508750 0.148826 0.057500 0.040376
1 0.630000 0.248357 0.130000 0.091080
0 0.963750 0.635211 0.037500 0.059155
1 0.065625 0.333333 0.096250 0.135211
0 0.603750 0.852113 0.022500 0.014085
0 0.514375 0.805164 0.041250 0.036620
0 0.361875 0.801408 0.028750 0.015962
0 0.405625 0.713146 0.021250 0.015962
0 0.021250 0.615023 0.030000 0.052582
0 0.006875 0.605634 0.013750 0.013146
0 0.796250 0.505634 0.045000 0.032864
0 0.923125 0.601408 0.033750 0.023474
0 0.869375 0.586385 0.036250 0.027230
0 0.860625 0.558216 0.018750 0.015962
0 0.866875 0.544131 0.031250 0.023474
0 0.910000 0.495775 0.022500 0.016901
0 0.841875 0.549765 0.031250 0.023474
0 0.926875 0.615493 0.021250 0.014085
0 0.898750 0.576995 0.032500 0.023474
0 0.898125 0.595305 0.031250 0.022535
0 0.905625 0.612676 0.033750 0.025352
0 0.925000 0.571362 0.045000 0.032864
0 0.668750 0.400469 0.045000 0.036620
0 0.315000 0.639437 0.042500 0.035681
0 0.363750 0.509390 0.050000 0.027230
0 0.440625 0.554460 0.043750 0.025352
0 0.599375 0.361033 0.046250 0.029108
0 0.405000 0.265258 0.047500 0.032864
0 0.641875 0.198122 0.046250 0.033803
0 0.656875 0.239906 0.023750 0.021596
0 0.662500 0.280282 0.015000 0.012207
0 0.091250 0.372300 0.032500 0.064789
0 0.022500 0.416901 0.027500 0.037559
0 0.358125 0.813615 0.026250 0.012207
0 0.912500 0.585915 0.017500 0.013146
0 0.845625 0.534742 0.018750 0.014085
0 0.596875 0.355869 0.016250 0.011268
0 0.630625 0.368075 0.013750 0.013146
0 0.616875 0.231925 0.016250 0.013146
0 0.490625 0.226291 0.051250 0.035681
0 0.626875 0.351643 0.021250 0.015962
