1 0.364375 0.289202 0.126250 0.093897
1 0.443750 0.371831 0.190000 0.152113
0 0.548125 0.488263 0.088750 0.075117
0 0.448125 0.674648 0.136250 0.143662
0 0.245625 0.705634 0.143750 0.126761
0 0.618750 0.391549 0.087500 0.071362
0 0.118125 0.708451 0.103750 0.072300
0 0.695000 0.448826 0.070000 0.058216
0 0.331875 0.669484 0.098750 0.084507
0 0.616875 0.510329 0.051250 0.042254
1 0.511875 0.188263 0.183750 0.136150
0 0.396875 0.518779 0.068750 0.061033
0 0.195000 0.385446 0.062500 0.055399
0 0.487500 0.529577 0.070000 0.052582
1 0.670000 0.562441 0.120000 0.090141
0 0.646875 0.797653 0.076250 0.040376
0 0.678125 0.501878 0.066250 0.051643
0 0.273750 0.545540 0.072500 0.050704
0 0.374375 0.445540 0.053750 0.040376
0 0.357500 0.413615 0.057500 0.036620
1 0.811250 0.188732 0.145000 0.103286
0 0.433125 0.148826 0.063750 0.042254
0 0.711250 0.161033 0.057500 0.049765
0 0.435000 0.502817 0.050000 0.038498
0 0.863125 0.560094 0.043750 0.040376
0 0.954375 0.520657 0.051250 0.042254
0 0.966250 0.469484 0.050000 0.039437
1 0.847500 0.570892 0.110000 0.090141
0 0.369375 0.860094 0.076250 0.022535
1 0.676250 0.158216 0.175000 0.059155
0 0.045625 0.614554 0.016250 0.015962
0 0.098125 0.542254 0.046250 0.027230
0 0.086875 0.428169 0.018750 0.020657
0 0.207500 0.451643 0.020000 0.015023
0 0.298125 0.154460 0.068750 0.017840
0 0.169375 0.145070 0.026250 0.010329
0 0.308125 0.142254 0.016250 0.012207
0 0.523750 0.722535 0.040000 0.030986
0 0.410625 0.826761 0.028750 0.023474
0 0.424375 0.784507 0.033750 0.025352
0 0.461250 0.775587 0.020000 0.013146
0 0.481250 0.778873 0.027500 0.021596
0 0.550000 0.806103 0.020000 0.015962
0 0.470625 0.760563 0.028750 0.020657
0 0.391250 0.830986 0.017500 0.015023
0 0.440625 0.806573 0.028750 0.022535
0 0.415625 0.807042 0.026250 0.021596
0 0.393125 0.815493 0.031250 0.023474
0 0.451250 0.824883 0.040000 0.030986
0 0.650000 0.615493 0.045000 0.030986
0 0.296875 0.376995 0.043750 0.029108
0 0.475000 0.399531 0.032500 0.036620
0 0.421250 0.461502 0.030000 0.030986
0 0.695000 0.559155 0.035000 0.032864
0 0.801250 0.404225 0.040000 0.032864
0 0.915625 0.574648 0.041250 0.031925
0 0.861250 0.590141 0.027500 0.015962
0 0.808750 0.598592 0.015000 0.010329
0 0.626250 0.181221 0.085000 0.018779
0 0.560625 0.134742 0.048750 0.017840
0 0.070625 0.426761 0.013750 0.019718
0 0.430625 0.817371 0.016250 0.012207
0 0.491250 0.761502 0.017500 0.013146
0 0.700625 0.557746 0.013750 0.011268
0 0.687500 0.583099 0.017500 0.009390
0 0.868125 0.558685 0.016250 0.011268
0 0.862500 0.464789 0.042500 0.035681
0 0.710000 0.579343 0.020000 0.015023
