0 0.738125 0.573102 0.068750 0.047798
0 0.571250 0.746017 0.132500 0.089972
0 0.305625 0.756795 0.041250 0.032802
0 0.682500 0.602156 0.080000 0.053421
0 0.493125 0.810216 0.041250 0.032802
0 0.673125 0.656982 0.063750 0.041237
0 0.931287 0.444339 0.080075 0.127666
0 0.081363 0.578065 0.045225 0.037104
0 0.917869 0.377470 0.080738 0.091396
0 0.818125 0.322207 0.076250 0.097085
0 0.880050 0.366387 0.075100 0.127338
0 0.077500 0.169634 0.035000 0.024367
0 0.110625 0.187910 0.021250 0.015933
0 0.214375 0.315370 0.031250 0.019681
0 0.223125 0.154639 0.008750 0.007498
0 0.265487 0.285440 0.025975 0.014180
0 0.970625 0.261481 0.041250 0.016870
0 0.733750 0.178538 0.017500 0.014058
0 0.747500 0.185567 0.015000 0.011246
0 0.813125 0.213683 0.031250 0.020619
0 0.966875 0.137769 0.063750 0.014995
0 0.028750 0.487816 0.030000 0.021556
0 0.550000 0.445642 0.020000 0.015933
0 0.341250 0.435333 0.017500 0.012184
0 0.343750 0.575914 0.020000 0.014058
0 0.343125 0.423149 0.021250 0.012184
0 0.919375 0.628866 0.053750 0.013121
0 0.811844 0.389410 0.031187 0.023430
0 0.986875 0.608247 0.023750 0.024367
0 0.878125 0.501874 0.028750 0.014058
0 0.858125 0.426429 0.021250 0.024367
0 0.841875 0.484067 0.031250 0.017807
0 0.790000 0.515933 0.017500 0.010309
0 0.818750 0.597470 0.047500 0.012184
0 0.850625 0.604499 0.028750 0.009372
0 0.828750 0.645267 0.027500 0.008435
0 0.954375 0.665417 0.031250 0.005623
0 0.176875 0.767104 0.038750 0.029053
0 0.090625 0.803187 0.028750 0.020619
0 0.892500 0.738519 0.042500 0.016870
0 0.794375 0.769916 0.021250 0.017807
0 0.868750 0.725398 0.027500 0.009372
0 0.961250 0.784911 0.027500 0.008435
0 0.750625 0.688847 0.036250 0.028116
0 0.986875 0.811621 0.023750 0.009372
0 0.154375 0.348772 0.043750 0.024630
0 0.360262 0.433768 0.013025 0.009053
0 0.460119 0.490656 0.022738 0.019738
0 0.435556 0.500544 0.026113 0.017020
0 0.378337 0.543172 0.024175 0.017929
0 0.006519 0.676125 0.013038 0.025164
0 0.940200 0.503922 0.027900 0.008782
0 0.885475 0.429588 0.075950 0.088791
0 0.937994 0.338679 0.023487 0.011940
0 0.896050 0.301603 0.024600 0.010890
0 0.812438 0.280253 0.024875 0.011303
0 0.651875 0.391612 0.016250 0.014714
1 0.430762 0.358674 0.441525 0.336842
1 0.221156 0.490436 0.442313 0.349194
