1 0.245625 0.562793 0.491250 0.366448
0 0.184375 0.368322 0.128750 0.065604
0 0.916875 0.397844 0.056250 0.034677
0 0.680625 0.201968 0.063750 0.047798
0 0.787500 0.367854 0.057500 0.034677
0 0.583750 0.181350 0.067500 0.059044
0 0.299375 0.393158 0.051250 0.027179
0 0.366875 0.352858 0.086250 0.126523
0 0.840625 0.469541 0.016250 0.020619
0 0.902500 0.604967 0.025000 0.021556
0 0.936875 0.571696 0.018750 0.016870
0 0.976875 0.522962 0.033750 0.016870
0 0.905000 0.537957 0.022500 0.020619
0 0.933125 0.705717 0.021250 0.018744
0 0.779375 0.667291 0.018750 0.016870
0 0.882500 0.651359 0.022500 0.022493
0 0.760625 0.750703 0.021250 0.011246
0 0.895000 0.658388 0.012500 0.012184
0 0.868125 0.691190 0.008750 0.006560
0 0.358750 0.517807 0.035000 0.032802
0 0.506875 0.447516 0.021250 0.023430
0 0.436875 0.621837 0.018750 0.019681
0 0.349375 0.843955 0.031250 0.023430
0 0.303750 0.829428 0.027500 0.024367
0 0.294375 0.779756 0.033750 0.029991
0 0.318125 0.837863 0.018750 0.016870
0 0.371250 0.814433 0.010000 0.009372
0 0.311875 0.783037 0.018750 0.017807
0 0.361875 0.818650 0.008750 0.008435
0 0.253750 0.409091 0.012500 0.008435
0 0.753750 0.171978 0.082500 0.023430
0 0.737500 0.181818 0.145000 0.037488
1 0.492500 0.181818 0.147500 0.114339
0 0.868750 0.671978 0.007500 0.005623
0 0.875000 0.675258 0.005000 0.006560
0 0.879375 0.678538 0.008750 0.007498
0 0.876250 0.684630 0.007500 0.006560
0 0.423125 0.604967 0.008750 0.010309
0 0.415000 0.602156 0.010000 0.010309
0 0.307500 0.506092 0.010000 0.007498
0 0.301250 0.510778 0.010000 0.009372
0 0.291250 0.510309 0.010000 0.008435
0 0.063125 0.414714 0.016250 0.010309
1 0.209375 0.775539 0.418750 0.195876
