1 0.315000 0.577891 0.205000 0.110936
1 0.458125 0.439024 0.178750 0.185681
1 0.245625 0.765932 0.201250 0.082612
1 0.530000 0.321007 0.132500 0.130606
0 0.665000 0.223053 0.052500 0.030685
0 0.932500 0.271046 0.115000 0.041699
0 0.875625 0.619197 0.041250 0.025177
0 0.916250 0.533438 0.042500 0.023603
0 0.917500 0.442958 0.022500 0.051928
0 0.787500 0.549174 0.012500 0.011015
0 0.804375 0.596381 0.018750 0.012589
0 0.786875 0.576318 0.013750 0.010228
0 0.916250 0.477970 0.015000 0.010228
0 0.926250 0.478363 0.012500 0.009441
0 0.668750 0.202990 0.037500 0.018883
0 0.498750 0.194729 0.027500 0.019670
0 0.471875 0.190008 0.033750 0.013375
0 0.561875 0.543666 0.038750 0.017309
0 0.515000 0.464201 0.030000 0.028324
0 0.709375 0.473249 0.016250 0.010228
0 0.458125 0.474430 0.021250 0.015736
0 0.685625 0.590480 0.026250 0.007081
0 0.321875 0.546814 0.016250 0.012589
0 0.696875 0.708104 0.041250 0.026751
0 0.454375 0.647915 0.023750 0.021243
0 0.476250 0.782455 0.022500 0.016522
0 0.720625 0.721086 0.033750 0.025964
0 0.645625 0.706924 0.046250 0.011802
0 0.552500 0.684894 0.015000 0.010228
0 0.186250 0.487018 0.022500 0.014162
0 0.140000 0.730134 0.015000 0.020456
0 0.806875 0.635327 0.018750 0.008655
0 0.804375 0.644375 0.016250 0.009441
0 0.856875 0.674666 0.013750 0.007081
0 0.790625 0.558222 0.081250 0.011802
0 0.942500 0.234854 0.022500 0.040126
0 0.960625 0.238002 0.016250 0.032258
0 0.735625 0.201810 0.033750 0.005507
