1 0.526875 0.607042 0.143750 0.124883
1 0.810000 0.620657 0.160000 0.127700
1 0.174375 0.509390 0.168750 0.077934
1 0.333750 0.538028 0.237500 0.110798
0 0.060625 0.268545 0.053750 0.069484
0 0.286875 0.254930 0.068750 0.012207
0 0.020000 0.266667 0.040000 0.015023
0 0.521250 0.257277 0.030000 0.024413
0 0.405625 0.242723 0.028750 0.025352
0 0.500000 0.303756 0.017500 0.012207
0 0.333750 0.250235 0.012500 0.008451
0 0.439375 0.319718 0.013750 0.008451
0 0.476250 0.317371 0.012500 0.007512
0 0.550000 0.295775 0.012500 0.009390
0 0.332500 0.244131 0.012500 0.007512
0 0.561250 0.296244 0.010000 0.008451
0 0.452500 0.316432 0.012500 0.050704
0 0.655625 0.174648 0.008750 0.007512
0 0.014375 0.546009 0.023750 0.015962
0 0.031875 0.439437 0.038750 0.031925
0 0.008125 0.439906 0.016250 0.021596
0 0.011875 0.561502 0.016250 0.020657
0 0.362500 0.499061 0.037500 0.017840
0 0.605000 0.510798 0.027500 0.013146
0 0.459375 0.458685 0.021250 0.023474
0 0.350625 0.377934 0.013750 0.010329
0 0.642500 0.446479 0.012500 0.008451
0 0.506875 0.376526 0.008750 0.018779
0 0.492500 0.605164 0.020000 0.012207
0 0.382500 0.532864 0.020000 0.010329
0 0.672500 0.336620 0.032500 0.021596
0 0.947500 0.499531 0.020000 0.028169
0 0.888125 0.384038 0.021250 0.015023
0 0.780000 0.478873 0.022500 0.013146
0 0.657500 0.354930 0.032500 0.024413
0 0.930625 0.482160 0.018750 0.034742
0 0.429375 0.696244 0.018750 0.014085
0 0.973750 0.676995 0.020000 0.011268
0 0.749375 0.692488 0.028750 0.008451
0 0.946875 0.679343 0.026250 0.008451
0 0.018750 0.255869 0.037500 0.010329
0 0.659375 0.380282 0.006250 0.016901
0 0.665000 0.392488 0.007500 0.016901
0 0.413125 0.525352 0.006250 0.004695
0 0.595000 0.260563 0.010000 0.010329
