1 0.471250 0.393427 0.147500 0.125822
1 0.187500 0.383099 0.162500 0.129577
1 0.825000 0.486854 0.170000 0.079812
1 0.666250 0.459624 0.240000 0.113615
0 0.945000 0.725352 0.055000 0.070423
0 0.718750 0.742723 0.070000 0.013146
0 0.982500 0.726291 0.035000 0.015962
0 0.484375 0.744131 0.031250 0.025352
0 0.600000 0.756338 0.030000 0.025352
0 0.505000 0.696244 0.017500 0.012207
0 0.671875 0.747887 0.013750 0.008451
0 0.565000 0.680282 0.015000 0.008451
0 0.528750 0.682629 0.012500 0.007512
0 0.455000 0.705634 0.012500 0.010329
0 0.673750 0.753991 0.012500 0.007512
0 0.444375 0.704225 0.011250 0.009390
0 0.551875 0.683568 0.013750 0.050704
0 0.352500 0.827230 0.010000 0.007512
0 0.985625 0.448357 0.023750 0.015962
0 0.969375 0.554460 0.038750 0.032864
0 0.991875 0.553521 0.016250 0.021596
0 0.988125 0.431925 0.016250 0.020657
0 0.638750 0.500469 0.037500 0.018779
0 0.395000 0.491080 0.027500 0.013146
0 0.541250 0.541315 0.022500 0.023474
0 0.653125 0.621127 0.013750 0.010329
0 0.359375 0.556338 0.013750 0.008451
0 0.496875 0.624413 0.008750 0.018779
0 0.506250 0.394836 0.020000 0.012207
0 0.616250 0.466197 0.020000 0.010329
0 0.332500 0.665728 0.032500 0.022535
0 0.053125 0.507042 0.021250 0.028169
0 0.115625 0.621596 0.021250 0.015023
0 0.221250 0.524883 0.022500 0.013146
0 0.346875 0.647418 0.033750 0.025352
0 0.070625 0.524413 0.018750 0.034742
0 0.566875 0.303756 0.018750 0.014085
0 0.022500 0.329577 0.020000 0.011268
0 0.246250 0.311737 0.030000 0.009390
0 0.050000 0.326291 0.027500 0.008451
0 0.983125 0.737559 0.033750 0.010329
0 0.344375 0.621596 0.006250 0.016901
0 0.338750 0.610329 0.007500 0.016901
0 0.586875 0.473709 0.006250 0.004695
0 0.410000 0.741315 0.010000 0.010329
