1 0.908750 0.421644 0.182500 0.084329
1 0.941250 0.493324 0.117500 0.061841
0 0.790000 0.701687 0.072500 0.035840
0 0.672500 0.586788 0.082500 0.040759
0 0.095000 0.813422 0.072500 0.037245
0 0.573750 0.507027 0.070000 0.040056
0 0.299375 0.599438 0.053750 0.030921
0 0.788125 0.309557 0.053750 0.028812
0 0.625625 0.495784 0.056250 0.030218
0 0.861875 0.307098 0.048750 0.030921
0 0.669188 0.443767 0.060875 0.023162
0 0.069375 0.596978 0.066250 0.034434
0 0.259375 0.531975 0.073750 0.066058
0 0.090000 0.498243 0.060000 0.032326
0 0.478750 0.416022 0.062500 0.063247
0 0.777500 0.367885 0.057500 0.021785
0 0.496875 0.438862 0.056250 0.034434
0 0.431250 0.413914 0.047500 0.068869
0 0.231875 0.551300 0.056250 0.034434
0 0.314375 0.527056 0.043750 0.078707
0 0.753125 0.390021 0.053750 0.025299
0 0.861250 0.555517 0.097500 0.056922
0 0.213125 0.290232 0.046250 0.023893
0 0.229375 0.315531 0.038750 0.021082
0 0.038750 0.228039 0.040000 0.014758
0 0.265000 0.329188 0.027500 0.014666
0 0.049375 0.286015 0.013750 0.009838
0 0.031250 0.286367 0.012500 0.009136
0 0.505000 0.248419 0.040000 0.016163
0 0.635000 0.249122 0.025000 0.017569
0 0.590625 0.270555 0.018750 0.011244
0 0.360000 0.206254 0.017500 0.009136
0 0.055000 0.477864 0.032500 0.018271
0 0.103750 0.337804 0.042500 0.017843
0 0.040000 0.494378 0.032500 0.016163
0 0.103125 0.584329 0.011250 0.009136
0 0.440625 0.463457 0.048750 0.024596
0 0.545000 0.339058 0.042500 0.017540
0 0.657963 0.419856 0.035925 0.028749
0 0.923125 0.639845 0.048750 0.021785
0 0.975625 0.569923 0.021250 0.012649
0 0.797500 0.576247 0.037500 0.015460
0 0.586250 0.777934 0.020000 0.012649
0 0.588750 0.698173 0.020000 0.011947
0 0.468750 0.711174 0.032500 0.018271
0 0.774375 0.806044 0.021250 0.012649
0 0.888644 0.547161 0.019787 0.010696
0 0.746175 0.418851 0.049850 0.026739
