1 0.588750 0.498594 0.207500 0.149953
0 0.161250 0.351453 0.172500 0.123711
1 0.675625 0.607779 0.208750 0.141518
1 0.868750 0.908154 0.200000 0.146204
1 0.466250 0.344892 0.255000 0.178069
1 0.674375 0.316307 0.246250 0.177132
1 0.776875 0.134489 0.233750 0.195876
1 0.267500 0.583880 0.222500 0.142455
1 0.310000 0.686973 0.185000 0.116214
0 0.615000 0.354733 0.067500 0.062793
0 0.743125 0.067948 0.068750 0.047798
0 0.407500 0.710872 0.095000 0.075914
0 0.953750 0.264292 0.050000 0.035614
0 0.945000 0.380975 0.060000 0.036551
1 0.462500 0.537957 0.242500 0.140581
0 0.061875 0.455014 0.123750 0.104030
0 0.163125 0.797095 0.038750 0.029053
0 0.892500 0.415183 0.045000 0.028116
0 0.763125 0.212746 0.043750 0.048735
0 0.646875 0.711340 0.036250 0.031865
0 0.077500 0.235239 0.125000 0.204311
0 0.038750 0.678069 0.045000 0.034677
0 0.947500 0.593252 0.060000 0.037488
0 0.157500 0.711809 0.090000 0.062793
0 0.384375 0.499063 0.048750 0.040300
0 0.444375 0.567010 0.141250 0.069353
1 0.820000 0.292877 0.117500 0.092784
0 0.077500 0.627929 0.045000 0.029991
0 0.693125 0.634958 0.051250 0.036551
0 0.071875 0.601218 0.041250 0.030928
0 0.707500 0.657919 0.045000 0.031865
0 0.446250 0.743205 0.085000 0.078725
0 0.006250 0.678069 0.012500 0.036551
0 0.732500 0.714620 0.092500 0.081537
0 0.902500 0.164011 0.062500 0.041237
0 0.213125 0.591378 0.058750 0.029991
0 0.447500 0.434864 0.070000 0.033739
0 0.089375 0.501874 0.056250 0.029053
0 0.061875 0.313496 0.046250 0.023430
0 0.624375 0.296157 0.018750 0.011246
0 0.610000 0.683693 0.040000 0.021556
0 0.983125 0.563261 0.028750 0.026242
0 0.610000 0.594658 0.017500 0.012184
0 0.016250 0.510778 0.032500 0.018744
0 0.025625 0.323336 0.021250 0.011246
0 0.351875 0.604499 0.026250 0.020619
0 0.768750 0.603093 0.010000 0.012184
0 0.712500 0.937676 0.012500 0.012184
1 0.857500 0.940487 0.055000 0.034677
0 0.650000 0.407216 0.082500 0.036551
