1 0.587500 0.489222 0.207500 0.149953
0 0.136250 0.388941 0.172500 0.123711
1 0.694375 0.588097 0.208750 0.141518
1 0.920000 0.865042 0.160000 0.146204
1 0.437500 0.350515 0.255000 0.178069
1 0.639375 0.299438 0.246250 0.177132
1 0.706875 0.109185 0.233750 0.195876
1 0.285000 0.607310 0.222500 0.142455
1 0.346250 0.704780 0.185000 0.116214
0 0.587500 0.343486 0.067500 0.062793
0 0.660625 0.046392 0.068750 0.047798
0 0.447500 0.718369 0.095000 0.075914
0 0.905000 0.219306 0.050000 0.035614
0 0.918750 0.335989 0.060000 0.036551
1 0.470000 0.541706 0.242500 0.140581
0 0.060000 0.500937 0.120000 0.104030
0 0.221875 0.829897 0.038750 0.029053
0 0.873750 0.374883 0.045000 0.028116
0 0.706875 0.188379 0.043750 0.048735
0 0.684375 0.693533 0.036250 0.031865
0 0.046875 0.282099 0.093750 0.204311
0 0.076250 0.723993 0.045000 0.034677
0 0.961250 0.545455 0.060000 0.037488
0 0.200000 0.745548 0.090000 0.062793
0 0.384375 0.511246 0.048750 0.040300
0 0.458125 0.571696 0.141250 0.069353
1 0.778750 0.261012 0.117500 0.092784
0 0.105000 0.671040 0.045000 0.029991
0 0.715625 0.613402 0.051250 0.036551
0 0.094375 0.644330 0.041250 0.030928
0 0.735000 0.635426 0.045000 0.031865
0 0.491250 0.746017 0.085000 0.078725
0 0.035000 0.729616 0.032500 0.036551
0 0.770000 0.688379 0.092500 0.081537
0 0.836250 0.125586 0.062500 0.041237
0 0.233125 0.620431 0.058750 0.029991
0 0.436250 0.441425 0.070000 0.033739
0 0.094375 0.544986 0.056250 0.029053
0 0.031875 0.361293 0.046250 0.023430
0 0.970625 0.271321 0.018750 0.034677
0 0.585625 0.284911 0.018750 0.011246
0 0.643750 0.670572 0.040000 0.021556
0 0.987500 0.511715 0.025000 0.026242
0 0.626250 0.582474 0.017500 0.012184
0 0.021250 0.561387 0.035000 0.018744
0 0.003750 0.373946 0.007500 0.011246
0 0.373125 0.619494 0.026250 0.020619
0 0.785000 0.574977 0.010000 0.012184
0 0.791250 0.911434 0.012500 0.012184
1 0.935000 0.899250 0.055000 0.034677
0 0.631250 0.392221 0.082500 0.036551
