1 0.113750 0.749297 0.192500 0.149016
1 0.180625 0.597938 0.196250 0.142455
1 0.370000 0.404405 0.142500 0.105904
0 0.798125 0.217901 0.066250 0.051546
0 0.313750 0.305530 0.100000 0.059981
1 0.416875 0.320056 0.138750 0.098407
0 0.525625 0.186036 0.126250 0.059044
0 0.088125 0.353796 0.133750 0.085286
1 0.545000 0.280225 0.197500 0.134958
0 0.851250 0.192127 0.037500 0.028116
1 0.280625 0.467666 0.211250 0.103093
0 0.744375 0.245548 0.036250 0.028116
0 0.653125 0.208529 0.041250 0.030928
0 0.390625 0.855201 0.046250 0.032802
0 0.623750 0.860825 0.037500 0.034677
0 0.447500 0.226336 0.045000 0.029053
0 0.510000 0.340675 0.067500 0.027179
0 0.368125 0.435801 0.036250 0.029991
0 0.606250 0.198219 0.040000 0.030928
0 0.593125 0.216963 0.056250 0.030928
0 0.486250 0.236176 0.065000 0.048735
0 0.236250 0.450328 0.075000 0.059044
0 0.890000 0.152296 0.027500 0.030928
0 0.740000 0.369260 0.022500 0.018744
0 0.613750 0.314902 0.035000 0.014995
0 0.778750 0.145267 0.030000 0.026242
0 0.901250 0.364574 0.012500 0.007498
0 0.316250 0.216495 0.025000 0.020619
0 0.413125 0.210403 0.023750 0.021556
0 0.116875 0.208997 0.028750 0.020619
0 0.086875 0.183224 0.028750 0.017807
0 0.501250 0.136832 0.025000 0.022493
0 0.231250 0.121837 0.027500 0.009372
0 0.406875 0.829897 0.013750 0.008435
1 0.230625 0.828960 0.173750 0.083411
0 0.243750 0.439550 0.017500 0.013121
