1 0.830625 0.209466 0.208750 0.160262
1 0.795625 0.365511 0.211250 0.153702
1 0.648750 0.579194 0.152500 0.114339
0 0.264375 0.813964 0.071250 0.055295
0 0.725625 0.671040 0.106250 0.065604
1 0.620000 0.667760 0.150000 0.105904
0 0.540000 0.813496 0.132500 0.067479
0 0.932500 0.595595 0.135000 0.092784
1 0.501875 0.723055 0.211250 0.147142
0 0.218750 0.846298 0.040000 0.029991
1 0.723750 0.506560 0.220000 0.115276
0 0.313125 0.780694 0.038750 0.029991
0 0.410000 0.805998 0.045000 0.033739
0 0.535000 0.136832 0.050000 0.035614
0 0.303125 0.158857 0.041250 0.036551
0 0.608750 0.764761 0.047500 0.031865
0 0.523750 0.659325 0.070000 0.030928
0 0.645000 0.549203 0.040000 0.031865
0 0.459375 0.810684 0.043750 0.033739
0 0.468125 0.791003 0.058750 0.033739
0 0.570000 0.759138 0.070000 0.052484
0 0.771875 0.518276 0.081250 0.063730
0 0.188125 0.889410 0.031250 0.031865
0 0.290625 0.657451 0.023750 0.019681
0 0.067500 0.890815 0.020000 0.029053
0 0.426875 0.696345 0.036250 0.016870
0 0.300000 0.883786 0.032500 0.028116
0 0.133125 0.681818 0.013750 0.008435
0 0.741875 0.758669 0.026250 0.021556
0 0.646875 0.776945 0.026250 0.022493
0 0.940000 0.742268 0.030000 0.022493
0 0.975000 0.764292 0.030000 0.019681
0 0.575000 0.858950 0.027500 0.023430
0 0.845625 0.841612 0.028750 0.011246
0 0.523750 0.163074 0.015000 0.009372
1 0.698125 0.144330 0.181250 0.093721
0 0.766250 0.530459 0.020000 0.014995
