0 0.477000 0.283000 0.044000 0.044000
0 0.703000 0.249500 0.060000 0.055000
0 0.578500 0.378500 0.047000 0.045000
0 0.676000 0.491500 0.054000 0.049000
0 0.447000 0.496500 0.020000 0.031000
0 0.413000 0.588500 0.040000 0.039000
0 0.246500 0.583500 0.031000 0.041000
0 0.316500 0.693500 0.045000 0.043000
0 0.236500 0.772500 0.035000 0.037000
0 0.297000 0.884500 0.052000 0.045000
0 0.459000 0.737500 0.048000 0.051000
0 0.451000 0.957000 0.046000 0.044000
0 0.542000 0.859500 0.046000 0.047000
0 0.654000 0.773000 0.052000 0.046000
0 0.561000 0.620500 0.054000 0.053000
0 0.604500 0.154000 0.029000 0.024000
