0 0.439500 0.290500 0.043000 0.043000
0 0.656000 0.218000 0.058000 0.054000
0 0.557000 0.367000 0.046000 0.044000
0 0.671500 0.460500 0.053000 0.047000
0 0.446500 0.505000 0.019000 0.030000
0 0.429500 0.601500 0.039000 0.037000
0 0.264000 0.626000 0.030000 0.040000
0 0.352000 0.722000 0.044000 0.042000
0 0.288000 0.814000 0.034000 0.036000
0 0.366500 0.913500 0.051000 0.043000
0 0.501000 0.741000 0.046000 0.050000
0 0.531500 0.958500 0.045000 0.043000
0 0.604500 0.847000 0.045000 0.046000
0 0.698500 0.742000 0.051000 0.044000
0 0.581000 0.608500 0.052000 0.051000
0 0.542000 0.140500 0.028000 0.023000
0 0.703500 0.983000 0.023000 0.010000
