0 0.920625 0.863168 0.128750 0.084349
1 0.231250 0.455014 0.182500 0.147142
1 0.792500 0.473758 0.415000 0.315839
0 0.042500 0.520619 0.040000 0.036551
1 0.828125 0.609185 0.198750 0.245548
0 0.023750 0.233365 0.042500 0.033739
0 0.012500 0.363636 0.025000 0.043112
0 0.021875 0.440019 0.043750 0.040300
0 0.295625 0.408622 0.056250 0.058107
0 0.829375 0.752109 0.046250 0.040300
0 0.907500 0.606842 0.050000 0.036551
1 0.231250 0.583880 0.175000 0.134958
0 0.846875 0.878632 0.043750 0.038425
0 0.106250 0.664011 0.040000 0.040300
1 0.150625 0.739456 0.266250 0.264292
0 0.777500 0.393627 0.050000 0.039363
0 0.596250 0.332240 0.067500 0.042174
0 0.162500 0.466729 0.042500 0.061856
0 0.126250 0.860825 0.052500 0.025305
0 0.085625 0.893627 0.051250 0.044049
0 0.268125 0.980319 0.043750 0.039363
1 0.651875 0.437207 0.161250 0.199625
0 0.918125 0.500469 0.106250 0.110590
0 0.273125 0.810684 0.028750 0.043112
0 0.619375 0.648079 0.028750 0.025305
0 0.812500 0.842081 0.025000 0.044049
0 0.572500 0.718838 0.022500 0.020619
0 0.738750 0.519213 0.010000 0.009372
0 0.156875 0.775070 0.031250 0.026242
0 0.550625 0.711809 0.018750 0.023430
0 0.310000 0.962043 0.022500 0.014058
0 0.060625 0.854264 0.011250 0.014058
0 0.216250 0.639175 0.025000 0.013121
0 0.258125 0.619025 0.021250 0.012184
0 0.063125 0.870665 0.013750 0.013121
0 0.059375 0.191659 0.026250 0.015933
0 0.106250 0.355201 0.025000 0.014995
0 0.177500 0.224930 0.025000 0.013121
0 0.206250 0.426898 0.052500 0.015933
0 0.181250 0.174789 0.015000 0.012184
0 0.323750 0.492034 0.027500 0.033739
0 0.238750 0.307873 0.010000 0.010309
0 0.238125 0.429709 0.016250 0.012184
0 0.319375 0.583411 0.028750 0.040300
0 0.513125 0.507498 0.013750 0.008435
0 0.564375 0.697282 0.011250 0.009372
0 0.572500 0.701968 0.012500 0.014995
0 0.733750 0.873477 0.010000 0.007498
0 0.895000 0.506560 0.012500 0.014058
