0 0.141250 0.101687 0.117500 0.074039
1 0.759775 0.569808 0.162050 0.133055
1 0.201625 0.499531 0.378250 0.283037
0 0.957500 0.522024 0.035000 0.033739
1 0.192244 0.362516 0.161988 0.232062
0 0.930000 0.808341 0.037500 0.030928
0 0.975000 0.681350 0.045000 0.039363
0 0.965625 0.602624 0.038750 0.037488
0 0.688750 0.610122 0.047500 0.054358
0 0.213750 0.219775 0.040000 0.036551
0 0.947500 0.938144 0.045000 0.033739
0 0.113750 0.356607 0.045000 0.032802
1 0.780625 0.441425 0.156250 0.121837
0 0.218125 0.092784 0.038750 0.035614
0 0.918125 0.373946 0.033750 0.037488
1 0.886250 0.294283 0.227500 0.245548
0 0.207500 0.580131 0.045000 0.035614
0 0.377500 0.658388 0.062500 0.036551
0 0.829375 0.563730 0.033750 0.059044
0 0.930000 0.176195 0.050000 0.020619
0 0.975000 0.147610 0.045000 0.040300
0 0.807500 0.044049 0.037500 0.037488
1 0.339619 0.548261 0.131738 0.189306
0 0.085000 0.461106 0.090000 0.103093
0 0.776250 0.212746 0.022500 0.041237
0 0.406250 0.342549 0.025000 0.023430
0 0.246250 0.132146 0.017500 0.043112
0 0.463913 0.276565 0.020325 0.018922
0 0.266875 0.459700 0.008750 0.008435
0 0.885000 0.258669 0.027500 0.024367
0 0.485000 0.285848 0.015000 0.022493
0 0.764375 0.059513 0.021250 0.012184
0 0.994375 0.188379 0.008750 0.013121
0 0.804375 0.388004 0.023750 0.011246
0 0.760000 0.404405 0.020000 0.010309
0 0.994375 0.171978 0.011250 0.012184
0 0.886875 0.846767 0.023750 0.014058
0 0.867500 0.680412 0.022500 0.013121
0 0.775625 0.803187 0.023750 0.011246
0 0.779375 0.599813 0.051250 0.011246
0 0.764375 0.851921 0.013750 0.011246
0 0.673750 0.523899 0.022500 0.031865
0 0.728125 0.715089 0.008750 0.009372
0 0.748750 0.594189 0.015000 0.011246
0 0.692813 0.434414 0.023125 0.038463
0 0.488569 0.492043 0.012138 0.007516
0 0.468681 0.299236 0.009862 0.008032
0 0.461181 0.293758 0.009862 0.013946
0 0.328119 0.107306 0.008738 0.006551
0 0.108494 0.457348 0.009487 0.013102
