0 0.923096 0.773193 0.073730 0.097168
0 0.845947 0.780518 0.037598 0.048340
0 0.868652 0.865723 0.046875 0.046875
0 0.779297 0.878906 0.048828 0.042969
0 0.644043 0.868652 0.051758 0.045898
0 0.659424 0.956055 0.065918 0.062500
0 0.573975 0.972900 0.056152 0.033691
0 0.488281 0.983154 0.051758 0.033691
0 0.598145 0.705811 0.216797 0.228027
0 0.422852 0.830322 0.263672 0.268066
0 0.296631 0.993408 0.034668 0.013184
0 0.292725 0.915283 0.048340 0.068848
0 0.203369 0.924805 0.093262 0.129883
0 0.109375 0.932129 0.023438 0.024414
0 0.047852 0.823975 0.029297 0.050293
0 0.031738 0.671387 0.046875 0.156250
0 0.080811 0.714355 0.058105 0.054688
0 0.516113 0.579346 0.025391 0.039551
0 0.596191 0.566650 0.023438 0.023926
0 0.629150 0.486572 0.052246 0.049316
0 0.706787 0.555664 0.058105 0.068359
0 0.960205 0.439697 0.079590 0.162598
0 0.936035 0.248779 0.078125 0.057129
0 0.867676 0.212891 0.069336 0.070312
0 0.871338 0.321533 0.081543 0.066895
0 0.801514 0.331055 0.089355 0.071289
0 0.721436 0.275146 0.077637 0.059082
0 0.635742 0.173584 0.166016 0.180176
0 0.477783 0.434570 0.084473 0.078125
0 0.346191 0.330078 0.034180 0.030273
0 0.281738 0.222900 0.052734 0.038574
0 0.205078 0.219482 0.043945 0.033691
0 0.137451 0.285889 0.044434 0.032715
0 0.064697 0.541016 0.034668 0.050781
0 0.037109 0.171143 0.074219 0.084473
0 0.430908 0.149414 0.041504 0.038086
