0 0.982666 0.016357 0.034668 0.031738
0 0.822998 0.113525 0.090332 0.062988
0 0.820312 0.190918 0.044922 0.032227
0 0.907715 0.178711 0.041992 0.041992
0 0.910400 0.269287 0.037598 0.044434
0 0.883545 0.402100 0.040527 0.047363
0 0.972168 0.397461 0.055664 0.059570
0 0.978027 0.484619 0.027344 0.053223
0 0.979736 0.571045 0.030762 0.048340
0 0.716309 0.427734 0.206055 0.193359
0 0.818359 0.616943 0.241211 0.235840
0 0.980225 0.763672 0.039551 0.030273
0 0.886719 0.756348 0.064453 0.041016
0 0.885254 0.846191 0.121094 0.079102
0 0.881592 0.940674 0.021973 0.020996
0 0.766113 0.988281 0.047852 0.023438
0 0.613037 0.985840 0.153809 0.028320
0 0.661621 0.942383 0.048828 0.052734
0 0.580566 0.493896 0.037109 0.020996
0 0.577637 0.412842 0.021484 0.020996
0 0.502441 0.370361 0.043945 0.047363
0 0.580078 0.301758 0.062500 0.050781
0 0.496826 0.033447 0.155762 0.065918
0 0.303711 0.036865 0.048828 0.072754
0 0.260010 0.100342 0.062988 0.062012
0 0.368408 0.109863 0.058105 0.075195
0 0.369141 0.180420 0.061523 0.082520
0 0.303711 0.253174 0.050781 0.071777
0 0.192627 0.325928 0.163574 0.146973
0 0.432129 0.514404 0.069336 0.076660
0 0.312744 0.631836 0.026855 0.031250
0 0.198486 0.683350 0.032715 0.049316
0 0.185791 0.759033 0.028809 0.040527
0 0.243408 0.834229 0.027832 0.041504
0 0.487549 0.937012 0.047363 0.029297
0 0.115234 0.937500 0.072266 0.103516
0 0.143799 0.526123 0.033691 0.037598
