0 0.151671 0.189922 0.149100 0.364341
0 0.132391 0.627907 0.264781 0.620155
0 0.284062 0.759690 0.213368 0.480620
0 0.284062 0.166667 0.120823 0.333333
0 0.413882 0.186047 0.195373 0.372093
0 0.356041 0.511628 0.187661 0.403101
0 0.500000 0.806202 0.197943 0.387597
0 0.553985 0.406977 0.233933 0.364341
0 0.766067 0.740310 0.221080 0.519380
0 0.622108 0.751938 0.179949 0.480620
0 0.723650 0.372093 0.120823 0.310078
0 0.768638 0.174419 0.190231 0.317829
0 0.872751 0.437984 0.192802 0.364341
0 0.898458 0.666667 0.203085 0.465116
0 0.575835 0.147287 0.143959 0.294574
