1 0.238125 0.554358 0.476250 0.353327
1 0.766250 0.448454 0.370000 0.298969
1 0.907500 0.342081 0.175000 0.230553
1 0.166875 0.807404 0.268750 0.220244
0 0.538750 0.189784 0.085000 0.064667
0 0.935000 0.816776 0.052500 0.034677
0 0.859375 0.205717 0.051250 0.032802
0 0.753750 0.213683 0.045000 0.056232
0 0.356875 0.249297 0.083750 0.031865
0 0.723750 0.217432 0.035000 0.039363
0 0.487500 0.168229 0.152500 0.100281
1 0.237500 0.679944 0.202500 0.087160
0 0.809375 0.213215 0.026250 0.049672
0 0.319375 0.626992 0.051250 0.033739
0 0.375000 0.152296 0.072500 0.042174
0 0.328125 0.267104 0.078750 0.031865
0 0.614375 0.119963 0.101250 0.024367
0 0.665625 0.328022 0.066250 0.022493
0 0.461250 0.229616 0.085000 0.029991
0 0.762500 0.396439 0.025000 0.024367
0 0.954375 0.271790 0.026250 0.020619
0 0.894375 0.107779 0.018750 0.020619
0 0.832500 0.377694 0.025000 0.028116
0 0.591250 0.338332 0.015000 0.018744
0 0.950000 0.289128 0.020000 0.010309
0 0.881250 0.404873 0.022500 0.024367
0 0.805625 0.468135 0.028750 0.008435
0 0.780000 0.505155 0.030000 0.024367
0 0.600625 0.722118 0.018750 0.015933
0 0.715625 0.569822 0.013750 0.007498
0 0.099375 0.290066 0.031250 0.027179
0 0.102500 0.329897 0.030000 0.024367
0 0.300000 0.235708 0.030000 0.029053
0 0.263125 0.317245 0.026250 0.021556
0 0.248125 0.609653 0.031250 0.030928
0 0.517500 0.459700 0.025000 0.023430
0 0.216875 0.245080 0.021250 0.023430
0 0.464375 0.238519 0.033750 0.019681
0 0.143750 0.651828 0.020000 0.014058
1 0.612500 0.857076 0.050000 0.025305
0 0.337500 0.616214 0.055000 0.029053
0 0.823125 0.212746 0.021250 0.022493
0 0.740625 0.574977 0.038750 0.012184
0 0.830625 0.388472 0.011250 0.010309
