1 0.914375 0.730084 0.143750 0.103093
0 0.305625 0.599813 0.121250 0.091846
1 0.678125 0.324274 0.106250 0.121837
1 0.687163 0.535679 0.111825 0.164142
1 0.385625 0.563261 0.106250 0.134958
1 0.688125 0.641987 0.113750 0.144330
0 0.115625 0.410028 0.066250 0.060918
0 0.050000 0.388004 0.075000 0.059981
1 0.539375 0.427366 0.121250 0.110590
1 0.910625 0.631678 0.143750 0.101218
0 0.245625 0.501406 0.058750 0.050609
1 0.390000 0.470947 0.107500 0.128397
1 0.543750 0.230553 0.120000 0.093721
1 0.681875 0.418463 0.106250 0.156514
0 0.055625 0.627929 0.058750 0.059981
0 0.280000 0.659325 0.040000 0.025305
0 0.542500 0.051546 0.035000 0.028116
1 0.936875 0.518008 0.126250 0.096935
1 0.060625 0.825211 0.056250 0.053421
0 0.018750 0.587160 0.037500 0.066542
1 0.036875 0.720712 0.073750 0.168697
1 0.920625 0.215089 0.133750 0.085286
0 0.195000 0.312559 0.042500 0.023430
1 0.926875 0.303655 0.136250 0.118088
1 0.540625 0.325679 0.121250 0.122774
0 0.280000 0.172915 0.040000 0.017807
0 0.301875 0.216026 0.023750 0.015933
0 0.127500 0.188379 0.042500 0.020619
0 0.426250 0.079663 0.040000 0.018744
0 0.059375 0.207123 0.021250 0.014995
0 0.935000 0.427366 0.025000 0.018744
0 0.950000 0.177601 0.020000 0.014058
0 0.519375 0.445173 0.028750 0.020619
0 0.955625 0.147610 0.043750 0.019681
0 0.884375 0.040769 0.021250 0.010309
0 0.829375 0.030928 0.023750 0.013121
0 0.846875 0.414246 0.013750 0.007498
0 0.828125 0.019681 0.023750 0.011246
0 0.863750 0.784442 0.030000 0.013121
0 0.318125 0.885661 0.028750 0.024367
0 0.845625 0.864574 0.026250 0.017807
0 0.372500 0.755389 0.025000 0.022493
0 0.418125 0.793346 0.013750 0.010309
0 0.891875 0.714620 0.026250 0.019681
0 0.788750 0.772727 0.022500 0.015933
0 0.764375 0.917526 0.026250 0.018744
0 0.935625 0.591378 0.021250 0.016870
0 0.941250 0.751172 0.027500 0.014058
0 0.244375 0.944705 0.013750 0.011246
0 0.056531 0.625487 0.020562 0.011987
0 0.014425 0.575014 0.018850 0.014133
0 0.026738 0.073622 0.035975 0.038529
0 0.008494 0.109030 0.011987 0.023121
0 0.939200 0.042142 0.043400 0.020553
1 0.931375 0.414072 0.137750 0.117741
