1 0.861875 0.224461 0.156250 0.120900
0 0.605625 0.658857 0.138750 0.103093
1 0.293125 0.343955 0.176250 0.095595
1 0.573750 0.366448 0.232500 0.104967
1 0.567500 0.594189 0.192500 0.097470
1 0.714375 0.380506 0.206250 0.104967
0 0.327500 0.773196 0.090000 0.058107
0 0.290000 0.819119 0.090000 0.063730
1 0.410000 0.461106 0.162500 0.104967
1 0.731875 0.214152 0.153750 0.120900
0 0.466250 0.688847 0.075000 0.050609
1 0.446250 0.578257 0.185000 0.097470
1 0.150000 0.430647 0.140000 0.102156
1 0.418125 0.353796 0.221250 0.100281
0 0.607500 0.847704 0.087500 0.051546
0 0.680625 0.685567 0.038750 0.032802
1 0.585000 0.178069 0.145000 0.106842
1 0.868125 0.871603 0.078750 0.048735
0 0.548750 0.869728 0.092500 0.037488
1 0.727500 0.874883 0.232500 0.077788
1 0.183125 0.148547 0.131250 0.111528
0 0.210625 0.700562 0.036250 0.034677
1 0.300000 0.156045 0.175000 0.117151
1 0.275625 0.446111 0.178750 0.106842
0 0.038125 0.617619 0.028750 0.031865
0 0.098125 0.607779 0.023750 0.019681
0 0.036875 0.733365 0.033750 0.034677
0 0.052500 0.786785 0.022500 0.017807
0 0.464375 0.167291 0.028750 0.021556
0 0.136875 0.120900 0.021250 0.016870
0 0.430625 0.477976 0.031250 0.024367
0 0.098750 0.112465 0.032500 0.035614
0 0.435625 0.230553 0.011250 0.011246
0 0.926875 0.269916 0.021250 0.024367
0 0.819375 0.630272 0.033750 0.021556
0 0.876250 0.601687 0.015000 0.011246
0 0.838750 0.238988 0.030000 0.022493
0 0.900625 0.323336 0.023750 0.018744
0 0.681250 0.189784 0.025000 0.017807
0 0.893750 0.207123 0.022500 0.022493
0 0.604375 0.847235 0.018750 0.016870
0 0.531875 0.872071 0.021250 0.015933
1 0.447500 0.167760 0.175000 0.118088
