1 0.685000 0.826506 0.127500 0.122892
1 0.076250 0.161446 0.140000 0.132530
0 0.948125 0.804819 0.086250 0.134940
1 0.049375 0.345181 0.098750 0.126506
0 0.037500 0.811446 0.075000 0.078313
0 0.655000 0.220482 0.187500 0.108434
0 0.870625 0.340964 0.218750 0.168675
0 0.338125 0.803614 0.131250 0.040964
0 0.273444 0.176548 0.064388 0.051892
0 0.787512 0.329175 0.015025 0.014976
1 0.956806 0.753271 0.086112 0.246301
0 0.253756 0.774470 0.082513 0.018819
0 0.416419 0.777735 0.060338 0.020530
1 0.315844 0.807446 0.384188 0.205253
