1 0.766250 0.375351 0.282500 0.274602
0 0.243125 0.597001 0.101250 0.074977
1 0.185000 0.491565 0.350000 0.402062
0 0.025625 0.761481 0.051250 0.040300
1 0.813750 0.453608 0.372500 0.174321
1 0.375000 0.588566 0.292500 0.380506
0 0.036875 0.398782 0.051250 0.038425
0 0.202500 0.735708 0.052500 0.037488
0 0.529375 0.515464 0.098750 0.071228
1 0.463750 0.169166 0.265000 0.119025
0 0.217500 0.437207 0.057500 0.040300
0 0.293125 0.314433 0.041250 0.034677
0 0.925000 0.463449 0.097500 0.077788
0 0.350000 0.122774 0.040000 0.029991
0 0.417500 0.352390 0.035000 0.031865
0 0.349375 0.123243 0.038750 0.029053
0 0.481250 0.580131 0.075000 0.052484
0 0.405625 0.742268 0.041250 0.039363
0 0.808125 0.337395 0.021250 0.018744
0 0.614375 0.497188 0.023750 0.017807
