1 0.698125 0.682287 0.338750 0.181818
0 0.340000 0.320056 0.090000 0.068416
1 0.472500 0.264292 0.505000 0.217432
0 0.095000 0.176195 0.047500 0.041237
1 0.600000 0.730084 0.190000 0.268041
1 0.367500 0.417994 0.482500 0.176195
0 0.576875 0.141050 0.046250 0.038425
0 0.152500 0.307404 0.045000 0.035614
0 0.483750 0.523430 0.085000 0.066542
1 0.934375 0.432521 0.128750 0.188379
0 0.548750 0.282099 0.047500 0.039363
0 0.721250 0.322868 0.042500 0.027179
0 0.600625 0.811153 0.093750 0.064667
0 0.981875 0.342549 0.036250 0.027179
0 0.008750 0.028116 0.017500 0.016870
0 0.685625 0.420806 0.038750 0.022493
0 0.981250 0.342081 0.035000 0.026242
0 0.391069 0.495670 0.062137 0.050384
0 0.168319 0.459381 0.049138 0.026542
0 0.753675 0.709091 0.022350 0.014246
0 0.517150 0.585281 0.021800 0.015923
