0 0.899170 0.971470 0.019043 0.026335
0 0.567139 0.632772 0.008301 0.008778
0 0.370605 0.515728 0.057617 0.124360
0 0.414551 0.243233 0.011719 0.021214
0 0.534912 0.264082 0.047363 0.266277
0 0.744873 0.030724 0.019043 0.061448
0 0.809326 0.445135 0.101074 0.274323
0 0.992920 0.927579 0.014160 0.021946
0 0.175049 0.299195 0.020996 0.023409
0 0.152100 0.468910 0.020996 0.027798
0 0.069580 0.503292 0.008301 0.036576
0 0.054443 0.701902 0.015137 0.022677
0 0.006592 0.850402 0.012207 0.050475
0 0.263428 0.410388 0.055176 0.124360
0 0.209961 0.254938 0.071289 0.113387
0 0.155273 0.074250 0.029297 0.043160
0 0.077637 0.027432 0.045898 0.049012
0 0.030518 0.203365 0.024902 0.080468
0 0.313477 0.014996 0.032227 0.028530
0 0.330566 0.136796 0.031250 0.070227
0 0.236816 0.732260 0.010742 0.017557
0 0.369141 0.697147 0.009766 0.017557
0 0.313477 0.856620 0.012695 0.023409
0 0.413574 0.963058 0.013672 0.024140
0 0.569580 0.804682 0.013184 0.020483
0 0.593506 0.842721 0.014160 0.020483
0 0.771240 0.906730 0.016113 0.019751
