0 0.741943 0.788581 0.175293 0.215225
0 0.806885 0.602768 0.108887 0.146713
0 0.836914 0.366782 0.134766 0.155017
0 0.687500 0.240138 0.150391 0.139792
0 0.701416 0.361592 0.132324 0.146021
0 0.741943 0.481661 0.157715 0.164706
0 0.718262 0.589619 0.101562 0.113495
0 0.594971 0.878547 0.111816 0.130796
0 0.463135 0.828028 0.092285 0.105882
0 0.518799 0.670934 0.149902 0.204152
0 0.621826 0.537716 0.099121 0.099654
0 0.589355 0.433564 0.105469 0.136332
0 0.581299 0.310727 0.118652 0.132872
0 0.493652 0.371626 0.116211 0.135640
0 0.445068 0.290657 0.121582 0.114879
0 0.387207 0.447059 0.102539 0.124567
0 0.418457 0.560900 0.109375 0.137716
0 0.361572 0.652249 0.122559 0.123875
0 0.389404 0.748789 0.095215 0.123183
0 0.222900 0.610381 0.171387 0.181315
0 0.318359 0.552941 0.094727 0.099654
0 0.272461 0.450865 0.104492 0.128028
0 0.171875 0.468512 0.116211 0.164706
0 0.156250 0.301730 0.117188 0.156401
0 0.299805 0.311419 0.146484 0.196540
