1 0.206250 0.691190 0.322500 0.182755
1 0.536875 0.644799 0.316250 0.183693
0 0.406875 0.766635 0.151250 0.103093
1 0.888125 0.158388 0.111250 0.103093
1 0.065625 0.243674 0.131250 0.148079
0 0.609375 0.814902 0.093750 0.062793
1 0.347500 0.220244 0.187500 0.133083
0 0.218125 0.439550 0.063750 0.041237
0 0.073750 0.530459 0.075000 0.052484
0 0.095625 0.727273 0.066250 0.046860
1 0.516875 0.198219 0.228750 0.141518
0 0.553750 0.287254 0.092500 0.102156
0 0.677500 0.427835 0.060000 0.044049
1 0.192500 0.217432 0.185000 0.133083
0 0.712500 0.348172 0.117500 0.134021
0 0.976250 0.526710 0.047500 0.041237
0 0.444375 0.567479 0.058750 0.044049
0 0.588125 0.476101 0.056250 0.043112
0 0.698125 0.840206 0.058750 0.036551
0 0.931875 0.492971 0.051250 0.043112
0 0.232500 0.516870 0.042500 0.030928
0 0.441875 0.529991 0.056250 0.038425
0 0.636875 0.476570 0.058750 0.042174
0 0.420625 0.419400 0.056250 0.034677
0 0.276250 0.473290 0.042500 0.029991
0 0.606875 0.635426 0.043750 0.039363
0 0.194375 0.597938 0.056250 0.035614
0 0.107500 0.774133 0.057500 0.028116
1 0.663125 0.164480 0.188750 0.117151
1 0.110000 0.907685 0.065000 0.042174
0 0.193125 0.910028 0.043750 0.016870
0 0.030625 0.253046 0.026250 0.026242
0 0.748125 0.535145 0.041250 0.028116
0 0.836250 0.489691 0.040000 0.027179
0 0.551875 0.557170 0.041250 0.025305
0 0.846250 0.527179 0.037500 0.027179
0 0.871875 0.385192 0.033750 0.028116
0 0.662500 0.618557 0.035000 0.026242
0 0.636875 0.695408 0.031250 0.022493
0 0.945625 0.348641 0.021250 0.016870
0 0.664375 0.220712 0.023750 0.014058
0 0.838750 0.245548 0.025000 0.018744
0 0.834375 0.154171 0.016250 0.015933
1 0.737500 0.103561 0.135000 0.036551
1 0.618750 0.116682 0.125000 0.034677
1 0.490625 0.137769 0.153750 0.048735
1 0.052500 0.201968 0.105000 0.068416
