0 0.158750 0.720244 0.147500 0.087160
1 0.638125 0.128397 0.136250 0.114339
1 0.594375 0.653233 0.186250 0.134958
0 0.121875 0.569822 0.103750 0.076851
1 0.520000 0.246485 0.177500 0.108716
1 0.423125 0.758201 0.123750 0.095595
1 0.659375 0.338800 0.126250 0.107779
0 0.181250 0.441425 0.085000 0.076851
1 0.298125 0.815839 0.103750 0.081537
0 0.678125 0.886129 0.141250 0.062793
0 0.920625 0.311621 0.098750 0.068416
0 0.225625 0.412840 0.081250 0.045923
0 0.057500 0.481256 0.115000 0.134021
0 0.090000 0.426429 0.115000 0.114339
1 0.597500 0.398313 0.137500 0.134958
1 0.440625 0.298032 0.133750 0.108716
1 0.536875 0.465792 0.116250 0.114339
0 0.662500 0.815370 0.040000 0.037488
1 0.580000 0.189784 0.092500 0.117151
0 0.110625 0.370665 0.128750 0.055295
0 0.783750 0.627929 0.090000 0.071228
0 0.236250 0.365979 0.057500 0.034677
0 0.125625 0.149016 0.036250 0.028116
0 0.255000 0.746485 0.032500 0.030928
0 0.033750 0.716495 0.047500 0.029053
0 0.187500 0.352390 0.095000 0.067479
0 0.688125 0.671978 0.038750 0.033739
0 0.164375 0.089503 0.038750 0.025305
0 0.729375 0.365979 0.068750 0.040300
1 0.546250 0.589503 0.125000 0.101218
0 0.462500 0.607310 0.037500 0.035614
0 0.419375 0.689784 0.036250 0.031865
0 0.017500 0.604967 0.035000 0.074039
0 0.831875 0.634021 0.051250 0.029053
0 0.029375 0.238051 0.036250 0.033739
1 0.493125 0.701500 0.093750 0.130272
0 0.878125 0.770853 0.033750 0.023430
0 0.831875 0.751640 0.031250 0.020619
0 0.575000 0.543112 0.037500 0.023430
0 0.263125 0.629335 0.033750 0.029053
0 0.255000 0.746485 0.032500 0.030928
0 0.228125 0.594658 0.031250 0.015933
0 0.187500 0.625117 0.030000 0.014995
0 0.001875 0.746485 0.003750 0.030928
0 0.271250 0.802718 0.032500 0.021556
0 0.286875 0.544517 0.013750 0.009372
0 0.088125 0.118088 0.038750 0.026242
0 0.208125 0.303655 0.028750 0.020619
0 0.166875 0.208529 0.028750 0.019681
0 0.113750 0.288660 0.027500 0.018744
0 0.166875 0.178538 0.021250 0.014058
0 0.530625 0.222587 0.013750 0.010309
0 0.321250 0.463918 0.015000 0.009372
0 0.711250 0.464386 0.015000 0.010309
0 0.454375 0.346767 0.016250 0.013121
0 0.247500 0.115276 0.017500 0.009372
1 0.397500 0.676664 0.127500 0.114339
1 0.464375 0.630272 0.078750 0.122774
0 0.982500 0.340206 0.035000 0.033739
0 0.983125 0.304592 0.033750 0.024367
0 0.809375 0.457826 0.016250 0.008435
