0 0.830625 0.271321 0.143750 0.083411
1 0.379356 0.874545 0.131213 0.110853
1 0.398594 0.349278 0.179688 0.130609
0 0.875000 0.420337 0.100000 0.074039
1 0.492500 0.753983 0.172500 0.104030
1 0.565000 0.240394 0.120000 0.092784
1 0.348125 0.665417 0.121250 0.104967
0 0.821875 0.550141 0.081250 0.074977
1 0.687500 0.179007 0.100000 0.078725
0 0.304375 0.118557 0.138750 0.059044
0 0.088125 0.699157 0.096250 0.065604
0 0.778125 0.580600 0.078750 0.044049
0 0.944375 0.507029 0.111250 0.131209
0 0.913750 0.562793 0.110000 0.111528
1 0.408125 0.604499 0.131250 0.131209
1 0.569375 0.700094 0.128750 0.104967
1 0.465625 0.535614 0.111250 0.111528
0 0.323125 0.188847 0.038750 0.036551
1 0.435000 0.812104 0.087500 0.115305
0 0.895625 0.619494 0.126250 0.052484
0 0.210625 0.379569 0.086250 0.069353
0 0.770625 0.627460 0.056250 0.032802
0 0.891250 0.841143 0.035000 0.027179
0 0.733125 0.247423 0.031250 0.029991
0 0.955625 0.271790 0.046250 0.028116
0 0.820000 0.639644 0.092500 0.064667
0 0.303750 0.333177 0.037500 0.032802
0 0.855000 0.901593 0.037500 0.024367
0 0.277500 0.640581 0.067500 0.038425
1 0.450050 0.412643 0.120100 0.098013
0 0.533125 0.392221 0.036250 0.034677
0 0.572500 0.308810 0.035000 0.030928
0 0.980625 0.382381 0.038750 0.073102
0 0.162500 0.374883 0.050000 0.028116
0 0.982500 0.749297 0.035000 0.032802
1 0.497256 0.298463 0.087012 0.128322
0 0.110000 0.238988 0.032500 0.022493
0 0.157500 0.257263 0.030000 0.019681
0 0.423125 0.459231 0.036250 0.022493
0 0.731250 0.364574 0.032500 0.028116
0 0.733125 0.247423 0.031250 0.029991
0 0.767500 0.398313 0.030000 0.014995
0 0.806875 0.366917 0.028750 0.014058
0 0.991875 0.240394 0.013750 0.030928
0 0.714375 0.192127 0.031250 0.020619
0 0.710625 0.449859 0.013750 0.009372
0 0.930000 0.871134 0.037500 0.025305
0 0.801250 0.688379 0.027500 0.019681
0 0.846250 0.782568 0.027500 0.018744
0 0.895625 0.701500 0.026250 0.017807
0 0.848125 0.812559 0.021250 0.013121
0 0.483125 0.778351 0.013750 0.010309
0 0.681250 0.531396 0.015000 0.009372
0 0.291250 0.541237 0.015000 0.010309
0 0.553125 0.652296 0.016250 0.013121
0 0.770000 0.878163 0.017500 0.009372
1 0.593875 0.320890 0.122750 0.111321
1 0.529281 0.369677 0.073563 0.120797
0 0.023625 0.672287 0.034750 0.032484
0 0.021437 0.708018 0.042875 0.023346
0 0.192900 0.549855 0.015800 0.008800
