1 0.720000 0.261070 0.300800 0.311808
1 0.626400 0.295203 0.116800 0.228782
1 0.688000 0.402214 0.211200 0.151292
1 0.692000 0.511070 0.216000 0.180812
1 0.674400 0.553506 0.187200 0.250923
1 0.628000 0.566421 0.113600 0.261993
1 0.508800 0.635609 0.160000 0.392989
1 0.447200 0.598708 0.257600 0.326568
1 0.404000 0.511993 0.318400 0.204797
1 0.472800 0.321956 0.171200 0.204797
1 0.392800 0.334871 0.324800 0.215867
0 0.422400 0.304428 0.009600 0.014760
0 0.608800 0.249077 0.017600 0.014760
0 0.570400 0.422509 0.027200 0.029520
0 0.712000 0.415129 0.016000 0.011070
0 0.728000 0.516605 0.019200 0.022140
0 0.680000 0.588561 0.016000 0.018450
0 0.614400 0.634686 0.016000 0.018450
0 0.602400 0.637454 0.011200 0.023985
0 0.261600 0.547970 0.011200 0.011070
0 0.492800 0.752768 0.012800 0.018450
