1 0.304136 0.234760 0.256272 0.332989
1 0.328704 0.344548 0.193408 0.124520
1 0.424936 0.278727 0.120272 0.236421
1 0.517928 0.280692 0.146256 0.240351
1 0.553480 0.302768 0.207760 0.203321
1 0.562592 0.356153 0.222784 0.118210
1 0.616688 0.497482 0.334176 0.164705
1 0.581368 0.566863 0.269936 0.281328
1 0.506240 0.610627 0.161280 0.357786
1 0.342680 0.521827 0.170160 0.187565
1 0.349768 0.614566 0.171536 0.365664
0 0.326120 0.580876 0.012240 0.010461
0 0.288528 0.362186 0.010656 0.019576
0 0.437440 0.415387 0.023680 0.030037
0 0.437944 0.252869 0.008688 0.018653
0 0.527080 0.238792 0.017360 0.020018
0 0.584704 0.296697 0.014208 0.017749
0 0.622296 0.375803 0.015792 0.017288
0 0.624464 0.389225 0.020128 0.010923
0 0.529336 0.777814 0.009072 0.013192
0 0.718320 0.522869 0.015840 0.012528
