0 0.345625 0.509372 0.101250 0.085286
0 0.331875 0.743205 0.178750 0.151828
1 0.873125 0.776476 0.143750 0.102156
0 0.217500 0.634958 0.072500 0.064667
0 0.560000 0.380506 0.080000 0.078725
0 0.697500 0.403936 0.067500 0.044986
0 0.631250 0.393158 0.060000 0.044049
0 0.192500 0.435801 0.057500 0.041237
0 0.550625 0.460637 0.093750 0.075914
1 0.961250 0.403468 0.077500 0.143393
0 0.560000 0.825211 0.062500 0.042174
0 0.733125 0.172915 0.061250 0.044049
0 0.134375 0.381443 0.043750 0.044986
0 0.908125 0.448922 0.031250 0.043112
1 0.943750 0.484067 0.112500 0.208997
1 0.502500 0.202905 0.152500 0.128397
0 0.047500 0.732896 0.047500 0.052484
0 0.191250 0.818650 0.070000 0.055295
0 0.631875 0.702905 0.051250 0.054358
0 0.419375 0.302249 0.031250 0.030928
0 0.405000 0.222118 0.032500 0.022493
0 0.178750 0.147610 0.022500 0.021556
0 0.203750 0.162605 0.040000 0.025305
0 0.829375 0.315839 0.016250 0.011246
0 0.944375 0.181818 0.038750 0.020619
0 0.432500 0.171978 0.115000 0.100281
0 0.094375 0.297563 0.011250 0.019681
0 0.101875 0.254920 0.011250 0.022493
