0 0.552500 0.610590 0.110000 0.072165
0 0.856875 0.559513 0.196250 0.127460
1 0.758750 0.158857 0.130000 0.104030
0 0.746875 0.670572 0.083750 0.051546
0 0.331250 0.487816 0.102500 0.057170
0 0.325000 0.382381 0.057500 0.048735
0 0.328125 0.432990 0.056250 0.043112
0 0.497500 0.739925 0.052500 0.042174
0 0.436250 0.474227 0.097500 0.067479
1 0.251250 0.170103 0.190000 0.094658
0 0.903750 0.373477 0.052500 0.045923
0 0.022500 0.416589 0.045000 0.044049
0 0.441875 0.795689 0.058750 0.029991
0 0.328750 0.217901 0.057500 0.021556
1 0.361250 0.165886 0.277500 0.108716
1 0.116250 0.575445 0.165000 0.108716
0 0.916875 0.767104 0.068750 0.032802
0 0.976875 0.641518 0.046250 0.049672
0 0.726875 0.352390 0.071250 0.035614
0 0.265000 0.610122 0.040000 0.022493
0 0.166875 0.641518 0.028750 0.023430
0 0.128750 0.824274 0.027500 0.015933
0 0.142500 0.802718 0.032500 0.029053
0 0.838125 0.087629 0.031250 0.023430
0 0.176875 0.309747 0.013750 0.012184
0 0.095000 0.633552 0.130000 0.082474
0 0.344375 0.846298 0.026250 0.007498
0 0.287500 0.852390 0.030000 0.006560
