0 0.089375 0.797095 0.111250 0.077788
1 0.690000 0.269447 0.180000 0.132146
0 0.750625 0.359419 0.048750 0.049672
0 0.307500 0.138238 0.115000 0.051546
1 0.668125 0.424086 0.106250 0.115276
0 0.043750 0.680881 0.065000 0.057170
1 0.527500 0.473290 0.165000 0.073102
0 0.801875 0.455483 0.031250 0.041237
0 0.797500 0.331303 0.030000 0.040300
0 0.776250 0.649485 0.030000 0.052484
1 0.525000 0.810216 0.117500 0.053421
0 0.023750 0.649485 0.047500 0.097470
0 0.659375 0.797095 0.031250 0.027179
0 0.769375 0.542643 0.013750 0.018744
0 0.802500 0.685098 0.027500 0.029991
0 0.787500 0.523899 0.015000 0.024367
0 0.780000 0.584349 0.025000 0.021556
0 0.918125 0.524367 0.011250 0.008435
0 0.044375 0.566542 0.016250 0.021556
0 0.879375 0.479850 0.021250 0.016870
0 0.801250 0.398313 0.025000 0.026242
0 0.914375 0.504686 0.016250 0.012184
0 0.965000 0.434864 0.012500 0.009372
0 0.970625 0.410965 0.013750 0.008435
0 0.818750 0.291940 0.010000 0.008435
0 0.953750 0.449859 0.010000 0.007498
0 0.732500 0.430178 0.012500 0.009372
0 0.960625 0.480787 0.011250 0.007498
0 0.929375 0.462043 0.013750 0.011246
0 0.968750 0.350984 0.010000 0.006560
0 0.967500 0.467666 0.010000 0.007498
0 0.938750 0.483599 0.012500 0.007498
0 0.945000 0.507498 0.007500 0.006560
0 0.965000 0.494377 0.010000 0.006560
0 0.881875 0.378632 0.016250 0.018744
0 0.953750 0.420337 0.007500 0.006560
0 0.965625 0.379569 0.011250 0.007498
0 0.965625 0.370197 0.011250 0.009372
0 0.949375 0.338332 0.011250 0.007498
0 0.951250 0.363636 0.010000 0.011246
0 0.822500 0.445642 0.007500 0.012184
0 0.827500 0.429709 0.010000 0.017807
1 0.835625 0.439550 0.016250 0.039363
1 0.840625 0.405811 0.023750 0.033739
1 0.918750 0.431584 0.020000 0.017807
1 0.932500 0.431115 0.020000 0.018744
0 0.875000 0.512652 0.022500 0.014995
0 0.893750 0.525305 0.030000 0.012184
0 0.813750 0.519681 0.010000 0.006560
0 0.820625 0.490628 0.006250 0.010309
0 0.826875 0.477976 0.008750 0.014995
0 0.833125 0.347704 0.008750 0.018744
0 0.824375 0.376757 0.006250 0.018744
1 0.830000 0.297095 0.070000 0.149953
1 0.702500 0.343955 0.120000 0.076851
1 0.695625 0.336457 0.148750 0.078725
1 0.654375 0.441425 0.033750 0.020619
1 0.610000 0.539363 0.030000 0.025305
1 0.525625 0.589035 0.116250 0.053421
1 0.608750 0.652765 0.050000 0.102156
1 0.045000 0.367854 0.090000 0.117151
1 0.018750 0.232427 0.037500 0.063730
0 0.016250 0.379100 0.032500 0.034677
0 0.500000 0.477507 0.085000 0.014058
0 0.703125 0.423149 0.036250 0.060918
0 0.646250 0.515464 0.010000 0.086223
0 0.523125 0.604967 0.091250 0.014058
0 0.621875 0.653233 0.026250 0.084349
0 0.754375 0.745080 0.026250 0.026242
0 0.533125 0.822399 0.043750 0.015933
0 0.812500 0.566542 0.010000 0.017807
