0 0.910625 0.202905 0.111250 0.077788
1 0.310000 0.730323 0.180000 0.131687
0 0.249375 0.640581 0.048750 0.049672
0 0.692500 0.861762 0.115000 0.051546
1 0.331875 0.575914 0.106250 0.115276
0 0.956250 0.319119 0.065000 0.057170
1 0.472500 0.526710 0.165000 0.073102
0 0.198125 0.544517 0.031250 0.041237
0 0.202500 0.668697 0.030000 0.040300
0 0.223750 0.350515 0.030000 0.052484
1 0.475000 0.189784 0.117500 0.053421
0 0.976250 0.350515 0.047500 0.097470
0 0.340625 0.202905 0.031250 0.027179
0 0.230625 0.457357 0.013750 0.018744
0 0.197500 0.314902 0.027500 0.029991
0 0.212500 0.476101 0.015000 0.024367
0 0.220000 0.415651 0.025000 0.021556
0 0.081875 0.475633 0.011250 0.008435
0 0.955625 0.433458 0.016250 0.021556
0 0.120625 0.520150 0.021250 0.016870
0 0.198750 0.601687 0.025000 0.026242
0 0.085625 0.495314 0.016250 0.012184
0 0.035000 0.565136 0.012500 0.009372
0 0.029375 0.589035 0.013750 0.008435
0 0.181250 0.708060 0.010000 0.008435
0 0.046250 0.550141 0.010000 0.007498
0 0.267500 0.569822 0.012500 0.009372
0 0.039375 0.519213 0.011250 0.007498
0 0.070625 0.537957 0.013750 0.011246
0 0.031250 0.649016 0.010000 0.006560
0 0.032500 0.532334 0.010000 0.007498
0 0.062275 0.516448 0.012050 0.007591
0 0.054863 0.492385 0.007225 0.006326
0 0.035063 0.505773 0.010125 0.006860
0 0.118313 0.621157 0.016625 0.018322
0 0.046212 0.579606 0.007425 0.006448
0 0.034325 0.620492 0.011150 0.007619
0 0.035375 0.629733 0.010750 0.009231
0 0.050575 0.661804 0.011150 0.007769
0 0.048931 0.637470 0.010362 0.011584
0 0.177663 0.554349 0.007825 0.012165
0 0.173738 0.570108 0.009975 0.017441
1 0.165319 0.560487 0.015637 0.039438
1 0.159625 0.594180 0.024250 0.033721
1 0.081125 0.568454 0.019750 0.017882
1 0.067469 0.568894 0.019938 0.018763
0 0.124894 0.487254 0.022287 0.014808
0 0.106112 0.475553 0.029725 0.012024
0 0.186137 0.480412 0.009775 0.006748
0 0.180338 0.509424 0.005675 0.010412
0 0.173344 0.522938 0.009187 0.014948
0 0.166800 0.652451 0.008600 0.019053
0 0.176975 0.623969 0.006450 0.018322
1 0.171144 0.702910 0.069788 0.149963
1 0.297319 0.656162 0.119637 0.077085
1 0.304150 0.663425 0.148300 0.078491
1 0.345400 0.559583 0.033300 0.020759
1 0.391406 0.460609 0.030312 0.025248
1 0.475881 0.411846 0.116762 0.053308
1 0.392388 0.347362 0.049775 0.102409
1 0.954981 0.632099 0.089963 0.117057
1 0.981544 0.768365 0.038087 0.063440
0 0.983525 0.620933 0.032050 0.034742
0 0.500287 0.522329 0.085575 0.013730
0 0.296863 0.576832 0.036225 0.060881
0 0.353525 0.484695 0.009550 0.086542
0 0.476825 0.395164 0.091150 0.014321
0 0.379188 0.346968 0.025875 0.084752
0 0.245637 0.254780 0.026275 0.025961
0 0.466694 0.177545 0.043388 0.015820
0 0.187306 0.433566 0.009613 0.018022
