1 0.214375 0.671509 0.293750 0.321462
1 0.184375 0.295689 0.291250 0.330834
0 0.546875 0.634958 0.071250 0.036551
1 0.115625 0.764761 0.231250 0.149953
1 0.910625 0.671040 0.178750 0.234302
0 0.578750 0.801312 0.047500 0.033739
0 0.486250 0.823805 0.047500 0.035614
0 0.476250 0.518744 0.067500 0.042174
0 0.503125 0.593721 0.048750 0.036551
0 0.341250 0.074977 0.052500 0.037488
0 0.581875 0.358013 0.038750 0.028116
0 0.676875 0.840675 0.063750 0.114339
0 0.438750 0.820525 0.050000 0.038425
1 0.545625 0.261012 0.231250 0.113402
0 0.606250 0.510778 0.040000 0.028116
0 0.568750 0.867385 0.037500 0.027179
0 0.356875 0.864574 0.061250 0.047798
0 0.454375 0.453140 0.068750 0.038425
0 0.536250 0.476101 0.040000 0.024367
1 0.780000 0.541237 0.170000 0.238988
0 0.489375 0.332240 0.036250 0.030928
0 0.579375 0.706186 0.033750 0.030928
0 0.743750 0.888941 0.037500 0.036551
0 0.443750 0.788660 0.040000 0.029053
0 0.620000 0.805998 0.042500 0.029991
1 0.043125 0.476570 0.086250 0.128397
0 0.780625 0.450328 0.091250 0.036551
0 0.290625 0.594189 0.036250 0.029991
1 0.952500 0.616682 0.095000 0.166823
1 0.946875 0.246954 0.106250 0.126523
0 0.103125 0.399250 0.041250 0.037488
1 0.054375 0.640581 0.108750 0.171509
0 0.068125 0.447048 0.033750 0.041237
0 0.578750 0.271790 0.057500 0.031865
0 0.638125 0.609185 0.021250 0.016870
0 0.865625 0.684161 0.018750 0.013121
0 0.250000 0.634021 0.035000 0.025305
0 0.461250 0.656982 0.027500 0.018744
0 0.374375 0.680881 0.026250 0.019681
0 0.489375 0.759606 0.026250 0.023430
0 0.386250 0.553889 0.027500 0.018744
0 0.208125 0.636832 0.033750 0.019681
0 0.429375 0.559044 0.023750 0.017807
0 0.263750 0.611059 0.035000 0.016870
0 0.020000 0.816776 0.037500 0.015933
0 0.066875 0.822399 0.041250 0.017807
0 0.217500 0.236645 0.032500 0.025305
0 0.403125 0.400656 0.031250 0.019681
0 0.272500 0.285380 0.020000 0.017807
0 0.401875 0.369260 0.026250 0.018744
0 0.673125 0.490159 0.031250 0.022493
0 0.223750 0.318650 0.027500 0.024367
0 0.538125 0.072634 0.026250 0.015933
0 0.310000 0.426898 0.015000 0.012184
0 0.630000 0.112465 0.025000 0.014995
0 0.296875 0.187441 0.018750 0.013121
0 0.695000 0.437207 0.022500 0.014058
0 0.466250 0.225867 0.015000 0.009372
0 0.733125 0.073571 0.011250 0.010309
0 0.621250 0.275539 0.017500 0.013121
0 0.591875 0.605436 0.036250 0.026242
0 0.681875 0.646204 0.036250 0.025305
0 0.224375 0.282099 0.011250 0.011246
