1 0.221875 0.679007 0.308750 0.328960
1 0.175625 0.304124 0.306250 0.338332
0 0.553750 0.634021 0.072500 0.038425
1 0.128750 0.774133 0.237500 0.155576
1 0.911250 0.660262 0.177500 0.238988
0 0.593125 0.798969 0.048750 0.034677
0 0.501875 0.824274 0.048750 0.036551
0 0.477500 0.519681 0.070000 0.044049
0 0.507500 0.594189 0.050000 0.037488
0 0.321875 0.079194 0.053750 0.038425
0 0.575000 0.356607 0.040000 0.029053
0 0.693125 0.835989 0.068750 0.116214
0 0.454375 0.821931 0.051250 0.039363
1 0.534375 0.260075 0.236250 0.119025
0 0.606875 0.508435 0.041250 0.029053
0 0.585625 0.865979 0.038750 0.028116
0 0.374375 0.868322 0.063750 0.049672
0 0.452500 0.455014 0.070000 0.040300
0 0.535625 0.475633 0.041250 0.025305
1 0.781875 0.534208 0.181250 0.243674
0 0.482500 0.332709 0.037500 0.031865
0 0.588750 0.703843 0.035000 0.031865
0 0.761875 0.882849 0.038750 0.037488
0 0.458125 0.790066 0.041250 0.029991
0 0.634375 0.802718 0.043750 0.030928
1 0.044375 0.487816 0.088750 0.130272
0 0.777500 0.443299 0.092500 0.039363
0 0.295000 0.600281 0.037500 0.030928
1 0.953125 0.604967 0.093750 0.169634
1 0.935000 0.235239 0.112500 0.129335
0 0.098750 0.410028 0.042500 0.038425
1 0.061875 0.652296 0.116250 0.174321
0 0.065625 0.458763 0.036250 0.042174
0 0.568125 0.269916 0.058750 0.033739
0 0.643750 0.605904 0.022500 0.017807
0 0.874375 0.674321 0.018750 0.014058
0 0.256875 0.641050 0.036250 0.026242
0 0.469375 0.658388 0.028750 0.019681
0 0.383750 0.684161 0.027500 0.020619
0 0.501250 0.760075 0.027500 0.024367
0 0.389375 0.557170 0.028750 0.019681
0 0.215000 0.644799 0.035000 0.020619
0 0.432500 0.561387 0.025000 0.018744
0 0.269375 0.617151 0.036250 0.017807
0 0.035625 0.829428 0.038750 0.016870
0 0.082500 0.834114 0.042500 0.018744
0 0.205625 0.244611 0.033750 0.026242
0 0.398750 0.403936 0.032500 0.020619
0 0.263125 0.291471 0.021250 0.018744
0 0.396250 0.372540 0.027500 0.019681
0 0.672500 0.485942 0.032500 0.023430
0 0.215625 0.326617 0.028750 0.025305
0 0.518750 0.072165 0.027500 0.016870
0 0.307500 0.432521 0.015000 0.012184
0 0.611875 0.109185 0.026250 0.015933
0 0.283125 0.193533 0.018750 0.014058
0 0.691875 0.432052 0.023750 0.014995
0 0.453750 0.226804 0.015000 0.009372
0 0.713125 0.067948 0.011250 0.010309
0 0.611250 0.272727 0.017500 0.013121
0 0.596250 0.603093 0.037500 0.027179
0 0.688750 0.641050 0.037500 0.026242
0 0.214375 0.289597 0.011250 0.011246
