0 0.841818 0.472678 0.112727 0.136612
0 0.885455 0.270492 0.090909 0.180328
0 0.789091 0.202186 0.138182 0.174863
0 0.774545 0.387978 0.123636 0.163934
0 0.660000 0.669399 0.301818 0.355191
0 0.661818 0.404372 0.152727 0.371585
0 0.450909 0.756831 0.138182 0.169399
0 0.316364 0.702186 0.123636 0.125683
0 0.203636 0.685792 0.109091 0.191257
0 0.492727 0.617486 0.098182 0.087432
0 0.392727 0.573770 0.072727 0.109290
0 0.560000 0.535519 0.065455 0.120219
0 0.500000 0.543716 0.069091 0.092896
0 0.421818 0.516393 0.080000 0.136612
0 0.494545 0.459016 0.080000 0.098361
0 0.558182 0.439891 0.061818 0.092896
0 0.572727 0.311475 0.032727 0.043716
0 0.540000 0.311475 0.040000 0.043716
0 0.576364 0.262295 0.040000 0.054645
0 0.540000 0.265027 0.040000 0.049180
0 0.503636 0.278689 0.032727 0.054645
0 0.487273 0.221311 0.029091 0.071038
0 0.518182 0.196721 0.032727 0.065574
0 0.549091 0.207650 0.036364 0.065574
0 0.590909 0.215847 0.032727 0.049180
0 0.574545 0.172131 0.029091 0.060109
0 0.458182 0.322404 0.058182 0.120219
0 0.398182 0.221311 0.069091 0.103825
0 0.398182 0.333333 0.076364 0.153005
0 0.340000 0.346995 0.069091 0.103825
0 0.338182 0.428962 0.080000 0.071038
0 0.272727 0.360656 0.065455 0.098361
0 0.258182 0.273224 0.065455 0.087432
0 0.327273 0.237705 0.072727 0.103825
0 0.245455 0.573770 0.120000 0.174863
0 0.201818 0.407104 0.083636 0.147541
0 0.121818 0.467213 0.105455 0.136612
0 0.125455 0.303279 0.090909 0.136612
