0 0.039927 0.112544 0.031502 0.033998
0 0.168864 0.162954 0.024176 0.026964
0 0.106960 0.247948 0.021978 0.024619
0 0.067766 0.310668 0.063736 0.076202
0 0.102930 0.365182 0.063736 0.049238
0 0.180220 0.310668 0.032234 0.030481
0 0.169963 0.334994 0.021978 0.020516
0 0.220513 0.332063 0.019048 0.013482
0 0.247619 0.308617 0.064469 0.036928
0 0.256044 0.211606 0.043223 0.028136
0 0.251282 0.259379 0.048352 0.036928
0 0.302564 0.122216 0.096703 0.065064
0 0.406960 0.090856 0.138462 0.055100
0 0.434432 0.068288 0.041026 0.039273
0 0.500000 0.068875 0.065201 0.058030
0 0.528938 0.110199 0.061538 0.041032
0 0.556777 0.076495 0.030769 0.028722
0 0.585714 0.104338 0.049084 0.025791
0 0.628571 0.115768 0.026374 0.024033
0 0.672527 0.131887 0.048352 0.063306
0 0.612821 0.146249 0.115018 0.039273
0 0.672894 0.186694 0.084249 0.072098
0 0.653846 0.228605 0.052015 0.030481
0 0.571795 0.177315 0.094505 0.061547
0 0.509524 0.141559 0.066667 0.033411
0 0.469963 0.147714 0.035897 0.038687
0 0.497436 0.182591 0.052747 0.047479
0 0.434066 0.168523 0.025641 0.022860
0 0.462637 0.202227 0.018315 0.017585
0 0.399267 0.209261 0.048352 0.023447
0 0.372527 0.166764 0.040293 0.031067
0 0.403297 0.136577 0.101832 0.045721
0 0.314652 0.166471 0.049084 0.036342
0 0.280586 0.188453 0.029304 0.034584
0 0.280220 0.238277 0.032967 0.022860
0 0.281319 0.286635 0.058608 0.039859
0 0.340659 0.287808 0.029304 0.015240
0 0.393040 0.298359 0.025641 0.014068
0 0.429304 0.269637 0.046886 0.033998
0 0.460806 0.245604 0.032234 0.029308
0 0.433333 0.214830 0.037363 0.025205
0 0.411722 0.240914 0.024908 0.022274
0 0.353846 0.218054 0.027839 0.025791
0 0.347253 0.241208 0.043956 0.029894
0 0.369231 0.272567 0.080586 0.031653
0 0.314286 0.229484 0.046886 0.083822
0 0.345788 0.185522 0.046886 0.029894
0 0.487179 0.221278 0.036630 0.014654
0 0.523810 0.205451 0.021978 0.022860
0 0.553114 0.221864 0.041026 0.028722
0 0.519048 0.225088 0.028571 0.019930
0 0.521978 0.250000 0.034432 0.027550
0 0.454945 0.288980 0.120147 0.078546
0 0.548718 0.268757 0.080586 0.060375
0 0.572161 0.296014 0.038095 0.023447
0 0.598901 0.222450 0.056410 0.054513
0 0.601099 0.273154 0.025641 0.017585
0 0.605495 0.296600 0.031502 0.021102
0 0.597802 0.319461 0.043956 0.022274
0 0.635897 0.350234 0.027839 0.013482
0 0.684615 0.301583 0.066667 0.039273
0 0.659341 0.255862 0.083516 0.055686
0 0.730403 0.348476 0.020513 0.015826
0 0.684615 0.252931 0.025641 0.018171
0 0.369231 0.311841 0.043956 0.019930
0 0.314652 0.310961 0.053480 0.045135
0 0.295604 0.363423 0.110623 0.077374
0 0.250549 0.342028 0.039560 0.016999
0 0.220147 0.379250 0.016850 0.015240
0 0.219048 0.424678 0.017582 0.015826
0 0.246886 0.401817 0.021978 0.013482
0 0.305128 0.403576 0.091575 0.036928
0 0.476190 0.407093 0.036630 0.083822
0 0.452015 0.385698 0.032234 0.017585
0 0.424908 0.361372 0.023443 0.018171
0 0.468864 0.356975 0.060073 0.025791
0 0.485348 0.324443 0.028571 0.026377
0 0.515018 0.340856 0.042491 0.019343
0 0.441026 0.335287 0.060073 0.023447
0 0.401465 0.382767 0.057143 0.038687
0 0.429670 0.426729 0.044689 0.062134
0 0.394505 0.426436 0.032967 0.038101
0 0.450549 0.425557 0.023443 0.010551
0 0.475824 0.456331 0.024176 0.018171
0 0.510623 0.437280 0.029304 0.023447
0 0.537363 0.411196 0.034432 0.016999
0 0.508059 0.387456 0.027106 0.016413
0 0.538462 0.365768 0.021978 0.016413
0 0.507326 0.366940 0.037363 0.023447
0 0.364835 0.398300 0.033700 0.032239
0 0.362271 0.354924 0.034432 0.045135
0 0.395604 0.339097 0.032234 0.053341
0 0.539927 0.433763 0.026374 0.026964
0 0.562637 0.433763 0.029304 0.019930
0 0.591575 0.413247 0.044689 0.015240
0 0.564103 0.396249 0.077656 0.028136
0 0.650549 0.402403 0.042491 0.024033
0 0.593407 0.366647 0.042491 0.032239
0 0.565201 0.340563 0.041758 0.046893
0 0.536264 0.321512 0.042491 0.039273
0 0.726007 0.393904 0.016117 0.012896
0 0.654945 0.327960 0.106960 0.157679
0 0.673993 0.382767 0.029304 0.051583
0 0.720513 0.438746 0.013919 0.013482
0 0.717949 0.482415 0.013187 0.012896
0 0.682418 0.449004 0.044689 0.036342
0 0.641026 0.466295 0.057143 0.039273
0 0.620879 0.432298 0.030037 0.027550
0 0.672527 0.501172 0.019048 0.015240
0 0.652747 0.482122 0.070330 0.035756
0 0.587546 0.457503 0.049817 0.025205
0 0.610989 0.479777 0.019048 0.012309
0 0.567033 0.493552 0.106960 0.093787
0 0.646886 0.539273 0.023443 0.015240
0 0.643590 0.536928 0.081319 0.062134
0 0.708059 0.567702 0.015385 0.013482
0 0.712454 0.524619 0.018315 0.014068
0 0.470696 0.478019 0.078388 0.047479
0 0.454212 0.506741 0.046886 0.038101
0 0.494505 0.500293 0.051282 0.032239
0 0.419414 0.500879 0.024176 0.033411
0 0.387912 0.520809 0.025641 0.026377
0 0.328571 0.495604 0.060806 0.021688
0 0.327106 0.468640 0.037363 0.034584
0 0.362271 0.449590 0.037363 0.037515
0 0.387179 0.469519 0.060806 0.045721
0 0.500366 0.521102 0.026374 0.031653
0 0.527473 0.499121 0.021978 0.020516
0 0.531136 0.537222 0.035165 0.026377
0 0.552381 0.564771 0.024908 0.019343
0 0.585348 0.558617 0.036630 0.025791
0 0.646154 0.590270 0.077656 0.045721
0 0.605495 0.604338 0.038828 0.042204
0 0.578388 0.584408 0.031502 0.019930
0 0.545788 0.608734 0.041026 0.028722
0 0.494139 0.602286 0.040293 0.031067
0 0.468864 0.584408 0.033700 0.017585
0 0.498901 0.561254 0.082051 0.060375
0 0.453480 0.537222 0.030769 0.027550
0 0.442857 0.567116 0.031502 0.024033
0 0.414652 0.583529 0.060073 0.025205
0 0.441758 0.605510 0.035165 0.030481
0 0.383516 0.604631 0.047619 0.025205
0 0.329304 0.605217 0.050549 0.013482
0 0.369231 0.566237 0.067399 0.058617
0 0.359341 0.539273 0.025641 0.018757
0 0.306227 0.540739 0.021978 0.016999
0 0.301465 0.540445 0.082784 0.059789
0 0.268498 0.543669 0.015385 0.015826
0 0.309158 0.583529 0.065934 0.027550
0 0.420147 0.541325 0.038828 0.036928
0 0.298168 0.450762 0.043956 0.019930
0 0.361905 0.423505 0.024908 0.013482
0 0.330769 0.424385 0.034432 0.029308
0 0.255311 0.447245 0.040293 0.057444
0 0.220147 0.471278 0.015385 0.011723
0 0.251282 0.494138 0.064469 0.051583
0 0.219780 0.514947 0.014652 0.014654
0 0.245421 0.539566 0.027839 0.018171
0 0.220513 0.559203 0.017582 0.014068
0 0.243223 0.584701 0.073260 0.045135
0 0.409158 0.647421 0.012454 0.009965
0 0.462271 0.667937 0.024908 0.015826
0 0.523810 0.648593 0.013187 0.007620
0 0.596703 0.669402 0.012454 0.010551
0 0.678388 0.652110 0.014652 0.009965
0 0.644689 0.687280 0.019048 0.012309
0 0.671429 0.706038 0.046154 0.029894
0 0.618681 0.708089 0.015385 0.010551
0 0.641758 0.726846 0.016117 0.010551
0 0.591209 0.727433 0.013187 0.010551
0 0.567033 0.707503 0.017582 0.012896
0 0.515018 0.708382 0.019048 0.012309
0 0.461905 0.706917 0.059341 0.025791
0 0.487546 0.727140 0.013919 0.011137
0 0.511355 0.747655 0.017582 0.012309
0 0.564835 0.748535 0.060073 0.021102
0 0.459707 0.747362 0.018315 0.011723
0 0.435165 0.728898 0.017582 0.013482
0 0.408059 0.708382 0.020513 0.014654
0 0.407692 0.748242 0.021245 0.013482
0 0.356777 0.748828 0.055678 0.025205
0 0.327106 0.727726 0.015385 0.012309
0 0.354579 0.707503 0.020513 0.012896
0 0.301832 0.708089 0.014652 0.011723
0 0.273626 0.727433 0.013919 0.010551
0 0.244689 0.746483 0.017582 0.008792
0 0.261172 0.713072 0.018315 0.021688
0 0.273626 0.687866 0.018315 0.014654
0 0.329304 0.668523 0.013919 0.009965
0 0.664835 0.747069 0.012454 0.012309
0 0.117216 0.614009 0.014652 0.011137
0 0.133700 0.591735 0.015385 0.013482
0 0.130403 0.548652 0.017582 0.016413
0 0.124176 0.500000 0.046154 0.048066
0 0.086081 0.550410 0.041758 0.033998
0 0.029670 0.593200 0.059341 0.056272
0 0.002930 0.698417 0.005861 0.016999
0 0.011722 0.523447 0.023443 0.052755
0 0.014652 0.391852 0.023443 0.031067
0 0.063736 0.419695 0.038095 0.043376
0 0.359341 0.103458 0.028571 0.021688
1 0.428571 0.214537 0.126007 0.078546
1 0.013919 0.388628 0.027839 0.184056
1 0.664469 0.372802 0.101099 0.148886
0 0.850916 0.350528 0.010989 0.014068
1 0.324542 0.487397 0.095238 0.094373
