0 0.989377 0.145076 0.021245 0.026377
0 0.932967 0.247069 0.034432 0.020516
0 0.828938 0.194900 0.031502 0.018171
0 0.752015 0.160903 0.097436 0.053341
0 0.682418 0.187573 0.063736 0.052755
0 0.747985 0.250879 0.039560 0.026964
0 0.717949 0.241794 0.026374 0.018171
0 0.719414 0.282239 0.017582 0.015826
0 0.748718 0.304807 0.048352 0.052755
0 0.869597 0.315064 0.036630 0.035756
0 0.809890 0.309496 0.047619 0.039859
0 0.968132 0.354924 0.063736 0.079132
0 0.988278 0.439039 0.023443 0.111372
0 0.979487 0.536342 0.041026 0.050410
0 0.986081 0.582063 0.023443 0.039859
0 0.975824 0.616354 0.030769 0.021688
0 0.953846 0.651231 0.080586 0.041032
0 0.938462 0.602286 0.052747 0.093200
0 0.886081 0.649179 0.093040 0.069754
0 0.834432 0.632767 0.039560 0.042790
0 0.900733 0.568288 0.079853 0.077960
0 0.947253 0.520223 0.043956 0.054513
0 0.941392 0.487984 0.049817 0.029894
0 0.897070 0.509086 0.060806 0.043962
0 0.916484 0.458968 0.029304 0.021102
0 0.873626 0.480657 0.022711 0.015240
0 0.866667 0.429367 0.030769 0.039273
0 0.920513 0.410023 0.040293 0.033411
0 0.957143 0.435522 0.060806 0.083236
0 0.923810 0.363716 0.046886 0.040445
0 0.896703 0.335287 0.043956 0.024619
0 0.834799 0.333529 0.030037 0.026964
0 0.773993 0.332943 0.052015 0.048066
0 0.771062 0.380129 0.019780 0.024033
0 0.755678 0.421454 0.018315 0.021102
0 0.790476 0.451934 0.043956 0.038687
0 0.819048 0.477140 0.038095 0.026964
0 0.858974 0.456624 0.032967 0.030481
0 0.826740 0.438746 0.028571 0.020516
0 0.857509 0.392732 0.032967 0.023447
0 0.828938 0.386870 0.038828 0.036342
0 0.789011 0.403283 0.042491 0.065651
0 0.844322 0.361372 0.106227 0.040445
0 0.898535 0.388042 0.038828 0.038687
0 0.848718 0.499707 0.019780 0.029894
0 0.867399 0.529601 0.029304 0.018171
0 0.845788 0.552169 0.037363 0.033998
0 0.842857 0.525205 0.025641 0.023447
0 0.811355 0.526084 0.035897 0.028722
0 0.765045 0.471671 0.095657 0.098089
0 0.787179 0.546893 0.078388 0.066823
0 0.752381 0.564771 0.030769 0.031067
0 0.843956 0.588511 0.070330 0.046893
0 0.780586 0.589097 0.022711 0.021102
0 0.750549 0.591442 0.027106 0.025791
0 0.722344 0.584115 0.029304 0.035756
0 0.682784 0.614009 0.017582 0.022860
0 0.742125 0.654455 0.051282 0.054513
0 0.799634 0.636284 0.072527 0.068581
0 0.682051 0.689625 0.020513 0.016999
0 0.802930 0.655920 0.023443 0.021102
0 0.739927 0.402403 0.026374 0.035756
0 0.742857 0.358148 0.058608 0.044549
0 0.678022 0.341735 0.100366 0.091442
0 0.705861 0.306272 0.022711 0.032239
0 0.661172 0.280774 0.019780 0.014068
0 0.604396 0.278136 0.020513 0.014654
0 0.631502 0.300996 0.017582 0.018171
0 0.627696 0.347498 0.043671 0.073660
0 0.616777 0.482577 0.105348 0.029633
0 0.643981 0.465914 0.022029 0.025614
0 0.676190 0.445193 0.023443 0.019343
0 0.680220 0.479777 0.034432 0.048652
0 0.720147 0.494431 0.033700 0.024033
0 0.698535 0.517292 0.025641 0.034584
0 0.708059 0.458675 0.031502 0.048652
0 0.650183 0.425557 0.050549 0.046893
0 0.594872 0.446366 0.079121 0.038101
0 0.595971 0.418230 0.049084 0.027550
0 0.595238 0.462778 0.013919 0.019343
0 0.555311 0.482415 0.023443 0.019930
0 0.578388 0.510258 0.030037 0.024033
0 0.609890 0.532825 0.022711 0.028136
0 0.640659 0.509965 0.021245 0.022274
0 0.667033 0.535463 0.021245 0.018171
0 0.666667 0.510551 0.030769 0.030481
0 0.632601 0.395662 0.041758 0.028136
0 0.686081 0.395076 0.057875 0.029308
0 0.704762 0.421747 0.067399 0.027550
0 0.581319 0.534584 0.034432 0.022274
0 0.581319 0.552462 0.025641 0.024033
0 0.605128 0.576202 0.020513 0.036342
0 0.627839 0.554513 0.038095 0.063306
0 0.616484 0.623388 0.031502 0.034584
0 0.663370 0.579719 0.041758 0.035170
0 0.697436 0.557444 0.060073 0.035170
0 0.721978 0.535170 0.050549 0.035170
0 0.625275 0.684349 0.016850 0.013482
0 0.709745 0.629699 0.200442 0.080030
0 0.640795 0.643064 0.065472 0.022353
0 0.569231 0.678781 0.017582 0.011723
0 0.514652 0.674971 0.016850 0.011137
0 0.558242 0.647421 0.046886 0.036928
0 0.537729 0.614302 0.051282 0.046893
0 0.580952 0.599355 0.035165 0.025205
0 0.493407 0.638042 0.019780 0.015826
0 0.516921 0.622083 0.043366 0.056593
0 0.550549 0.571219 0.032967 0.040445
0 0.521612 0.589390 0.016117 0.015826
0 0.505861 0.554220 0.120879 0.088511
0 0.446520 0.615768 0.019780 0.019343
0 0.449084 0.613423 0.080586 0.067409
0 0.408791 0.664127 0.017582 0.012896
0 0.461905 0.669402 0.018315 0.015240
0 0.529304 0.477726 0.062271 0.064478
0 0.493407 0.463072 0.049084 0.038687
0 0.500000 0.495311 0.041758 0.042204
0 0.502564 0.435815 0.042491 0.020516
0 0.478388 0.410023 0.033700 0.021688
0 0.511355 0.363423 0.029304 0.049238
0 0.545421 0.363130 0.044689 0.031067
0 0.567766 0.391852 0.048352 0.031067
0 0.542491 0.410903 0.059341 0.050410
0 0.474359 0.500000 0.040293 0.022274
0 0.500366 0.521981 0.026374 0.018171
0 0.452381 0.523447 0.034432 0.029308
0 0.417582 0.539566 0.024908 0.020516
0 0.424176 0.566237 0.033700 0.030481
0 0.382418 0.614009 0.060073 0.063892
0 0.366300 0.580598 0.054212 0.032239
0 0.392308 0.559789 0.025641 0.025791
0 0.363004 0.532825 0.037363 0.033998
0 0.372527 0.492087 0.040293 0.033411
0 0.396337 0.472157 0.023443 0.027550
0 0.423810 0.497069 0.078388 0.067995
0 0.455678 0.461313 0.035165 0.025791
0 0.418315 0.451934 0.030769 0.025791
0 0.399267 0.428781 0.033700 0.048652
0 0.370696 0.450176 0.039560 0.029308
0 0.373260 0.403283 0.032967 0.038687
0 0.374725 0.359906 0.018315 0.041032
0 0.421494 0.393449 0.072292 0.054191
0 0.456044 0.386284 0.024176 0.021102
0 0.456410 0.343787 0.021978 0.018171
0 0.457143 0.339977 0.077656 0.067995
0 0.454212 0.313599 0.020513 0.012896
0 0.402198 0.344080 0.036630 0.053927
0 0.451648 0.434642 0.047619 0.032239
0 0.569231 0.340270 0.026374 0.035756
0 0.600733 0.392438 0.017582 0.020516
0 0.600733 0.367233 0.038095 0.028722
0 0.575092 0.305979 0.073260 0.033998
0 0.546154 0.277257 0.015385 0.012896
0 0.516850 0.300996 0.066667 0.053341
0 0.491575 0.275205 0.019048 0.012309
0 0.460073 0.295135 0.023443 0.022860
0 0.436264 0.274033 0.018315 0.014654
0 0.403663 0.291618 0.058608 0.060375
0 0.319414 0.422040 0.013187 0.010551
0 0.291575 0.463951 0.020513 0.020516
0 0.314286 0.513482 0.010256 0.010551
0 0.285348 0.571512 0.013919 0.010551
0 0.304029 0.637456 0.013187 0.012309
0 0.261538 0.608734 0.016117 0.015826
0 0.236996 0.629836 0.038828 0.038101
0 0.236264 0.587925 0.013919 0.012896
0 0.212088 0.605217 0.013919 0.013482
0 0.213553 0.564771 0.013919 0.011137
0 0.238462 0.546600 0.016850 0.014654
0 0.239560 0.504982 0.016117 0.015826
0 0.242857 0.462485 0.034432 0.048066
0 0.217582 0.481829 0.014652 0.011723
0 0.190476 0.500293 0.016117 0.014654
0 0.187179 0.543083 0.028571 0.048652
0 0.192308 0.459555 0.015385 0.015240
0 0.216850 0.439918 0.017582 0.014654
0 0.243223 0.419402 0.019048 0.016999
0 0.193407 0.417937 0.017582 0.017585
0 0.194872 0.377198 0.033700 0.045135
0 0.221978 0.354045 0.016117 0.012896
0 0.245788 0.376612 0.016850 0.016999
0 0.247253 0.334408 0.015385 0.012309
0 0.224542 0.311254 0.013919 0.011723
0 0.201465 0.287515 0.011722 0.014654
0 0.242491 0.301290 0.027839 0.015240
0 0.273993 0.312427 0.019048 0.015240
0 0.295971 0.357562 0.013187 0.011723
0 0.186081 0.623095 0.016117 0.010551
0 0.371429 0.189625 0.014652 0.012309
0 0.398535 0.203986 0.017582 0.012896
0 0.452381 0.202521 0.021245 0.014654
0 0.513553 0.199297 0.061538 0.038687
0 0.452015 0.167351 0.043956 0.034584
0 0.400366 0.120750 0.072527 0.049238
0 0.269963 0.095838 0.021245 0.005275
0 0.488278 0.108734 0.066667 0.020516
0 0.652015 0.115475 0.039560 0.019930
0 0.615385 0.153869 0.055678 0.032239
0 0.993407 0.400938 0.013187 0.023447
1 0.859341 0.452814 0.102564 0.103751
1 0.656777 0.115182 0.230769 0.028722
1 0.653114 0.635698 0.189744 0.086166
0 0.674359 0.786049 0.018315 0.009379
1 0.522711 0.360492 0.120879 0.079719
