0 0.913187 0.081477 0.040293 0.029308
0 0.871062 0.190797 0.036630 0.022860
0 0.757509 0.153576 0.033700 0.021102
0 0.674359 0.130715 0.103297 0.060961
0 0.612088 0.167057 0.069597 0.057444
0 0.690110 0.220692 0.042491 0.029894
0 0.658242 0.215416 0.028571 0.020516
0 0.668864 0.255275 0.019048 0.016999
0 0.702198 0.273154 0.054945 0.056272
0 0.823443 0.266413 0.041026 0.038101
0 0.764103 0.269637 0.052747 0.043376
0 0.934066 0.291325 0.080586 0.084408
0 0.970696 0.371630 0.042491 0.112544
0 0.978022 0.469226 0.043956 0.053341
0 0.990842 0.513189 0.018315 0.041618
0 0.988278 0.548359 0.023443 0.024033
0 0.968498 0.585580 0.063004 0.046893
0 0.953846 0.540152 0.064469 0.096717
0 0.912088 0.593494 0.101099 0.076788
0 0.857509 0.584408 0.044689 0.045721
0 0.909158 0.511723 0.089377 0.083236
0 0.945421 0.457796 0.050549 0.057444
0 0.932601 0.426729 0.052747 0.033998
0 0.892308 0.453986 0.065934 0.048652
0 0.901465 0.401524 0.031502 0.023447
0 0.863370 0.428781 0.024176 0.016999
0 0.845788 0.379543 0.035897 0.041618
0 0.895238 0.352872 0.043956 0.036342
0 0.936630 0.373095 0.071062 0.087339
0 0.887546 0.306858 0.052015 0.043962
0 0.854945 0.282532 0.046886 0.028136
0 0.793773 0.289566 0.032967 0.029308
0 0.734066 0.296893 0.057143 0.052169
0 0.740293 0.343787 0.022711 0.025205
0 0.735165 0.386870 0.021245 0.022274
0 0.775092 0.411782 0.048352 0.041618
0 0.809524 0.433470 0.041026 0.029894
0 0.843956 0.407386 0.036630 0.032825
0 0.808791 0.394197 0.030769 0.022860
0 0.828938 0.344666 0.035897 0.025791
0 0.798901 0.343200 0.043223 0.039273
0 0.763736 0.364596 0.050549 0.067995
0 0.809158 0.315064 0.110623 0.048652
0 0.867766 0.334115 0.043223 0.041032
0 0.843223 0.451055 0.023443 0.031067
0 0.867766 0.478019 0.031502 0.020516
0 0.852015 0.503517 0.041026 0.036342
0 0.842857 0.476846 0.028571 0.025205
0 0.812821 0.482708 0.038828 0.031067
0 0.756597 0.434708 0.108066 0.087470
0 0.793040 0.506741 0.085714 0.072098
0 0.763004 0.529015 0.034432 0.033411
0 0.857509 0.539566 0.075458 0.052169
0 0.795238 0.548359 0.025641 0.022860
0 0.766300 0.555686 0.030769 0.028136
0 0.736996 0.552462 0.033700 0.038101
0 0.704762 0.587046 0.020513 0.024033
0 0.771795 0.618699 0.057875 0.058030
0 0.824176 0.592614 0.080586 0.073857
0 0.719780 0.661489 0.022711 0.018171
0 0.832234 0.611665 0.026374 0.022860
0 0.715018 0.370457 0.030769 0.037515
0 0.708425 0.326788 0.063004 0.048652
0 0.641026 0.318875 0.111355 0.098476
0 0.660806 0.280774 0.026374 0.033998
0 0.611355 0.261430 0.021245 0.015240
0 0.554579 0.267292 0.021978 0.016413
0 0.586447 0.285756 0.019780 0.019343
0 0.593401 0.331627 0.055667 0.070054
0 0.611778 0.472856 0.105607 0.028947
0 0.635371 0.445639 0.020926 0.026096
0 0.661905 0.421454 0.025641 0.021102
0 0.672894 0.455158 0.040293 0.050996
0 0.715751 0.463951 0.036630 0.026377
0 0.699267 0.489449 0.030037 0.036342
0 0.695604 0.429953 0.037363 0.050996
0 0.631502 0.405627 0.055678 0.050410
0 0.581319 0.434056 0.082784 0.043962
0 0.576923 0.406213 0.052015 0.031653
0 0.585348 0.450176 0.016117 0.019930
0 0.550549 0.475088 0.025641 0.021688
0 0.579853 0.499707 0.032967 0.026377
0 0.615751 0.517292 0.025641 0.029894
0 0.640659 0.490328 0.024176 0.024033
0 0.671795 0.511723 0.023443 0.019930
0 0.666300 0.487104 0.034432 0.032825
0 0.607692 0.378957 0.044689 0.031067
0 0.660440 0.370750 0.060806 0.033411
0 0.684982 0.394490 0.070330 0.032825
0 0.587912 0.522274 0.037363 0.024619
0 0.590842 0.540445 0.028571 0.025791
0 0.620513 0.560375 0.024908 0.037515
0 0.637363 0.536342 0.045421 0.065651
0 0.642125 0.605803 0.035897 0.036928
0 0.678022 0.555393 0.046154 0.038101
0 0.706593 0.529308 0.063736 0.039859
0 0.726007 0.503810 0.054212 0.039273
0 0.663370 0.663834 0.018315 0.014654
0 0.736106 0.599043 0.184300 0.105472
0 0.669431 0.621388 0.059741 0.030584
0 0.606960 0.666471 0.018315 0.012896
0 0.552381 0.670281 0.017582 0.012309
0 0.589011 0.637456 0.051282 0.040445
0 0.561538 0.606975 0.056410 0.050996
0 0.601465 0.586460 0.038095 0.027550
0 0.522711 0.636870 0.021245 0.016999
0 0.543722 0.618802 0.051547 0.053547
0 0.565568 0.563013 0.038095 0.042790
0 0.540659 0.584701 0.017582 0.016999
0 0.517582 0.552462 0.131136 0.097890
0 0.472527 0.621630 0.021978 0.020516
0 0.474725 0.618699 0.087912 0.073271
0 0.445421 0.674091 0.019048 0.014068
0 0.499267 0.671747 0.019780 0.016413
0 0.523443 0.473916 0.069597 0.068581
0 0.486081 0.464830 0.053480 0.042204
0 0.498901 0.495604 0.046886 0.045135
0 0.488278 0.436401 0.044689 0.024033
0 0.458974 0.414127 0.035897 0.024033
0 0.482051 0.363716 0.035165 0.050996
0 0.515018 0.359027 0.048352 0.034584
0 0.543590 0.384232 0.051282 0.034584
0 0.521978 0.406506 0.065201 0.054513
0 0.474725 0.503224 0.042491 0.025205
0 0.505128 0.521981 0.028571 0.020516
0 0.458242 0.529894 0.037363 0.031653
0 0.427473 0.550410 0.027106 0.022274
0 0.439927 0.575615 0.037363 0.032825
0 0.408791 0.628370 0.067399 0.067995
0 0.385714 0.598183 0.057875 0.036928
0 0.407326 0.574150 0.029304 0.027550
0 0.372161 0.551583 0.041026 0.036342
0 0.372894 0.509965 0.043956 0.036342
0 0.391941 0.487104 0.026374 0.029308
0 0.424908 0.507913 0.086447 0.073271
0 0.447619 0.468347 0.038095 0.028136
0 0.409158 0.464244 0.034432 0.028136
0 0.385348 0.444021 0.039560 0.050996
0 0.361172 0.468640 0.042491 0.032239
0 0.354579 0.422626 0.038095 0.041032
0 0.345788 0.379250 0.023443 0.042204
0 0.402073 0.404125 0.075941 0.050922
0 0.432601 0.394197 0.027106 0.022860
0 0.423077 0.351700 0.024176 0.019930
0 0.423077 0.348183 0.085714 0.073857
0 0.413919 0.322685 0.021978 0.014654
0 0.370330 0.360492 0.043223 0.056272
0 0.438095 0.442849 0.051282 0.035756
0 0.533333 0.333529 0.030769 0.037515
0 0.575824 0.380129 0.020513 0.021688
0 0.570696 0.355217 0.041026 0.031653
0 0.531502 0.298359 0.076923 0.039859
0 0.497070 0.274326 0.016850 0.014068
0 0.472894 0.302169 0.072527 0.058030
0 0.443223 0.279894 0.020513 0.013482
0 0.416117 0.303634 0.026374 0.024619
0 0.388645 0.286342 0.019780 0.015826
0 0.359707 0.308324 0.065934 0.064478
0 0.305128 0.448124 0.013919 0.011137
0 0.286813 0.493259 0.022711 0.021688
0 0.319780 0.539273 0.010989 0.011723
0 0.304029 0.600528 0.014652 0.011137
0 0.336996 0.662368 0.014652 0.012896
0 0.288645 0.640387 0.017582 0.016999
0 0.269231 0.664420 0.043223 0.040445
0 0.258974 0.623388 0.015385 0.013482
0 0.239194 0.643611 0.015385 0.014068
0 0.231502 0.603751 0.014652 0.011723
0 0.252381 0.582356 0.018315 0.015826
0 0.244689 0.540739 0.017582 0.016999
0 0.238462 0.498828 0.040293 0.050410
0 0.217949 0.521395 0.015385 0.012309
0 0.195604 0.543669 0.017582 0.015826
0 0.201832 0.585580 0.034432 0.050410
0 0.188645 0.502931 0.016850 0.016413
0 0.208059 0.480363 0.019048 0.015826
0 0.229670 0.456331 0.021245 0.018171
0 0.179853 0.461313 0.019780 0.018757
0 0.172527 0.421161 0.038828 0.047479
0 0.194872 0.395076 0.017582 0.014068
0 0.222711 0.413540 0.019048 0.018171
0 0.215751 0.371923 0.016850 0.013482
0 0.187546 0.352579 0.014652 0.012309
0 0.159707 0.332356 0.013187 0.015240
0 0.203663 0.339977 0.029304 0.017585
0 0.236630 0.346424 0.020513 0.016413
0 0.268498 0.388335 0.013919 0.012309
0 0.217216 0.665299 0.016850 0.011723
0 0.306227 0.212192 0.016117 0.012896
0 0.336264 0.222743 0.019048 0.014068
0 0.388645 0.213951 0.022711 0.016413
0 0.448352 0.202227 0.065934 0.043376
0 0.379853 0.179074 0.047619 0.038101
0 0.319414 0.140680 0.077656 0.055100
0 0.185348 0.133646 0.021978 0.007034
0 0.403663 0.116647 0.068864 0.025791
0 0.566667 0.100528 0.041758 0.022860
0 0.538828 0.143025 0.059341 0.036342
0 0.966667 0.333529 0.021245 0.024619
1 0.843590 0.403576 0.115018 0.110785
1 0.570696 0.099355 0.231502 0.047479
1 0.680220 0.612544 0.198535 0.100821
0 0.734066 0.757327 0.019048 0.010551
1 0.491575 0.359613 0.130403 0.088511
