0 0.543636 0.035519 0.083636 0.071038
0 0.358182 0.057377 0.112727 0.114754
0 0.476364 0.081967 0.109091 0.163934
0 0.641818 0.300546 0.229091 0.448087
0 0.465455 0.243169 0.247273 0.224044
0 0.658182 0.625683 0.109091 0.202186
0 0.594545 0.808743 0.083636 0.185792
0 0.563636 0.942623 0.123636 0.114754
0 0.572727 0.532787 0.054545 0.147541
0 0.527273 0.672131 0.072727 0.109290
0 0.532727 0.420765 0.076364 0.098361
0 0.529091 0.510929 0.061818 0.103825
0 0.492727 0.622951 0.090909 0.120219
0 0.472727 0.505464 0.065455 0.114754
0 0.470909 0.404372 0.061818 0.087432
0 0.389091 0.357923 0.029091 0.049180
0 0.385455 0.407104 0.029091 0.060109
0 0.360000 0.341530 0.036364 0.060109
0 0.354545 0.401639 0.032727 0.060109
0 0.356364 0.456284 0.036364 0.049180
0 0.314545 0.469945 0.047273 0.043716
0 0.305455 0.418033 0.043636 0.049180
0 0.316364 0.377049 0.043636 0.054645
0 0.332727 0.314208 0.032727 0.049180
0 0.300000 0.327869 0.040000 0.043716
0 0.374545 0.530055 0.080000 0.087432
0 0.298182 0.601093 0.065455 0.098361
0 0.372727 0.617486 0.098182 0.109290
0 0.367273 0.710383 0.065455 0.098361
0 0.423636 0.732240 0.047273 0.120219
0 0.365455 0.811475 0.061818 0.092896
0 0.303636 0.819672 0.054545 0.098361
0 0.296364 0.707650 0.069091 0.103825
0 0.498182 0.890710 0.116364 0.174863
0 0.380000 0.920765 0.098182 0.125683
