0 0.745660 0.775463 0.098958 0.084259
0 0.539062 0.768981 0.098958 0.049074
0 0.625868 0.762963 0.050347 0.024074
0 0.671875 0.711574 0.048611 0.023148
0 0.825521 0.693981 0.140625 0.076852
0 0.716146 0.659259 0.050347 0.022222
0 0.451389 0.652778 0.027778 0.018519
0 0.853299 0.630093 0.029514 0.021296
0 0.762153 0.607870 0.048611 0.021296
0 0.954861 0.597222 0.090278 0.094444
0 0.900174 0.543056 0.182292 0.091667
0 0.652778 0.529167 0.118056 0.063889
0 0.520833 0.528704 0.145833 0.087037
0 0.927951 0.481944 0.060764 0.030556
0 0.954861 0.457870 0.059028 0.034259
0 0.831597 0.454630 0.024306 0.011111
0 0.848090 0.450463 0.012153 0.010185
0 0.538194 0.437500 0.163194 0.076852
0 0.764757 0.431481 0.053819 0.029630
0 0.948785 0.350000 0.095486 0.066667
0 0.677083 0.277315 0.100694 0.075000
1 0.848958 0.285648 0.291667 0.078704
1 0.821181 0.464352 0.086806 0.095370
1 0.423611 0.421759 0.121528 0.195370
1 0.473090 0.640278 0.074653 0.097222
