0 0.956597 0.451852 0.086806 0.064815
0 0.934028 0.287963 0.027778 0.031481
0 0.914062 0.257870 0.050347 0.032407
0 0.886285 0.210648 0.074653 0.030556
0 0.963542 0.624537 0.072917 0.043519
0 0.938368 0.726389 0.064236 0.017593
0 0.818576 0.307870 0.036458 0.015741
0 0.881076 0.562500 0.036458 0.021296
0 0.776910 0.218056 0.064236 0.026852
0 0.801215 0.377778 0.036458 0.024074
0 0.790799 0.346759 0.039931 0.019444
0 0.813368 0.487963 0.046875 0.033333
0 0.786458 0.416667 0.184028 0.088889
0 0.856771 0.733333 0.036458 0.011111
0 0.828125 0.652315 0.083333 0.041667
0 0.696181 0.275463 0.184028 0.095370
0 0.704861 0.338426 0.079861 0.036111
0 0.759549 0.549537 0.109375 0.058333
0 0.659722 0.226389 0.048611 0.023148
0 0.794271 0.720370 0.022569 0.020370
0 0.789931 0.679630 0.149306 0.085185
0 0.705729 0.456019 0.053819 0.032407
0 0.729167 0.600000 0.180556 0.059259
0 0.643229 0.360185 0.057292 0.022222
0 0.675347 0.498611 0.163194 0.082407
0 0.731771 0.687037 0.015625 0.011111
0 0.726562 0.700926 0.043403 0.022222
0 0.720486 0.686111 0.017361 0.011111
0 0.570312 0.265278 0.071181 0.039815
0 0.652778 0.596296 0.131944 0.085185
0 0.549479 0.334259 0.067708 0.042593
0 0.643229 0.650463 0.147569 0.082407
0 0.539062 0.391667 0.064236 0.037037
0 0.548611 0.443519 0.069444 0.037037
0 0.474826 0.297222 0.029514 0.016667
0 0.465278 0.368056 0.062500 0.045370
0 0.501736 0.490278 0.100694 0.056481
0 0.446181 0.332407 0.097222 0.025926
0 0.507812 0.569907 0.092014 0.045370
0 0.453125 0.437500 0.045139 0.030556
0 0.480035 0.594907 0.147569 0.089815
0 0.369792 0.265741 0.114583 0.051852
0 0.443576 0.524537 0.039931 0.023148
0 0.379340 0.325926 0.029514 0.016667
0 0.375868 0.408333 0.053819 0.027778
0 0.390625 0.497685 0.024306 0.013889
0 0.396701 0.548611 0.026042 0.017593
0 0.347222 0.404167 0.020833 0.012037
0 0.333333 0.357870 0.072917 0.034259
0 0.320312 0.318056 0.092014 0.043519
0 0.293403 0.279167 0.031250 0.015741
0 0.323785 0.511111 0.064236 0.033333
0 0.241319 0.271759 0.027778 0.012037
0 0.258681 0.376852 0.024306 0.016667
0 0.217882 0.321296 0.053819 0.025926
0 0.232639 0.397685 0.065972 0.041667
0 0.251736 0.467130 0.024306 0.015741
0 0.235243 0.496759 0.088542 0.034259
0 0.231771 0.510185 0.039931 0.020370
0 0.164931 0.415741 0.065972 0.040741
0 0.111979 0.305093 0.126736 0.052778
0 0.125868 0.361111 0.098958 0.038889
1 0.326389 0.431481 0.291667 0.168519
0 0.352431 0.551389 0.062500 0.032407
0 0.750000 0.712037 0.156250 0.083333
1 0.933160 0.718519 0.133681 0.038889
1 0.909722 0.554630 0.180556 0.072222
0 0.657986 0.233796 0.114583 0.041667
