0 0.908854 0.795370 0.050347 0.020370
0 0.660590 0.780093 0.036458 0.015741
0 0.118924 0.788889 0.133681 0.059259
0 0.331597 0.775926 0.041667 0.022222
0 0.572049 0.762037 0.053819 0.022222
0 0.484375 0.750926 0.024306 0.012963
0 0.351562 0.730556 0.050347 0.024074
0 0.281250 0.723611 0.048611 0.021296
0 0.093750 0.726852 0.041667 0.016667
0 0.988715 0.690741 0.022569 0.037037
0 0.410590 0.706019 0.022569 0.012037
0 0.329861 0.678704 0.052083 0.024074
0 0.086806 0.680556 0.041667 0.018519
0 0.522569 0.657407 0.027778 0.014815
0 0.799479 0.636111 0.144097 0.118519
0 0.305556 0.624537 0.052083 0.023148
0 0.388021 0.612500 0.019097 0.012037
0 0.617188 0.583333 0.227431 0.059259
0 0.071181 0.587963 0.048611 0.053704
0 0.070312 0.539352 0.019097 0.010185
0 0.287326 0.521296 0.081597 0.029630
0 0.897569 0.488426 0.083333 0.037963
0 0.776042 0.482407 0.128472 0.131481
0 0.519097 0.489815 0.017361 0.011111
0 0.244792 0.462963 0.114583 0.064815
0 0.651910 0.443056 0.043403 0.021296
0 0.410590 0.442130 0.019097 0.010185
0 0.190972 0.398148 0.041667 0.022222
0 0.512153 0.374074 0.020833 0.011111
0 0.198785 0.366204 0.043403 0.028704
0 0.114583 0.363426 0.038194 0.015741
0 0.938368 0.321296 0.064236 0.037037
0 0.304688 0.336111 0.105903 0.057407
0 0.751736 0.307407 0.222222 0.092593
1 0.534722 0.262500 0.100694 0.041667
1 0.189236 0.286574 0.145833 0.095370
1 0.131944 0.380093 0.225694 0.119444
1 0.082465 0.456944 0.088542 0.078704
1 0.309896 0.569907 0.272569 0.165741
1 0.465278 0.369444 0.152778 0.061111
1 0.864583 0.770370 0.076389 0.088889
1 0.914931 0.795370 0.170139 0.061111
1 0.271701 0.731481 0.085069 0.074074
