0 0.011285 0.452778 0.022569 0.029630
0 0.030382 0.294444 0.050347 0.031481
0 0.085069 0.488426 0.052083 0.030556
0 0.153646 0.393056 0.022569 0.019444
0 0.159722 0.377315 0.041667 0.012037
0 0.184896 0.493981 0.050347 0.030556
0 0.266493 0.302778 0.265625 0.127778
0 0.326389 0.538426 0.177083 0.075000
0 0.437500 0.544907 0.055556 0.021296
0 0.497396 0.365741 0.144097 0.062963
0 0.554688 0.292593 0.199653 0.079630
0 0.728299 0.567130 0.112847 0.034259
0 0.736111 0.502315 0.031250 0.015741
0 0.788194 0.529630 0.027778 0.014815
0 0.894097 0.544907 0.034722 0.010185
0 0.926215 0.485648 0.137153 0.060185
1 0.932292 0.421296 0.125000 0.081481
1 0.124132 0.392130 0.185764 0.069444
0 0.657986 0.548148 0.031250 0.009259
