0 0.366319 0.825000 0.152778 0.114815
0 0.217014 0.784259 0.208333 0.070370
0 0.294271 0.748611 0.060764 0.028704
0 0.021701 0.693056 0.043403 0.028704
0 0.379340 0.712963 0.060764 0.029630
0 0.221354 0.653704 0.036458 0.012963
0 0.194444 0.646296 0.024306 0.022222
0 0.412326 0.661574 0.060764 0.028704
0 0.105903 0.572685 0.211806 0.149074
0 0.528646 0.599074 0.151042 0.098148
0 0.565972 0.543056 0.041667 0.030556
0 0.255208 0.468981 0.125000 0.080556
0 0.136285 0.422222 0.161458 0.111111
0 0.676215 0.399074 0.071181 0.061111
0 0.560764 0.378241 0.031250 0.017593
0 0.624132 0.358796 0.029514 0.015741
0 0.677083 0.307407 0.020833 0.018519
0 0.576389 0.275926 0.121528 0.075926
1 0.614583 0.197222 0.173611 0.109259
1 0.469618 0.232407 0.175347 0.122222
1 0.212674 0.668981 0.140625 0.102778
0 0.625000 0.430556 0.020833 0.016667
