0 0.627604 0.095370 0.151042 0.096296
0 0.038194 0.100000 0.076389 0.038889
0 0.723090 0.115278 0.032986 0.023148
0 0.384549 0.117593 0.123264 0.068519
0 0.189236 0.122685 0.079861 0.041667
0 0.770833 0.124074 0.052083 0.029630
0 0.926215 0.127315 0.123264 0.112037
0 0.119792 0.172685 0.076389 0.043519
0 0.008681 0.174074 0.017361 0.018519
0 0.846354 0.175926 0.029514 0.020370
0 0.408854 0.019444 0.109375 0.038889
0 0.767361 0.194907 0.055556 0.026852
0 0.013021 0.202315 0.026042 0.015741
0 0.481771 0.212037 0.112847 0.116667
0 0.803819 0.021759 0.062500 0.043519
0 0.232639 0.215278 0.059028 0.028704
0 0.361979 0.220370 0.057292 0.031481
0 0.174479 0.228704 0.057292 0.029630
0 0.875868 0.242130 0.029514 0.015741
0 0.116319 0.243519 0.055556 0.024074
0 0.023438 0.250000 0.046875 0.038889
0 0.807292 0.264815 0.065972 0.055556
0 0.987847 0.305093 0.024306 0.032407
0 0.192708 0.302315 0.024306 0.017593
0 0.675347 0.309259 0.034722 0.016667
0 0.020833 0.310185 0.041667 0.031481
0 0.320312 0.322222 0.039931 0.016667
0 0.260417 0.323148 0.031250 0.018519
0 0.526910 0.333333 0.057292 0.020370
0 0.390625 0.336111 0.142361 0.087037
0 0.018229 0.034722 0.036458 0.025000
0 0.986979 0.349074 0.015625 0.018519
0 0.832465 0.350926 0.067708 0.038889
0 0.114583 0.361574 0.156250 0.086111
0 0.231771 0.367130 0.057292 0.037963
0 0.632812 0.370833 0.095486 0.050926
0 0.018229 0.373611 0.036458 0.023148
0 0.953993 0.379630 0.036458 0.009259
0 0.877604 0.375926 0.140625 0.068519
0 0.450521 0.385185 0.053819 0.024074
0 0.721354 0.395370 0.085069 0.090741
0 0.262153 0.402778 0.034722 0.027778
0 0.523438 0.407870 0.133681 0.076852
0 0.882812 0.407870 0.019097 0.006481
0 0.907118 0.412037 0.036458 0.020370
0 0.879340 0.413889 0.019097 0.007407
0 0.743924 0.044444 0.053819 0.031481
0 0.076389 0.426389 0.065972 0.032407
0 0.702257 0.435185 0.144097 0.059259
0 0.200521 0.448611 0.071181 0.030556
0 0.802083 0.449074 0.135417 0.068519
0 0.304688 0.462963 0.060764 0.029630
0 0.401910 0.465278 0.060764 0.032407
0 0.119792 0.481944 0.027778 0.013889
0 0.249132 0.497685 0.078125 0.026852
0 0.482639 0.498148 0.093750 0.046296
0 0.180556 0.502778 0.034722 0.050000
0 0.630208 0.506944 0.072917 0.043519
0 0.376736 0.514815 0.052083 0.020370
0 0.672743 0.525926 0.151042 0.066667
0 0.046007 0.531944 0.081597 0.054630
0 0.536458 0.533333 0.038194 0.018519
0 0.157986 0.536574 0.027778 0.013889
0 0.310764 0.551389 0.045139 0.025000
0 0.138021 0.056019 0.032986 0.019444
0 0.478299 0.557407 0.022569 0.011111
0 0.573785 0.562037 0.029514 0.011111
0 0.298611 0.565741 0.020833 0.009259
0 0.210069 0.566204 0.055556 0.034259
0 0.133681 0.566204 0.069444 0.043519
0 0.058160 0.574074 0.026042 0.014815
0 0.492188 0.594907 0.053819 0.030556
0 0.035590 0.600926 0.019097 0.012963
0 0.234375 0.608333 0.027778 0.011111
0 0.125000 0.621296 0.041667 0.025926
0 0.267361 0.625000 0.069444 0.029630
0 0.400174 0.625926 0.026042 0.011111
0 0.451389 0.639352 0.052083 0.043519
0 0.476562 0.643519 0.032986 0.018519
0 0.290799 0.663889 0.067708 0.029630
0 0.077257 0.674074 0.081597 0.061111
0 0.184028 0.675926 0.059028 0.048148
0 0.733507 0.079630 0.046875 0.031481
1 0.346354 0.581019 0.279514 0.134259
0 0.571181 0.586111 0.052083 0.029630
0 0.931424 0.402315 0.137153 0.073148
1 0.979167 0.264815 0.041667 0.151852
0 0.995660 0.135648 0.008681 0.025000
1 0.201389 0.121759 0.232639 0.186111
1 0.669271 0.258333 0.105903 0.157407
0 0.031250 0.375463 0.062500 0.056481
