0 0.960069 0.219907 0.052083 0.023148
0 0.794271 0.258796 0.053819 0.023148
0 0.429688 0.268981 0.098958 0.084259
0 0.545139 0.280093 0.152778 0.047222
0 0.819444 0.298611 0.038194 0.032407
0 0.853299 0.317130 0.050347 0.032407
0 0.483507 0.316667 0.039931 0.018519
0 0.716146 0.320833 0.050347 0.021296
0 0.990451 0.350000 0.019097 0.068519
0 0.427083 0.354167 0.038194 0.017593
0 0.529514 0.381019 0.013889 0.008333
0 0.550347 0.382870 0.017361 0.015741
0 0.405382 0.396296 0.036458 0.016667
0 0.798611 0.411111 0.052083 0.029630
0 0.671875 0.427778 0.197917 0.109259
0 0.335938 0.445833 0.088542 0.065741
0 0.312500 0.489352 0.020833 0.017593
0 0.929688 0.501852 0.071181 0.033333
0 0.533854 0.523148 0.088542 0.057407
0 0.633681 0.551852 0.107639 0.081481
0 0.781250 0.577315 0.100694 0.037963
0 0.325521 0.603241 0.019097 0.012037
0 0.288194 0.618056 0.017361 0.010185
0 0.878472 0.651389 0.055556 0.030556
0 0.973958 0.649074 0.045139 0.031481
0 0.321181 0.672222 0.069444 0.048148
0 0.782986 0.744444 0.048611 0.020370
1 0.299479 0.728241 0.092014 0.063889
1 0.395833 0.701389 0.100694 0.078704
1 0.552951 0.362963 0.098958 0.077778
1 0.981771 0.234722 0.036458 0.058333
1 0.934896 0.220370 0.130208 0.057407
