0 0.949653 0.215741 0.052083 0.022222
0 0.785590 0.255556 0.053819 0.022222
0 0.421007 0.269444 0.095486 0.083333
0 0.537326 0.279167 0.151042 0.045370
0 0.811632 0.295833 0.036458 0.032407
0 0.847222 0.313426 0.048611 0.032407
0 0.476562 0.316667 0.039931 0.018519
0 0.709201 0.318519 0.050347 0.020370
0 0.988715 0.345370 0.022569 0.068519
0 0.421875 0.355093 0.038194 0.017593
0 0.524306 0.380093 0.013889 0.008333
0 0.546875 0.381944 0.017361 0.015741
0 0.401910 0.397222 0.036458 0.016667
0 0.796007 0.407870 0.050347 0.028704
0 0.668403 0.425926 0.194444 0.107407
0 0.333333 0.447222 0.086806 0.064815
0 0.312500 0.491204 0.020833 0.017593
0 0.928819 0.497685 0.069444 0.032407
0 0.534722 0.522685 0.086806 0.056481
0 0.635417 0.550463 0.104167 0.080556
0 0.783854 0.574074 0.098958 0.037037
0 0.328993 0.604167 0.019097 0.012037
0 0.291667 0.619907 0.017361 0.010185
0 0.882812 0.647222 0.053819 0.029630
0 0.978299 0.644444 0.043403 0.031481
0 0.327257 0.673611 0.067708 0.047222
0 0.789931 0.741667 0.048611 0.020370
1 0.307292 0.729630 0.090278 0.062963
1 0.401910 0.702778 0.098958 0.077778
1 0.548611 0.362500 0.097222 0.076852
1 0.978299 0.230093 0.043403 0.058333
1 0.930556 0.217130 0.138889 0.056481
