0 0.980903 0.366204 0.017361 0.032407
0 0.979167 0.415278 0.027778 0.015741
0 0.963542 0.724537 0.072917 0.058333
0 0.937500 0.489815 0.045139 0.027778
0 0.926215 0.530093 0.039931 0.025000
0 0.935764 0.639815 0.031250 0.024074
0 0.891493 0.455556 0.022569 0.012963
0 0.835938 0.501852 0.043403 0.027778
0 0.842014 0.642593 0.034722 0.022222
0 0.796875 0.389815 0.027778 0.014815
0 0.756076 0.248148 0.223958 0.050000
0 0.775174 0.752315 0.137153 0.015741
0 0.731771 0.513889 0.043403 0.027778
0 0.705729 0.465278 0.022569 0.012037
0 0.706597 0.700463 0.072917 0.030556
0 0.651042 0.333796 0.107639 0.128704
0 0.661458 0.699537 0.034722 0.019444
0 0.655382 0.648148 0.102431 0.025926
0 0.558160 0.647222 0.022569 0.012963
0 0.518229 0.523611 0.071181 0.052778
0 0.536458 0.755556 0.024306 0.014815
0 0.450521 0.252315 0.230903 0.041667
0 0.464410 0.385185 0.022569 0.011111
0 0.408854 0.542593 0.123264 0.062963
0 0.375868 0.305093 0.039931 0.025000
0 0.370660 0.445370 0.022569 0.011111
0 0.385417 0.696296 0.027778 0.012963
0 0.276910 0.569444 0.043403 0.020370
0 0.260417 0.716204 0.055556 0.034259
0 0.213542 0.562963 0.055556 0.022222
0 0.204861 0.608333 0.031250 0.020370
0 0.154514 0.501852 0.107639 0.059259
0 0.116319 0.273148 0.166667 0.062963
0 0.101562 0.758796 0.133681 0.041667
1 0.076389 0.564352 0.145833 0.084259
1 0.241319 0.602315 0.236111 0.128704
1 0.392361 0.635185 0.163194 0.048148
1 0.619792 0.510648 0.322917 0.154630
1 0.934028 0.535648 0.131944 0.052778
1 0.964410 0.719907 0.071181 0.069444
