0 0.182292 0.205093 0.041667 0.015741
0 0.767361 0.208333 0.135417 0.055556
0 0.532118 0.217593 0.043403 0.022222
0 0.273438 0.228704 0.060764 0.024074
0 0.366319 0.239815 0.027778 0.014815
0 0.946181 0.258796 0.104167 0.047222
0 0.502604 0.266204 0.050347 0.023148
0 0.578125 0.275000 0.045139 0.020370
0 0.783854 0.275463 0.043403 0.015741
0 0.436632 0.289815 0.022569 0.011111
0 0.519965 0.321296 0.050347 0.022222
0 0.783854 0.325463 0.039931 0.017593
0 0.308160 0.336574 0.026042 0.013889
0 0.040799 0.350463 0.081597 0.117593
0 0.986979 0.366667 0.022569 0.072222
0 0.537326 0.377778 0.050347 0.022222
0 0.444444 0.388889 0.020833 0.011111
0 0.886285 0.400926 0.053819 0.037037
0 0.196181 0.410648 0.236111 0.050926
0 0.881944 0.424537 0.034722 0.017593
0 0.785590 0.425000 0.043403 0.053704
0 0.778646 0.476852 0.022569 0.011111
0 0.544271 0.491667 0.095486 0.035185
0 0.980035 0.493981 0.026042 0.012037
0 0.032986 0.514352 0.065972 0.121296
0 0.282118 0.512963 0.019097 0.011111
0 0.575521 0.550926 0.112847 0.062963
0 0.128472 0.556481 0.045139 0.020370
0 0.389757 0.566667 0.019097 0.011111
0 0.860243 0.571759 0.022569 0.013889
0 0.617188 0.622222 0.036458 0.022222
0 0.891493 0.638889 0.060764 0.027778
0 0.602431 0.656019 0.038194 0.028704
0 0.688368 0.663426 0.036458 0.015741
0 0.485243 0.684722 0.105903 0.054630
0 0.054688 0.693056 0.109375 0.086111
0 0.962674 0.726389 0.071181 0.069444
1 0.598090 0.742593 0.151042 0.100000
1 0.678819 0.643981 0.229167 0.119444
1 0.747396 0.564815 0.081597 0.085185
1 0.526042 0.437037 0.274306 0.164815
1 0.589410 0.265741 0.092014 0.077778
1 0.937500 0.223611 0.125000 0.115741
