0 0.174479 0.108333 0.140625 0.059259
0 0.421007 0.138426 0.039931 0.019444
0 0.342014 0.159259 0.086806 0.053704
0 0.188368 0.180093 0.043403 0.017593
0 0.188368 0.233333 0.043403 0.018519
0 0.539931 0.249074 0.083333 0.077778
0 0.423611 0.277778 0.072917 0.077778
0 0.293403 0.313889 0.055556 0.038889
0 0.189236 0.340741 0.048611 0.059259
0 0.295139 0.341204 0.045139 0.021296
0 0.539062 0.386574 0.022569 0.010185
0 0.179688 0.397685 0.022569 0.012037
0 0.384549 0.412963 0.026042 0.011111
0 0.526042 0.446296 0.111111 0.075926
0 0.440972 0.468056 0.031250 0.015741
0 0.008681 0.487037 0.017361 0.027778
0 0.253472 0.495833 0.024306 0.013889
0 0.470486 0.530556 0.121528 0.083333
0 0.677951 0.546759 0.026042 0.015741
0 0.275174 0.564815 0.060764 0.027778
0 0.052951 0.593519 0.039931 0.016667
0 0.596354 0.608333 0.032986 0.018519
0 0.359375 0.656944 0.118056 0.067593
1 0.605035 0.593056 0.355903 0.171296
1 0.085069 0.572222 0.170139 0.112963
1 0.021701 0.664352 0.043403 0.080556
1 0.027778 0.425463 0.055556 0.032407
1 0.138889 0.490741 0.093750 0.085185
1 0.408854 0.125000 0.244792 0.124074
1 0.015625 0.168981 0.031250 0.080556
