0 0.082465 0.243981 0.046875 0.032407
0 0.106771 0.204167 0.026042 0.004630
0 0.029514 0.503704 0.048611 0.031481
0 0.034722 0.709259 0.069444 0.053704
0 0.039062 0.647222 0.078125 0.094444
0 0.114583 0.497685 0.069444 0.023148
0 0.085938 0.689352 0.043403 0.026852
0 0.156250 0.479167 0.069444 0.030556
0 0.136285 0.554630 0.046875 0.031481
0 0.274306 0.237037 0.027778 0.014815
0 0.150174 0.727315 0.043403 0.026852
0 0.274306 0.385185 0.215278 0.079630
0 0.223958 0.670833 0.017361 0.010185
0 0.230903 0.656944 0.034722 0.013889
0 0.230903 0.742130 0.041667 0.017593
0 0.326389 0.521759 0.069444 0.034259
0 0.398438 0.302315 0.116319 0.125000
0 0.341146 0.593981 0.244792 0.126852
0 0.524306 0.462500 0.069444 0.039815
0 0.552951 0.403241 0.237847 0.073148
0 0.590278 0.267593 0.020833 0.011111
0 0.515625 0.686574 0.128472 0.060185
0 0.651042 0.346296 0.041667 0.025926
0 0.584201 0.632407 0.182292 0.072222
0 0.652778 0.551389 0.090278 0.062037
0 0.807292 0.283333 0.027778 0.012963
0 0.808160 0.508333 0.067708 0.033333
0 0.870660 0.419444 0.182292 0.118519
0 0.977431 0.573611 0.024306 0.028704
1 0.065972 0.397222 0.093750 0.038889
1 0.196181 0.652778 0.170139 0.070370
1 0.816840 0.277778 0.112847 0.053704
1 0.978299 0.313426 0.043403 0.065741
1 0.860243 0.780556 0.140625 0.040741
