0 0.960938 0.202315 0.039931 0.028704
0 0.570312 0.242593 0.105903 0.094444
0 0.693576 0.243981 0.168403 0.056481
0 0.888889 0.278704 0.062500 0.025926
0 0.631076 0.291204 0.043403 0.023148
0 0.573785 0.335648 0.043403 0.021296
0 0.678819 0.359259 0.017361 0.009259
0 0.708333 0.359722 0.024306 0.017593
0 0.554688 0.381944 0.043403 0.021296
0 0.976562 0.376852 0.029514 0.035185
0 0.848958 0.403704 0.229167 0.124074
0 0.487847 0.438889 0.093750 0.072222
0 0.469618 0.488889 0.026042 0.018519
0 0.703125 0.516204 0.097222 0.063889
0 0.819444 0.547222 0.121528 0.094444
0 0.450521 0.577778 0.022569 0.016667
0 0.967014 0.572222 0.065972 0.044444
0 0.493056 0.611111 0.020833 0.012963
0 0.454861 0.628704 0.017361 0.011111
0 0.497396 0.686111 0.074653 0.053704
0 0.993056 0.768519 0.013889 0.027778
1 0.710069 0.336111 0.114583 0.090741
1 0.480903 0.746296 0.097222 0.070370
1 0.577257 0.718981 0.109375 0.084259
