0 0.979167 0.211111 0.038194 0.027778
0 0.586806 0.243519 0.100694 0.092593
0 0.709201 0.247222 0.164931 0.053704
0 0.901910 0.285648 0.060764 0.025000
0 0.644097 0.293519 0.041667 0.022222
0 0.583333 0.337037 0.041667 0.020370
0 0.687500 0.362037 0.017361 0.009259
0 0.716146 0.363426 0.022569 0.017593
0 0.562500 0.382407 0.041667 0.020370
0 0.984375 0.385648 0.027778 0.034259
0 0.854167 0.410185 0.222222 0.120370
0 0.492188 0.438889 0.088542 0.070370
0 0.470486 0.487963 0.024306 0.018519
0 0.701389 0.519907 0.093750 0.062037
0 0.815104 0.552778 0.116319 0.092593
0 0.444444 0.576852 0.020833 0.016667
0 0.964410 0.581019 0.067708 0.043519
0 0.486111 0.611111 0.020833 0.012963
0 0.446181 0.627778 0.017361 0.011111
0 0.485243 0.685648 0.071181 0.052778
0 0.983507 0.778241 0.029514 0.026852
1 0.721354 0.340741 0.109375 0.088889
1 0.464410 0.745370 0.092014 0.068519
1 0.562500 0.720833 0.104167 0.082407
