0 0.179688 0.067057 0.024414 0.032552
0 0.228760 0.100260 0.030762 0.028646
0 0.150391 0.143880 0.019531 0.018229
0 0.054688 0.139323 0.009766 0.014323
0 0.042725 0.148438 0.009277 0.013021
0 0.031982 0.158203 0.009277 0.009115
0 0.033203 0.180339 0.009766 0.015625
0 0.026855 0.233398 0.008789 0.016276
0 0.034180 0.284180 0.018555 0.039714
0 0.028809 0.297526 0.013672 0.020833
0 0.055664 0.277995 0.009766 0.013021
0 0.072510 0.209310 0.007324 0.011068
0 0.079102 0.210612 0.007812 0.009766
0 0.085938 0.214193 0.007812 0.013021
0 0.090088 0.210938 0.006348 0.006510
0 0.096680 0.219401 0.009766 0.011719
0 0.103271 0.221680 0.009277 0.011068
0 0.111084 0.222656 0.008301 0.013021
0 0.099609 0.259766 0.008789 0.018229
0 0.062256 0.308268 0.021973 0.024089
0 0.081543 0.300130 0.010742 0.014323
0 0.113770 0.300456 0.010742 0.020182
0 0.136475 0.300781 0.011230 0.018229
0 0.153564 0.269206 0.006348 0.007161
0 0.168945 0.269857 0.030273 0.029297
0 0.184814 0.333008 0.009277 0.012370
0 0.193359 0.323242 0.020508 0.037109
0 0.147949 0.335286 0.008789 0.013021
0 0.083984 0.352865 0.009766 0.016927
0 0.096924 0.380534 0.016113 0.021484
0 0.115234 0.383138 0.010742 0.020182
0 0.120850 0.454427 0.022949 0.031250
0 0.145264 0.447266 0.011230 0.011719
0 0.152588 0.435221 0.011230 0.013672
0 0.114990 0.513021 0.026855 0.032552
0 0.143066 0.552734 0.020508 0.027344
0 0.127197 0.600260 0.006348 0.014323
0 0.148682 0.636393 0.016113 0.022786
0 0.127930 0.697266 0.006836 0.020833
0 0.143311 0.769531 0.012207 0.016927
0 0.129395 0.763021 0.002930 0.010417
0 0.137207 0.795247 0.020508 0.035807
0 0.188477 0.860677 0.010742 0.014323
0 0.203613 0.886393 0.008789 0.008464
0 0.215332 0.878255 0.009766 0.014323
0 0.207520 0.813151 0.010742 0.015625
0 0.220703 0.793620 0.015625 0.022135
0 0.226318 0.826172 0.009277 0.013021
0 0.245850 0.898438 0.006348 0.007812
0 0.266846 0.880534 0.006348 0.008464
0 0.286377 0.863281 0.006348 0.009115
0 0.275879 0.916667 0.006836 0.007812
0 0.297607 0.895833 0.005371 0.007812
0 0.305664 0.934245 0.007812 0.007812
0 0.324951 0.819661 0.018066 0.037760
0 0.354248 0.833333 0.017090 0.031250
0 0.264160 0.779297 0.010742 0.015625
0 0.249023 0.762370 0.010742 0.014323
0 0.273193 0.754883 0.006348 0.009766
0 0.239990 0.748698 0.022949 0.024740
0 0.258789 0.697917 0.009766 0.013021
0 0.280029 0.710286 0.011230 0.015625
0 0.287598 0.678060 0.008789 0.009766
0 0.299316 0.667643 0.012695 0.017578
0 0.295166 0.694661 0.011230 0.011719
0 0.319580 0.714193 0.010254 0.015625
0 0.357910 0.766602 0.022461 0.026693
0 0.368164 0.712240 0.007812 0.013021
0 0.319092 0.620443 0.015137 0.020833
0 0.294189 0.613932 0.010254 0.013021
0 0.269043 0.631836 0.008789 0.009766
0 0.244141 0.629557 0.010742 0.015625
0 0.271729 0.534831 0.009277 0.013672
0 0.216797 0.540365 0.012695 0.016927
0 0.297119 0.520182 0.007324 0.011719
0 0.293945 0.501953 0.009766 0.019531
0 0.232178 0.478841 0.011230 0.013672
0 0.202148 0.463216 0.010742 0.011068
0 0.207275 0.403646 0.006348 0.010417
0 0.218262 0.399740 0.009766 0.011719
0 0.246826 0.380534 0.014160 0.008464
0 0.278564 0.415690 0.009277 0.007161
0 0.280273 0.450521 0.028320 0.022135
0 0.318604 0.473633 0.015137 0.018880
0 0.356201 0.521159 0.009277 0.017578
0 0.340820 0.542318 0.016602 0.032552
0 0.355225 0.550456 0.011230 0.018880
0 0.370361 0.522135 0.006348 0.006510
0 0.364990 0.498698 0.006348 0.007812
0 0.403809 0.494792 0.023438 0.036458
0 0.421631 0.504232 0.013184 0.017578
0 0.395996 0.414062 0.028320 0.041667
0 0.372559 0.425456 0.006836 0.012370
0 0.354248 0.380859 0.010254 0.016927
0 0.359375 0.375651 0.011719 0.011719
0 0.435303 0.558919 0.031738 0.030599
0 0.455078 0.590820 0.032227 0.012370
0 0.463135 0.623047 0.028809 0.024740
0 0.455566 0.651367 0.022461 0.016276
0 0.527588 0.652995 0.015137 0.016927
0 0.541016 0.635742 0.005859 0.017578
0 0.538330 0.588542 0.006348 0.018229
0 0.529541 0.543945 0.006348 0.008464
0 0.536865 0.549479 0.005371 0.013021
0 0.559814 0.492188 0.026855 0.024740
0 0.544922 0.431315 0.022461 0.027995
0 0.544434 0.412760 0.022461 0.020833
0 0.373535 0.306315 0.007812 0.013672
0 0.363770 0.282878 0.013672 0.018880
0 0.330078 0.229818 0.015625 0.015625
0 0.232178 0.284180 0.025879 0.027995
0 0.283203 0.183594 0.022461 0.020833
0 0.266602 0.155924 0.024414 0.022786
0 0.186279 0.195964 0.017090 0.014323
0 0.649902 0.214193 0.022461 0.024740
0 0.635986 0.271484 0.022949 0.032552
0 0.604004 0.318359 0.020508 0.020833
0 0.593994 0.343750 0.020996 0.024740
0 0.678467 0.393229 0.013184 0.011719
0 0.738037 0.299154 0.019043 0.016276
0 0.743652 0.182943 0.024414 0.031250
0 0.734131 0.069336 0.021973 0.029297
0 0.784668 0.037760 0.016602 0.019531
0 0.890137 0.165690 0.016602 0.024089
0 0.912842 0.170573 0.013184 0.016927
0 0.897705 0.214844 0.010254 0.013021
0 0.866943 0.224609 0.012207 0.016927
0 0.879395 0.232096 0.009766 0.008464
0 0.848145 0.264323 0.010742 0.014323
0 0.857910 0.286784 0.014648 0.017578
0 0.851562 0.314128 0.013672 0.017578
0 0.861572 0.324544 0.013184 0.016276
0 0.830811 0.339844 0.008301 0.014323
0 0.842041 0.352865 0.012207 0.014323
0 0.854980 0.353190 0.013672 0.016276
0 0.791260 0.351888 0.018066 0.020182
0 0.868164 0.373047 0.011719 0.016927
0 0.877930 0.318034 0.007812 0.008464
0 0.897217 0.297852 0.018066 0.024089
0 0.923584 0.286784 0.012207 0.016276
0 0.929199 0.259440 0.013672 0.018880
0 0.941406 0.270182 0.014648 0.020833
0 0.978516 0.352865 0.026367 0.042969
0 0.979004 0.379557 0.039062 0.028646
0 0.959961 0.396159 0.008789 0.008464
0 0.998779 0.389974 0.002441 0.015625
0 0.980957 0.430990 0.009766 0.016927
0 0.955566 0.431966 0.010742 0.011068
0 0.900879 0.433919 0.008789 0.007161
0 0.951172 0.458008 0.032227 0.034505
0 0.983154 0.474609 0.033691 0.035156
0 0.889404 0.511719 0.008301 0.009115
0 0.941406 0.488932 0.007812 0.011719
0 0.952881 0.526693 0.029785 0.045573
0 0.993408 0.501628 0.013184 0.017578
0 0.926758 0.558268 0.009766 0.007161
0 0.900391 0.580404 0.009766 0.005859
0 0.911133 0.611979 0.010742 0.007812
0 0.986816 0.583659 0.024414 0.035807
0 0.995117 0.560547 0.008789 0.014323
0 0.938232 0.643229 0.030762 0.044271
0 0.921631 0.662760 0.026855 0.040365
0 0.891846 0.669596 0.013184 0.017578
0 0.862305 0.643880 0.017578 0.014323
0 0.944336 0.622721 0.005859 0.005859
0 0.925293 0.751953 0.027344 0.044271
0 0.983398 0.811198 0.015625 0.015625
0 0.910156 0.787435 0.028320 0.046224
0 0.894775 0.744792 0.007324 0.010417
0 0.844727 0.713542 0.008789 0.011719
0 0.825684 0.743164 0.008789 0.011068
0 0.863525 0.800456 0.010254 0.009766
0 0.881104 0.788737 0.010254 0.011068
0 0.900879 0.842448 0.013672 0.011719
0 0.920898 0.844727 0.010742 0.012370
0 0.979492 0.860352 0.022461 0.026693
0 0.907959 0.865560 0.013184 0.011068
0 0.909668 0.903320 0.006836 0.007161
0 0.861816 0.911784 0.011719 0.013672
0 0.849609 0.844401 0.031250 0.037760
0 0.866943 0.859701 0.031738 0.033203
0 0.886719 0.951497 0.008789 0.008464
0 0.937256 0.982096 0.011230 0.012370
0 0.820557 0.974609 0.013184 0.014323
0 0.765869 0.948893 0.004395 0.007161
0 0.760986 0.908529 0.005371 0.008464
0 0.721191 0.922526 0.012695 0.018229
0 0.706299 0.945312 0.006348 0.007812
0 0.689697 0.958984 0.008301 0.014323
0 0.718018 0.957682 0.013184 0.015625
0 0.746338 0.985677 0.015137 0.016927
0 0.764160 0.846029 0.007812 0.020182
0 0.777588 0.816732 0.017090 0.029297
0 0.757568 0.818034 0.012207 0.024089
0 0.750732 0.796224 0.006348 0.015625
0 0.752686 0.792969 0.006348 0.014323
0 0.758301 0.780599 0.006836 0.010417
0 0.744141 0.776042 0.005859 0.011719
0 0.747314 0.773763 0.008301 0.020182
0 0.741211 0.752930 0.008789 0.017578
0 0.721436 0.803060 0.010254 0.024089
0 0.677734 0.832682 0.022461 0.024740
0 0.672852 0.864258 0.012695 0.016276
0 0.702393 0.775065 0.011230 0.018880
0 0.695557 0.757812 0.009277 0.019531
0 0.690674 0.735026 0.007324 0.011719
0 0.711182 0.696615 0.007324 0.011719
0 0.717773 0.717773 0.016602 0.026693
0 0.758057 0.691081 0.013184 0.024089
0 0.763428 0.718750 0.009277 0.010417
0 0.777832 0.661784 0.007812 0.011068
0 0.742920 0.648763 0.007324 0.013672
0 0.753662 0.635417 0.010254 0.014323
0 0.764404 0.633464 0.014160 0.024740
0 0.770508 0.609701 0.007812 0.008464
0 0.779541 0.619792 0.007324 0.010417
0 0.719238 0.664062 0.010742 0.016927
0 0.662598 0.682617 0.010742 0.013672
0 0.632812 0.736979 0.013672 0.011719
0 0.724609 0.680990 0.006836 0.010417
0 0.643311 0.623047 0.015137 0.018229
0 0.622803 0.604818 0.015137 0.019531
0 0.612305 0.661784 0.009766 0.012370
0 0.630127 0.643880 0.004395 0.005208
0 0.585449 0.678385 0.010742 0.011719
0 0.696777 0.576823 0.014648 0.020833
0 0.708252 0.525391 0.015137 0.044271
0 0.730713 0.553711 0.009277 0.012370
0 0.709473 0.624349 0.008789 0.011719
0 0.748535 0.562174 0.011719 0.014974
0 0.771240 0.538086 0.009277 0.016276
0 0.785400 0.513672 0.013184 0.014323
0 0.784912 0.528646 0.012207 0.011719
0 0.760254 0.487630 0.015625 0.019531
0 0.774170 0.468099 0.007324 0.009115
0 0.770996 0.452148 0.006836 0.009766
0 0.785645 0.434570 0.007812 0.009766
0 0.802734 0.451823 0.010742 0.011719
0 0.809326 0.485677 0.012207 0.016927
0 0.815186 0.491211 0.010254 0.012370
0 0.794922 0.403320 0.008789 0.011068
0 0.832031 0.409180 0.011719 0.012370
0 0.839111 0.413086 0.015137 0.014974
0 0.830078 0.441406 0.010742 0.011719
0 0.837891 0.442708 0.008789 0.010417
0 0.622803 0.763346 0.009277 0.012370
0 0.641602 0.766602 0.008789 0.012370
0 0.608887 0.791667 0.008789 0.011719
0 0.608154 0.826172 0.006348 0.013021
0 0.621338 0.851562 0.013184 0.015625
0 0.580811 0.847331 0.010254 0.017578
0 0.598145 0.859049 0.010742 0.012370
0 0.607910 0.891927 0.014648 0.020833
0 0.666748 0.935872 0.009277 0.012370
0 0.676514 0.987630 0.010254 0.015625
0 0.644043 0.975260 0.007812 0.007812
0 0.625977 0.991211 0.012695 0.014974
0 0.544678 0.968424 0.007324 0.009766
0 0.508057 0.935547 0.024902 0.031250
0 0.556396 0.861328 0.010254 0.011719
0 0.495117 0.871745 0.008789 0.011719
0 0.466309 0.899089 0.008789 0.011719
0 0.467041 0.935547 0.006348 0.011719
0 0.393555 0.912435 0.013672 0.012370
0 0.373291 0.950195 0.017090 0.017578
0 0.463623 0.795247 0.024902 0.025391
0 0.550537 0.795247 0.009277 0.009766
0 0.538818 0.757487 0.008301 0.011068
1 0.096924 0.221354 0.058105 0.041667
0 0.184082 0.692708 0.012695 0.014323
0 0.775879 0.576172 0.012695 0.026042
0 0.801514 0.576172 0.006348 0.009115
