0 0.390625 0.613560 0.043750 0.023996
0 0.341667 0.641741 0.045833 0.024554
0 0.276562 0.621652 0.032292 0.015625
0 0.379688 0.676339 0.021875 0.010045
0 0.410417 0.685826 0.031250 0.016741
0 0.459896 0.700056 0.019792 0.010603
0 0.470833 0.667969 0.016667 0.008929
0 0.493229 0.672712 0.023958 0.015067
0 0.496875 0.659598 0.022917 0.013393
0 0.428125 0.646484 0.072917 0.032924
0 0.443229 0.583705 0.051042 0.027902
0 0.507812 0.620536 0.026042 0.012277
0 0.532813 0.628627 0.017708 0.013951
0 0.586458 0.642020 0.020833 0.012835
0 0.594271 0.684710 0.061458 0.029018
0 0.652083 0.672991 0.022917 0.012277
0 0.604688 0.741908 0.096875 0.061942
0 0.536458 0.762277 0.016667 0.010045
0 0.496875 0.726283 0.014583 0.010603
0 0.443229 0.748884 0.107292 0.039062
0 0.355208 0.754464 0.035417 0.016741
0 0.280729 0.680525 0.098958 0.045201
0 0.230208 0.736049 0.033333 0.015625
0 0.222917 0.712333 0.029167 0.012835
0 0.207813 0.664900 0.048958 0.025112
0 0.169271 0.716239 0.030208 0.010603
0 0.160938 0.748047 0.032292 0.011719
0 0.114062 0.720703 0.030208 0.015067
0 0.101562 0.698661 0.030208 0.015625
0 0.204687 0.618304 0.080208 0.064732
0 0.063542 0.625558 0.033333 0.029018
0 0.101562 0.568638 0.038542 0.024554
0 0.234896 0.583984 0.021875 0.012835
0 0.057813 0.556920 0.038542 0.020089
0 0.182292 0.546875 0.033333 0.018973
0 0.305208 0.537667 0.031250 0.019531
0 0.279167 0.501116 0.022917 0.017857
0 0.192188 0.475725 0.082292 0.034040
0 0.286979 0.468192 0.023958 0.010045
0 0.348438 0.474609 0.023958 0.015067
0 0.396875 0.511719 0.020833 0.012277
0 0.421875 0.534319 0.031250 0.018415
0 0.297917 0.579241 0.070833 0.029018
0 0.301042 0.608817 0.043750 0.024554
0 0.580208 0.596261 0.027083 0.011719
0 0.630729 0.608817 0.042708 0.024554
0 0.521875 0.579799 0.027083 0.014509
0 0.492188 0.552176 0.023958 0.013951
0 0.460938 0.540458 0.021875 0.010603
0 0.538021 0.541016 0.023958 0.010603
0 0.508854 0.521205 0.026042 0.016741
0 0.486979 0.503627 0.021875 0.011719
0 0.610938 0.549386 0.078125 0.039621
0 0.598958 0.512835 0.070833 0.027902
0 0.681771 0.506138 0.023958 0.013393
0 0.658854 0.488281 0.017708 0.008929
0 0.603646 0.483538 0.021875 0.010603
0 0.580729 0.465960 0.026042 0.016741
0 0.611458 0.453683 0.016667 0.011161
0 0.664062 0.460100 0.023958 0.015067
0 0.728646 0.501116 0.015625 0.007812
0 0.761458 0.497768 0.016667 0.007812
0 0.715625 0.437779 0.058333 0.034040
0 0.619792 0.421317 0.029167 0.018973
0 0.533333 0.429688 0.016667 0.010045
0 0.479687 0.424107 0.019792 0.013393
0 0.438021 0.467634 0.019792 0.013393
0 0.392708 0.431083 0.035417 0.022879
0 0.376563 0.386719 0.067708 0.037946
0 0.305208 0.405971 0.081250 0.042969
0 0.255729 0.368583 0.023958 0.013951
0 0.316146 0.340960 0.115625 0.040179
0 0.158854 0.372489 0.061458 0.034040
0 0.129688 0.352958 0.021875 0.013951
0 0.068750 0.419643 0.022917 0.010045
0 0.045833 0.433036 0.025000 0.014509
0 0.020313 0.392857 0.011458 0.015625
0 0.077083 0.314174 0.052083 0.018973
0 0.136979 0.322545 0.040625 0.030134
0 0.208333 0.298549 0.079167 0.045759
0 0.097396 0.251674 0.057292 0.027902
0 0.154688 0.258650 0.032292 0.019531
0 0.193229 0.249442 0.044792 0.024554
0 0.207292 0.224888 0.056250 0.016741
0 0.256250 0.256138 0.066667 0.021205
0 0.277604 0.274275 0.030208 0.019531
0 0.321354 0.238560 0.065625 0.034040
0 0.392708 0.288225 0.029167 0.020647
0 0.415104 0.231585 0.017708 0.008929
0 0.494271 0.276507 0.036458 0.022879
0 0.532292 0.259208 0.025000 0.016183
0 0.542708 0.238839 0.014583 0.006696
0 0.445312 0.328125 0.030208 0.015625
0 0.474479 0.345145 0.053125 0.021763
0 0.498958 0.332310 0.027083 0.018415
0 0.543229 0.396763 0.080208 0.044643
0 0.602604 0.376674 0.046875 0.029018
0 0.611458 0.347098 0.016667 0.008929
0 0.555729 0.301339 0.019792 0.013393
0 0.568750 0.271763 0.025000 0.017857
0 0.577083 0.244141 0.033333 0.019531
0 0.594792 0.244420 0.020833 0.017857
0 0.659375 0.250837 0.016667 0.008371
0 0.695833 0.282366 0.139583 0.075893
0 0.761458 0.263951 0.016667 0.008929
0 0.783333 0.281529 0.016667 0.008371
0 0.825000 0.291295 0.020833 0.011161
0 0.842708 0.279576 0.025000 0.013393
0 0.860938 0.296038 0.042708 0.019531
0 0.875000 0.315290 0.014583 0.008929
0 0.863542 0.326451 0.020833 0.011161
0 0.860938 0.348772 0.017708 0.010045
0 0.843229 0.361328 0.017708 0.010603
0 0.770312 0.336775 0.023958 0.009487
0 0.720833 0.330636 0.018750 0.011719
0 0.740625 0.372489 0.066667 0.044085
0 0.788021 0.382254 0.015625 0.008929
0 0.911458 0.357980 0.047917 0.031808
0 0.923438 0.335100 0.051042 0.016183
0 0.924479 0.324219 0.013542 0.008929
0 0.952083 0.308873 0.014583 0.009487
0 0.895833 0.277065 0.039583 0.023996
0 0.996354 0.270368 0.007292 0.008371
0 0.996875 0.353516 0.006250 0.010603
0 0.970313 0.372489 0.013542 0.009487
0 0.942187 0.363560 0.019792 0.011719
0 0.960417 0.354074 0.016667 0.010603
0 0.887500 0.392020 0.020833 0.015067
0 0.929688 0.437779 0.023958 0.015067
0 0.976042 0.423549 0.025000 0.015625
0 0.943229 0.480190 0.023958 0.013951
0 0.894271 0.496094 0.019792 0.011161
0 0.857292 0.460100 0.018750 0.012835
0 0.818229 0.474051 0.023958 0.012835
0 0.823438 0.444754 0.042708 0.030134
0 0.829688 0.417411 0.019792 0.012277
0 0.822917 0.501395 0.022917 0.016183
0 0.796354 0.520368 0.023958 0.011719
0 0.857812 0.508092 0.019792 0.010603
0 0.901042 0.518973 0.025000 0.014509
0 0.936458 0.504743 0.054167 0.026228
0 0.910417 0.531250 0.020833 0.011161
0 0.880208 0.544643 0.075000 0.051339
0 0.982292 0.544085 0.016667 0.008929
0 0.996354 0.507254 0.007292 0.013393
0 0.901042 0.600446 0.050000 0.023438
0 0.798438 0.611328 0.019792 0.011719
0 0.774479 0.561384 0.015625 0.010045
0 0.703646 0.584542 0.015625 0.009487
0 0.702604 0.607422 0.059375 0.022879
0 0.731250 0.637556 0.027083 0.015067
0 0.872917 0.664342 0.056250 0.025112
0 0.919271 0.700893 0.032292 0.024554
0 0.800000 0.717634 0.020833 0.011161
0 0.795833 0.744699 0.058333 0.037388
0 0.735938 0.765904 0.071875 0.030692
0 0.685417 0.733538 0.025000 0.016183
0 0.643229 0.773158 0.019792 0.006138
0 0.978125 0.623047 0.010417 0.010603
0 0.649479 0.410993 0.023958 0.012835
1 0.529167 0.273438 0.197917 0.089286
0 0.149479 0.627790 0.057292 0.040179
1 0.810937 0.608817 0.063542 0.036830
0 0.064583 0.432199 0.089583 0.040737
