0 0.418945 0.563151 0.048828 0.065104
0 0.359863 0.494792 0.063477 0.084635
0 0.412354 0.496094 0.014160 0.018229
0 0.407227 0.455404 0.029297 0.025391
0 0.443604 0.461263 0.032715 0.052734
0 0.391846 0.397786 0.020020 0.024740
0 0.465088 0.435872 0.017090 0.022786
0 0.445557 0.408529 0.051270 0.060547
0 0.441406 0.341146 0.025391 0.031250
0 0.419434 0.303711 0.023438 0.029297
0 0.410400 0.277344 0.011230 0.018229
0 0.464355 0.319987 0.026367 0.035807
0 0.404785 0.221354 0.012695 0.018229
0 0.428223 0.185872 0.010742 0.014974
0 0.489746 0.297852 0.020508 0.029297
0 0.469971 0.257161 0.019043 0.033854
0 0.517578 0.261068 0.016602 0.027344
0 0.453613 0.150391 0.010742 0.011719
0 0.498291 0.147786 0.015137 0.019531
0 0.548828 0.152344 0.016602 0.020833
0 0.592529 0.229492 0.024902 0.039714
0 0.625977 0.188802 0.014648 0.026042
0 0.725830 0.207682 0.020996 0.016927
0 0.698730 0.238607 0.026367 0.035807
0 0.743652 0.318359 0.027344 0.029948
0 0.715820 0.352214 0.023438 0.033854
0 0.678711 0.298503 0.011719 0.025391
0 0.641357 0.306966 0.037598 0.055339
0 0.662598 0.345052 0.034180 0.042969
0 0.736572 0.392578 0.014160 0.018229
0 0.655762 0.416667 0.038086 0.055990
0 0.721924 0.477214 0.005371 0.007812
0 0.701172 0.492839 0.015625 0.016927
0 0.722168 0.527018 0.038086 0.048828
0 0.741943 0.562174 0.012207 0.018880
0 0.651123 0.492513 0.057129 0.065755
0 0.673096 0.525391 0.017090 0.016927
0 0.695312 0.553060 0.014648 0.031901
0 0.713135 0.593750 0.024902 0.032552
0 0.740723 0.632487 0.037109 0.043620
0 0.715332 0.661133 0.023438 0.031901
0 0.689209 0.625977 0.029785 0.026693
0 0.645264 0.619141 0.069824 0.097656
0 0.667236 0.660156 0.027832 0.042969
0 0.719971 0.729492 0.049316 0.078776
0 0.693848 0.769531 0.026367 0.037760
0 0.666016 0.728190 0.046875 0.083984
0 0.616699 0.801432 0.018555 0.022135
0 0.590332 0.765625 0.024414 0.033854
0 0.556885 0.789062 0.040527 0.061198
0 0.540283 0.739258 0.016113 0.020182
0 0.494629 0.764974 0.088867 0.092448
0 0.489990 0.680664 0.022949 0.037109
0 0.541016 0.684570 0.027344 0.048828
0 0.590820 0.689779 0.028320 0.037109
0 0.618164 0.724284 0.032227 0.041016
0 0.588379 0.620443 0.020508 0.050781
0 0.546875 0.608398 0.036133 0.042318
0 0.513672 0.645182 0.035156 0.048177
0 0.464600 0.641927 0.045410 0.052083
0 0.493164 0.608724 0.020508 0.026042
0 0.519287 0.576823 0.025879 0.027344
0 0.492920 0.541016 0.046387 0.050781
0 0.564453 0.562826 0.023438 0.037109
0 0.594482 0.552083 0.020020 0.023438
0 0.570557 0.514648 0.020020 0.025391
0 0.605713 0.518229 0.015137 0.022135
0 0.598633 0.482096 0.020508 0.042318
0 0.513184 0.507812 0.009766 0.014323
0 0.492188 0.505534 0.015625 0.018880
0 0.462158 0.500977 0.020996 0.026693
0 0.489502 0.471029 0.016113 0.024089
0 0.549561 0.453776 0.029785 0.042969
0 0.575439 0.445964 0.017090 0.020833
0 0.533203 0.419271 0.009766 0.028646
0 0.552490 0.407552 0.018066 0.024740
0 0.482422 0.363932 0.019531 0.027344
0 0.532715 0.373698 0.051758 0.070312
0 0.510010 0.333659 0.016113 0.022786
0 0.588135 0.303060 0.019043 0.029297
0 0.606934 0.303060 0.013672 0.050130
0 0.591553 0.272786 0.006348 0.007812
0 0.626709 0.453125 0.017090 0.020833
0 0.601562 0.411458 0.022461 0.054688
0 0.004883 0.550781 0.009766 0.026042
0 0.024414 0.546224 0.015625 0.026042
0 0.042236 0.536784 0.024902 0.025391
0 0.041260 0.498372 0.018066 0.025391
0 0.031738 0.482747 0.010742 0.016276
0 0.001221 0.487305 0.002441 0.016276
0 0.009277 0.462891 0.018555 0.018229
0 0.032227 0.459635 0.017578 0.014323
0 0.030029 0.432617 0.018066 0.018880
0 0.020264 0.389974 0.023926 0.029948
0 0.025879 0.336589 0.033203 0.028646
0 0.026855 0.297526 0.013672 0.016927
0 0.039795 0.238932 0.032715 0.031250
0 0.027344 0.216797 0.012695 0.018229
0 0.040527 0.200195 0.012695 0.013672
0 0.041260 0.120117 0.019043 0.024089
0 0.089844 0.105794 0.007812 0.009766
0 0.072754 0.164388 0.008789 0.009766
0 0.087158 0.186849 0.011230 0.010417
0 0.073242 0.205078 0.008789 0.009115
0 0.148926 0.114258 0.014648 0.016276
0 0.149414 0.195638 0.006836 0.009766
0 0.101318 0.245117 0.020020 0.025391
0 0.147705 0.271159 0.024902 0.031901
0 0.087646 0.302409 0.021973 0.025391
0 0.131836 0.335286 0.035156 0.036458
0 0.072998 0.364909 0.030762 0.043620
0 0.086670 0.380859 0.013184 0.015625
0 0.116211 0.420247 0.014648 0.013672
0 0.100098 0.439453 0.012695 0.016927
0 0.088135 0.495117 0.033691 0.030599
0 0.128174 0.514648 0.020020 0.025391
0 0.772217 0.957682 0.033691 0.032552
0 0.722656 0.956706 0.019531 0.026693
0 0.695312 0.917643 0.026367 0.041016
0 0.669678 0.957682 0.029785 0.044271
0 0.617676 0.960286 0.040039 0.033854
0 0.551270 0.954427 0.028320 0.041667
0 0.495605 0.950521 0.046875 0.048177
0 0.441406 0.944661 0.035156 0.046875
0 0.385986 0.930990 0.033691 0.045573
0 0.360107 0.890625 0.027832 0.040365
0 0.305420 0.881185 0.029785 0.042318
0 0.251221 0.880534 0.022949 0.033203
0 0.274658 0.915365 0.021973 0.027344
0 0.260010 0.798177 0.028809 0.040365
0 0.317139 0.804688 0.041504 0.037760
0 0.320312 0.729167 0.020508 0.029948
0 0.297607 0.691732 0.022949 0.029297
0 0.277588 0.655273 0.037598 0.057943
0 0.254883 0.637695 0.008789 0.034505
0 0.306152 0.624023 0.035156 0.033203
0 0.281494 0.568034 0.029785 0.055339
0 0.337158 0.590820 0.022949 0.025391
0 0.316406 0.549154 0.033203 0.037109
0 0.283691 0.514974 0.020508 0.026042
0 0.304932 0.482096 0.023926 0.030599
0 0.285889 0.448893 0.029785 0.037109
0 0.272217 0.415039 0.009277 0.038411
0 0.294189 0.386719 0.034668 0.045573
0 0.337891 0.398112 0.038086 0.052734
0 0.365723 0.424805 0.019531 0.022786
0 0.364258 0.355143 0.027344 0.035807
0 0.282715 0.285156 0.005859 0.049479
0 0.286377 0.222982 0.007324 0.024089
0 0.295654 0.109049 0.006348 0.020182
0 0.372314 0.299154 0.027832 0.038411
0 0.348145 0.266276 0.020508 0.026042
0 0.299316 0.259766 0.021484 0.057292
0 0.349609 0.242188 0.028320 0.023438
0 0.374756 0.234701 0.015137 0.013672
0 0.354004 0.201823 0.009766 0.010417
0 0.329590 0.171224 0.011719 0.009115
0 0.305664 0.140299 0.014648 0.013672
0 0.329590 0.084635 0.009766 0.015625
0 0.345215 0.055339 0.016602 0.018229
0 0.371582 0.084961 0.019531 0.030599
0 0.394043 0.055990 0.013672 0.015625
0 0.365967 0.151367 0.014160 0.020182
0 0.454590 0.080404 0.017578 0.018880
0 0.435303 0.050781 0.011230 0.015625
0 0.480469 0.048177 0.009766 0.014323
0 0.501465 0.081055 0.023438 0.033203
0 0.529297 0.045573 0.010742 0.015625
0 0.524414 0.113607 0.010742 0.016276
0 0.552246 0.075195 0.011719 0.014974
0 0.576172 0.113932 0.009766 0.013021
0 0.605469 0.074870 0.017578 0.023438
0 0.636719 0.043945 0.022461 0.021484
0 0.662354 0.084961 0.024902 0.034505
0 0.685791 0.122070 0.018066 0.022786
0 0.688965 0.055013 0.016602 0.022786
0 0.712891 0.089518 0.010742 0.013672
0 0.765869 0.096029 0.055176 0.073568
0 0.787842 0.142578 0.014160 0.018229
0 0.815918 0.104492 0.024414 0.024089
0 0.845215 0.079753 0.011719 0.014974
0 0.866455 0.118490 0.022949 0.033854
0 0.914062 0.123698 0.013672 0.018229
0 0.942139 0.099935 0.014160 0.016276
0 0.980713 0.170898 0.013184 0.012370
0 0.905029 0.194987 0.014160 0.013672
0 0.857666 0.186849 0.016113 0.024740
0 0.875977 0.228841 0.016602 0.016276
0 0.806641 0.181966 0.009766 0.014974
0 0.868408 0.299479 0.028809 0.035156
0 0.889648 0.335286 0.023438 0.035156
0 0.934326 0.346354 0.021973 0.036458
0 0.908936 0.376628 0.026855 0.029297
0 0.838379 0.332682 0.027344 0.031250
0 0.879395 0.404622 0.016602 0.024089
0 0.812988 0.362630 0.031250 0.035156
0 0.789551 0.328125 0.032227 0.044271
0 0.783691 0.394531 0.023438 0.048177
0 0.853027 0.438477 0.018555 0.022786
0 0.873779 0.476237 0.017090 0.024089
0 0.825928 0.468750 0.025879 0.040365
0 0.799072 0.504557 0.036621 0.054688
0 0.845215 0.508464 0.045898 0.028646
0 0.819580 0.536458 0.018066 0.028646
0 0.884277 0.575195 0.017578 0.021484
0 0.797119 0.602539 0.016113 0.018880
0 0.841064 0.632487 0.026855 0.044922
0 0.789062 0.633138 0.028320 0.031901
0 0.841064 0.704102 0.035645 0.025391
0 0.789551 0.702148 0.045898 0.048828
0 0.744385 0.701172 0.018066 0.027344
0 0.768555 0.734701 0.033203 0.035807
0 0.794678 0.771159 0.020020 0.026693
0 0.795410 0.845378 0.024414 0.035807
0 0.744385 0.843099 0.019043 0.027344
0 0.717041 0.848633 0.011230 0.022786
0 0.694580 0.841471 0.016113 0.022786
0 0.473389 0.902344 0.020996 0.027344
0 0.503662 0.866536 0.048340 0.069010
0 0.555908 0.873047 0.025879 0.033854
0 0.531738 0.832357 0.017578 0.025391
0 0.419434 0.855469 0.017578 0.023438
0 0.368408 0.815104 0.019043 0.024740
0 0.398926 0.778971 0.032227 0.037109
0 0.375732 0.737305 0.036621 0.061849
0 0.406494 0.704102 0.023926 0.029297
0 0.431396 0.741862 0.029785 0.051432
0 0.457764 0.709961 0.024902 0.029297
0 0.351074 0.699544 0.030273 0.046224
0 0.331299 0.658854 0.035645 0.045573
0 0.362305 0.623698 0.032227 0.040365
0 0.410156 0.635417 0.052734 0.061198
0 0.366699 0.558919 0.018555 0.022786
