0 0.032309 0.449463 0.034958 0.018066
0 0.035487 0.488525 0.024364 0.010254
0 0.080508 0.459473 0.025424 0.020508
0 0.101695 0.430664 0.025424 0.015625
0 0.110169 0.457520 0.027542 0.013672
0 0.077331 0.493652 0.014831 0.014648
0 0.061970 0.510742 0.024364 0.009766
0 0.019597 0.521484 0.037076 0.023438
0 0.079449 0.515869 0.014831 0.014160
0 0.087924 0.509033 0.021186 0.016113
0 0.119703 0.490723 0.046610 0.038086
0 0.145127 0.477295 0.016949 0.014160
0 0.153602 0.465820 0.016949 0.007812
0 0.159958 0.456299 0.023305 0.012207
0 0.156780 0.438965 0.016949 0.011719
0 0.137182 0.433594 0.020127 0.008789
0 0.147246 0.419434 0.021186 0.011719
0 0.127119 0.399414 0.021186 0.010742
0 0.150953 0.392822 0.024364 0.012207
0 0.170551 0.410156 0.021186 0.018555
0 0.180085 0.377930 0.010593 0.007812
0 0.208157 0.378662 0.018008 0.014160
0 0.195975 0.418457 0.012712 0.007812
0 0.194386 0.454590 0.013771 0.011719
0 0.168432 0.487305 0.016949 0.010742
0 0.181144 0.488037 0.025424 0.014160
0 0.155720 0.502441 0.008475 0.005859
0 0.164195 0.508789 0.023305 0.016602
0 0.154131 0.518555 0.024364 0.009766
0 0.156780 0.535156 0.010593 0.005859
0 0.136653 0.529785 0.029661 0.017578
0 0.120763 0.534424 0.025424 0.013184
0 0.096398 0.531982 0.014831 0.009277
0 0.067267 0.546631 0.026483 0.009277
0 0.019068 0.542480 0.031780 0.018555
0 0.028072 0.575195 0.045551 0.021484
0 0.055085 0.584229 0.012712 0.007324
0 0.069386 0.584229 0.011653 0.004395
0 0.092161 0.572998 0.008475 0.006348
0 0.090572 0.560059 0.007415 0.004883
0 0.100636 0.564209 0.025424 0.018066
0 0.116525 0.572754 0.021186 0.011719
0 0.115466 0.552979 0.016949 0.014160
0 0.147246 0.545654 0.012712 0.008301
0 0.137712 0.557129 0.014831 0.013672
0 0.127119 0.563477 0.012712 0.007812
0 0.111229 0.578125 0.021186 0.010742
0 0.105403 0.585693 0.028602 0.016113
0 0.095869 0.599365 0.009534 0.006348
0 0.044492 0.594971 0.016949 0.007324
0 0.011653 0.582764 0.016949 0.008301
0 0.064619 0.601807 0.012712 0.006348
0 0.088453 0.610596 0.018008 0.007324
0 0.126059 0.619141 0.012712 0.003906
0 0.111229 0.618164 0.016949 0.006836
0 0.054555 0.600830 0.011653 0.007324
0 0.028072 0.587158 0.011653 0.007324
0 0.127119 0.603516 0.019068 0.008789
0 0.145127 0.578369 0.033898 0.011230
0 0.172669 0.560059 0.021186 0.009766
0 0.218220 0.589355 0.016949 0.009766
0 0.177966 0.606934 0.042373 0.012695
0 0.166843 0.618652 0.045551 0.011719
0 0.140890 0.627686 0.033898 0.014160
0 0.173199 0.629395 0.026483 0.008789
0 0.208686 0.632568 0.019068 0.007324
0 0.208686 0.614746 0.025424 0.009766
0 0.212394 0.604004 0.013771 0.005859
0 0.235699 0.618896 0.024364 0.007324
0 0.227754 0.603516 0.012712 0.004883
0 0.247881 0.586914 0.025424 0.011719
0 0.266949 0.568115 0.025424 0.010254
0 0.277542 0.577148 0.021186 0.005859
0 0.256886 0.539795 0.013771 0.007324
0 0.273835 0.528320 0.020127 0.008789
0 0.232521 0.515869 0.064619 0.019043
0 0.297140 0.467285 0.028602 0.011719
0 0.309322 0.525635 0.036017 0.032715
0 0.328390 0.548340 0.033898 0.009766
0 0.286017 0.564209 0.019068 0.008301
0 0.309322 0.569336 0.019068 0.008789
0 0.307733 0.578125 0.018008 0.007812
0 0.403072 0.475830 0.037076 0.010254
0 0.379237 0.432861 0.038136 0.012207
0 0.332097 0.419678 0.075212 0.029785
0 0.391949 0.392578 0.044492 0.017578
0 0.368114 0.345215 0.041314 0.017578
0 0.256356 0.302246 0.029661 0.017578
0 0.332627 0.300537 0.040254 0.018066
0 0.416314 0.307129 0.072034 0.035156
0 0.476695 0.270508 0.072034 0.027344
0 0.460805 0.346924 0.061441 0.033691
0 0.680085 0.307617 0.052966 0.029297
0 0.600636 0.340332 0.067797 0.037109
0 0.719280 0.333740 0.038136 0.054199
0 0.604343 0.379883 0.051907 0.017578
0 0.444915 0.409424 0.038136 0.029785
0 0.523835 0.411133 0.060381 0.028320
0 0.595339 0.430176 0.033898 0.027344
0 0.632945 0.419678 0.030720 0.009277
0 0.662606 0.407959 0.020127 0.013184
0 0.533898 0.457031 0.072034 0.025391
0 0.575212 0.467285 0.033898 0.013672
0 0.647775 0.459961 0.022246 0.007812
0 0.743114 0.438232 0.056144 0.033691
0 0.710275 0.471436 0.037076 0.019043
0 0.832097 0.366699 0.051907 0.066406
0 0.865466 0.394775 0.025424 0.012207
0 0.893538 0.393555 0.024364 0.013672
0 0.867585 0.426270 0.023305 0.013672
0 0.884534 0.428467 0.012712 0.010254
0 0.984110 0.405518 0.031780 0.018066
0 0.958686 0.440674 0.027542 0.013184
0 0.985169 0.452393 0.029661 0.023926
0 0.863347 0.444336 0.025424 0.011719
0 0.815148 0.458008 0.049788 0.025391
0 0.794492 0.488281 0.012712 0.007812
0 0.790784 0.466309 0.020127 0.012695
0 0.750530 0.494385 0.034958 0.019043
0 0.841631 0.487305 0.024364 0.013672
0 0.884534 0.474854 0.023305 0.024902
0 0.947034 0.473633 0.038136 0.015625
0 0.893538 0.512695 0.034958 0.015625
0 0.806144 0.504883 0.025424 0.008789
0 0.830508 0.512451 0.033898 0.018066
0 0.726695 0.521973 0.029661 0.015625
0 0.661547 0.506592 0.037076 0.016113
0 0.614936 0.519531 0.024364 0.008789
0 0.622881 0.535889 0.097458 0.020996
0 0.508475 0.482422 0.029661 0.010742
0 0.539195 0.502441 0.046610 0.022461
0 0.547140 0.522461 0.032839 0.012695
0 0.542373 0.533691 0.036017 0.011719
0 0.541843 0.550537 0.030720 0.006348
0 0.446504 0.530273 0.041314 0.017578
0 0.421610 0.561035 0.025424 0.007812
0 0.304555 0.598389 0.047669 0.020020
0 0.271186 0.606934 0.019068 0.005859
0 0.250000 0.614746 0.012712 0.005859
0 0.260593 0.622803 0.014831 0.005371
0 0.268538 0.631104 0.013771 0.006348
0 0.234640 0.635254 0.015890 0.005859
0 0.225106 0.625977 0.022246 0.007812
0 0.237818 0.641602 0.043432 0.015625
0 0.179025 0.640137 0.036017 0.011719
0 0.222458 0.651367 0.025424 0.006836
0 0.263242 0.656006 0.013771 0.004395
0 0.219280 0.660645 0.021186 0.006836
0 0.239407 0.663330 0.012712 0.004395
0 0.252119 0.660156 0.012712 0.004883
0 0.279661 0.659180 0.012712 0.003906
0 0.290784 0.653809 0.030720 0.009766
0 0.323093 0.650391 0.021186 0.007812
0 0.291314 0.648926 0.019068 0.003906
0 0.288665 0.636230 0.015890 0.005859
0 0.302966 0.633301 0.029661 0.010742
0 0.308263 0.619385 0.055085 0.021973
0 0.382945 0.619873 0.022246 0.008301
0 0.423199 0.617432 0.020127 0.006348
0 0.390360 0.643555 0.022246 0.012695
0 0.433792 0.640381 0.028602 0.007324
0 0.439619 0.649658 0.019068 0.005371
0 0.336864 0.657227 0.016949 0.005859
0 0.332097 0.662109 0.030720 0.009766
0 0.329449 0.682617 0.012712 0.005859
0 0.328919 0.673340 0.049788 0.021484
0 0.375530 0.691895 0.047669 0.021484
0 0.278602 0.674805 0.025424 0.009766
0 0.263242 0.666504 0.011653 0.003906
0 0.246822 0.670166 0.012712 0.004395
0 0.282839 0.664551 0.027542 0.011719
0 0.301907 0.682129 0.025424 0.015625
0 0.316208 0.698486 0.018008 0.006348
0 0.308263 0.703613 0.010593 0.005859
0 0.395127 0.685059 0.012712 0.003906
0 0.391419 0.673584 0.015890 0.007324
0 0.406250 0.670166 0.018008 0.004395
0 0.401483 0.681152 0.016949 0.005859
0 0.431674 0.686035 0.030720 0.007812
0 0.409958 0.721680 0.012712 0.007812
0 0.385593 0.728760 0.012712 0.006348
0 0.426377 0.733643 0.030720 0.017090
0 0.467161 0.712646 0.014831 0.007324
0 0.497881 0.724609 0.019068 0.007812
0 0.500530 0.739502 0.015890 0.008301
0 0.498941 0.686768 0.019068 0.007324
0 0.479873 0.661377 0.014831 0.006348
0 0.494703 0.641602 0.072034 0.029297
0 0.530191 0.633789 0.015890 0.006836
0 0.493644 0.614258 0.042373 0.011719
0 0.483051 0.591797 0.057203 0.016602
0 0.484640 0.603760 0.018008 0.006348
0 0.525424 0.614502 0.021186 0.008301
0 0.554555 0.592773 0.026483 0.008789
0 0.571504 0.567383 0.039195 0.013672
0 0.628178 0.552246 0.042373 0.013672
0 0.583686 0.553467 0.038136 0.014160
0 0.626059 0.581543 0.029661 0.012695
0 0.578919 0.582275 0.034958 0.012207
0 0.583686 0.595215 0.029661 0.009766
0 0.558792 0.607178 0.026483 0.007324
0 0.586335 0.609375 0.028602 0.007812
0 0.611229 0.597900 0.016949 0.006348
0 0.612288 0.588135 0.021186 0.007324
0 0.643538 0.584961 0.015890 0.009766
0 0.715572 0.573975 0.022246 0.008301
0 0.705508 0.545410 0.031780 0.011719
0 0.743644 0.529297 0.046610 0.020508
0 0.738347 0.547119 0.029661 0.010254
0 0.784428 0.529297 0.032839 0.012695
0 0.796081 0.562012 0.030720 0.009766
0 0.812500 0.570312 0.050847 0.013672
0 0.718220 0.588379 0.036017 0.010742
0 0.705508 0.602539 0.046610 0.010742
0 0.640890 0.610352 0.016949 0.009766
0 0.618114 0.619141 0.013771 0.006836
0 0.592691 0.636963 0.032839 0.011230
0 0.647246 0.629395 0.025424 0.009766
0 0.710805 0.627930 0.016949 0.014648
0 0.753708 0.612549 0.030720 0.011230
0 0.771186 0.618652 0.014831 0.005859
0 0.798729 0.594727 0.014831 0.005859
0 0.922140 0.567383 0.075212 0.026367
0 0.973517 0.546631 0.021186 0.008301
0 0.986229 0.558350 0.019068 0.008301
0 0.950212 0.595459 0.025424 0.010254
0 0.860699 0.598145 0.011653 0.005859
0 0.767479 0.639160 0.064619 0.020508
0 0.849576 0.625488 0.029661 0.007812
0 0.864936 0.651611 0.056144 0.019043
0 0.910487 0.640625 0.022246 0.006836
0 0.938559 0.634521 0.021186 0.007324
0 0.975636 0.642090 0.036017 0.009766
0 0.818856 0.662598 0.014831 0.004883
0 0.767479 0.678711 0.013771 0.004883
0 0.732521 0.658203 0.013771 0.005859
0 0.679555 0.658936 0.020127 0.009277
0 0.628708 0.660156 0.015890 0.009766
0 0.602225 0.658691 0.034958 0.015625
0 0.636653 0.684570 0.012712 0.004883
0 0.656250 0.686279 0.015890 0.006348
0 0.686970 0.684570 0.013771 0.005859
0 0.628178 0.696533 0.012712 0.005371
0 0.591102 0.712402 0.016949 0.009766
0 0.777542 0.720703 0.012712 0.006836
0 0.823093 0.729492 0.014831 0.005859
0 0.942797 0.729004 0.012712 0.006836
0 0.556674 0.693604 0.054025 0.020020
0 0.567797 0.680420 0.021186 0.011230
0 0.536017 0.662109 0.025424 0.013672
0 0.547140 0.647705 0.026483 0.010254
0 0.608051 0.647217 0.016949 0.007324
0 0.421081 0.493408 0.030720 0.015137
0 0.002119 0.500977 0.004237 0.009766
