0 0.345052 0.417725 0.165365 0.118652
0 0.493164 0.411377 0.057943 0.045410
0 0.428711 0.469971 0.050130 0.037598
0 0.561523 0.469482 0.076172 0.057129
0 0.501953 0.513916 0.058594 0.045410
0 0.441732 0.578613 0.050130 0.041992
0 0.570964 0.561035 0.053385 0.052734
0 0.701497 0.637207 0.029297 0.023438
0 0.745117 0.579346 0.033203 0.026855
0 0.712565 0.506592 0.031901 0.026855
0 0.684245 0.472656 0.066406 0.044922
0 0.612956 0.428467 0.070964 0.050293
0 0.578451 0.323242 0.152995 0.108398
0 0.511068 0.288086 0.050781 0.041992
0 0.559570 0.229736 0.103516 0.101074
0 0.422526 0.236328 0.050781 0.043945
0 0.266927 0.371582 0.058594 0.043945
0 0.318685 0.345703 0.033203 0.047852
0 0.172201 0.314941 0.059245 0.039062
0 0.249349 0.293213 0.100260 0.077637
0 0.145833 0.193359 0.070312 0.049805
0 0.077148 0.262451 0.068359 0.079590
0 0.033854 0.203369 0.052083 0.044434
0 0.109375 0.385010 0.072917 0.097168
0 0.020833 0.327881 0.041667 0.040527
0 0.007487 0.399414 0.014974 0.084961
0 0.016276 0.517090 0.032552 0.062500
0 0.061849 0.569824 0.109375 0.092773
0 0.156576 0.562988 0.044922 0.081055
0 0.215169 0.553467 0.067057 0.050293
0 0.222982 0.602539 0.022786 0.015625
0 0.241536 0.666992 0.076823 0.063477
0 0.405599 0.750488 0.049479 0.033203
0 0.168294 0.742676 0.050130 0.040039
0 0.065755 0.859863 0.010417 0.023438
0 0.087891 0.951172 0.019531 0.028320
0 0.127930 0.901367 0.069661 0.051758
0 0.212891 0.952881 0.063802 0.035645
0 0.285156 0.892334 0.050781 0.032715
0 0.348307 0.819580 0.029948 0.020020
0 0.430990 0.856445 0.031250 0.021484
0 0.501302 0.879639 0.029948 0.021973
0 0.486979 0.787842 0.031250 0.023926
0 0.540365 0.726562 0.041667 0.028320
0 0.558919 0.815918 0.064453 0.046875
0 0.624023 0.844482 0.025391 0.020020
0 0.728516 0.813965 0.029948 0.021484
0 0.673828 0.787354 0.045573 0.026855
0 0.652669 0.697266 0.029297 0.017578
0 0.820312 0.783936 0.035156 0.022949
0 0.926758 0.758301 0.039714 0.025391
0 0.861003 0.735840 0.048828 0.041016
0 0.855143 0.651123 0.037109 0.027832
0 0.951497 0.715332 0.025391 0.020508
0 0.990234 0.640381 0.019531 0.020996
0 0.937826 0.611328 0.030599 0.013672
0 0.873698 0.582031 0.026042 0.015625
0 0.816081 0.548584 0.038411 0.020996
0 0.877279 0.528076 0.078776 0.034668
0 0.981445 0.484375 0.037109 0.078125
0 0.875977 0.495361 0.057943 0.038574
0 0.809570 0.459961 0.080078 0.059570
0 0.818034 0.371094 0.081380 0.058594
0 0.733398 0.315674 0.061849 0.042480
0 0.963867 0.318115 0.017578 0.020996
0 0.880534 0.289307 0.120443 0.089355
0 0.796875 0.257812 0.057292 0.040039
0 0.668620 0.225342 0.092448 0.048340
0 0.641602 0.152344 0.043620 0.036133
0 0.793294 0.127686 0.202474 0.167480
0 0.931641 0.133301 0.013021 0.023438
0 0.888021 0.018311 0.057292 0.036621
0 0.757161 0.014893 0.066406 0.029785
0 0.593424 0.046143 0.160807 0.092285
0 0.486979 0.167725 0.070312 0.057129
0 0.393229 0.174072 0.050781 0.038574
0 0.328451 0.180908 0.031901 0.027832
0 0.371094 0.105713 0.156250 0.107910
0 0.265951 0.046875 0.087891 0.061523
0 0.165690 0.034180 0.080078 0.015625
0 0.131836 0.099121 0.085286 0.079102
0 0.046224 0.134033 0.063802 0.048340
