0 0.022775 0.472168 0.039195 0.019531
0 0.035487 0.510986 0.026483 0.011230
0 0.074153 0.479980 0.029661 0.021484
0 0.088453 0.450195 0.028602 0.016602
0 0.103284 0.476807 0.030720 0.015137
0 0.078919 0.514404 0.018008 0.015137
0 0.066208 0.531738 0.026483 0.010742
0 0.026483 0.544678 0.042373 0.024902
0 0.085275 0.536133 0.018008 0.014648
0 0.092691 0.528564 0.024364 0.017090
0 0.119703 0.509277 0.055085 0.040039
0 0.142479 0.494385 0.020127 0.015137
0 0.148305 0.482910 0.019068 0.008789
0 0.152542 0.472900 0.025424 0.013184
0 0.145127 0.456055 0.019068 0.012695
0 0.123411 0.451660 0.022246 0.009766
0 0.131356 0.437012 0.023305 0.012695
0 0.106992 0.417969 0.023305 0.011719
0 0.128708 0.409912 0.026483 0.013184
0 0.152542 0.426758 0.025424 0.019531
0 0.154661 0.394287 0.012712 0.008301
0 0.182203 0.393311 0.021186 0.015137
0 0.179025 0.433838 0.014831 0.008301
0 0.185911 0.469482 0.015890 0.012207
0 0.167373 0.503418 0.019068 0.011719
0 0.180614 0.503174 0.028602 0.015137
0 0.158369 0.519287 0.009534 0.006348
0 0.167903 0.524902 0.026483 0.017578
0 0.160487 0.535156 0.026483 0.010742
0 0.166843 0.551514 0.011653 0.006348
0 0.146186 0.547119 0.033898 0.019043
0 0.130826 0.552490 0.028602 0.014160
0 0.105932 0.551270 0.016949 0.009766
0 0.079979 0.566895 0.028602 0.010742
0 0.031780 0.565674 0.036017 0.020020
0 0.047140 0.597656 0.049788 0.023438
0 0.077331 0.604980 0.014831 0.007812
0 0.090042 0.604492 0.012712 0.004883
0 0.110699 0.592285 0.009534 0.006836
0 0.105932 0.579834 0.008475 0.005371
0 0.117585 0.582764 0.029661 0.019043
0 0.135593 0.590820 0.023305 0.012695
0 0.129767 0.571045 0.020127 0.015137
0 0.159958 0.562500 0.014831 0.008789
0 0.153072 0.574463 0.018008 0.014160
0 0.144068 0.581299 0.014831 0.008301
0 0.131356 0.596680 0.023305 0.011719
0 0.127119 0.604004 0.031780 0.017578
0 0.120763 0.618164 0.010593 0.006836
0 0.068326 0.616455 0.018008 0.008301
0 0.032839 0.605713 0.019068 0.009277
0 0.090572 0.622070 0.013771 0.006836
0 0.115466 0.629639 0.019068 0.008301
0 0.155191 0.636475 0.013771 0.004395
0 0.140360 0.636230 0.018008 0.007812
0 0.079979 0.621582 0.013771 0.007812
0 0.050318 0.609375 0.013771 0.007812
0 0.152542 0.621094 0.021186 0.009766
0 0.165254 0.594727 0.036017 0.012695
0 0.188559 0.575684 0.023305 0.010742
0 0.240466 0.602539 0.019068 0.010742
0 0.204449 0.622070 0.044492 0.014648
0 0.195445 0.634277 0.047669 0.013672
0 0.172140 0.644043 0.037076 0.015625
0 0.203919 0.644775 0.028602 0.010254
0 0.240996 0.645752 0.020127 0.008301
0 0.236229 0.628418 0.027542 0.010742
0 0.237288 0.617432 0.014831 0.006348
0 0.263771 0.631104 0.025424 0.008301
0 0.252648 0.615967 0.013771 0.005371
0 0.269068 0.598633 0.027542 0.012695
0 0.283898 0.578857 0.027542 0.011230
0 0.296081 0.587402 0.022246 0.006836
0 0.266949 0.551270 0.014831 0.007812
0 0.281250 0.539062 0.022246 0.009766
0 0.236758 0.528564 0.068856 0.021973
0 0.290784 0.477295 0.030720 0.013184
0 0.316208 0.534668 0.043432 0.034180
0 0.340042 0.556396 0.036017 0.011230
0 0.301907 0.573975 0.021186 0.009277
0 0.326271 0.578125 0.021186 0.009766
0 0.325742 0.586914 0.020127 0.008789
0 0.397775 0.480713 0.039195 0.012207
0 0.364407 0.438721 0.040254 0.014160
0 0.314089 0.428223 0.081568 0.033203
0 0.368644 0.398438 0.048729 0.019531
0 0.333157 0.352539 0.045551 0.019531
0 0.212924 0.315186 0.033898 0.019043
0 0.288136 0.309814 0.044492 0.020020
0 0.373411 0.312256 0.079449 0.038574
0 0.425318 0.273193 0.077331 0.030762
0 0.426377 0.349365 0.068856 0.036621
0 0.635593 0.300049 0.059322 0.031738
0 0.564619 0.336426 0.076271 0.040039
0 0.680614 0.323730 0.049788 0.055664
0 0.576271 0.375732 0.055085 0.020020
0 0.424788 0.412598 0.044492 0.031250
0 0.503708 0.410645 0.066737 0.031250
0 0.579449 0.426025 0.040254 0.028809
0 0.613877 0.413574 0.032839 0.010742
0 0.640890 0.400635 0.023305 0.014160
0 0.523835 0.455811 0.077331 0.028809
0 0.567267 0.464111 0.037076 0.015137
0 0.637182 0.453125 0.024364 0.008789
0 0.727754 0.426758 0.063559 0.036133
0 0.701801 0.461426 0.041314 0.020508
0 0.799258 0.351562 0.066737 0.068359
0 0.840042 0.377686 0.027542 0.013184
0 0.866525 0.375488 0.027542 0.014648
0 0.849047 0.409180 0.026483 0.014648
0 0.866525 0.410156 0.014831 0.010742
0 0.959746 0.382812 0.036017 0.019531
0 0.943326 0.418945 0.030720 0.014648
0 0.971928 0.429199 0.034958 0.025391
0 0.848517 0.427246 0.027542 0.012695
0 0.804025 0.443115 0.055085 0.027832
0 0.790254 0.474365 0.014831 0.008301
0 0.781780 0.452637 0.023305 0.013672
0 0.747352 0.482422 0.039195 0.020508
0 0.836864 0.471191 0.027542 0.014648
0 0.876589 0.456299 0.028602 0.025879
0 0.939089 0.452148 0.041314 0.017578
0 0.894068 0.493896 0.038136 0.017090
0 0.806144 0.490234 0.027542 0.009766
0 0.831568 0.496582 0.038136 0.019531
0 0.730403 0.510986 0.032839 0.017090
0 0.662076 0.498535 0.040254 0.017578
0 0.618114 0.514160 0.026483 0.009766
0 0.630297 0.529785 0.101695 0.025391
0 0.504237 0.482178 0.031780 0.012207
0 0.539725 0.500488 0.051907 0.024414
0 0.551907 0.520264 0.036017 0.014160
0 0.549788 0.531494 0.038136 0.013184
0 0.552966 0.548340 0.031780 0.007812
0 0.453919 0.532715 0.045551 0.019531
0 0.436441 0.564453 0.027542 0.008789
0 0.327860 0.607178 0.051907 0.021973
0 0.297140 0.617676 0.020127 0.006836
0 0.278072 0.626221 0.013771 0.006348
0 0.289725 0.633301 0.015890 0.005859
0 0.298729 0.641602 0.014831 0.006836
0 0.266949 0.647461 0.016949 0.006836
0 0.254767 0.638672 0.024364 0.008789
0 0.271186 0.653809 0.046610 0.017578
0 0.212924 0.655029 0.038136 0.013184
0 0.259004 0.664062 0.026483 0.007812
0 0.299788 0.666504 0.014831 0.004883
0 0.257945 0.673340 0.022246 0.007812
0 0.278072 0.674805 0.013771 0.004883
0 0.289725 0.671143 0.013771 0.005371
0 0.317267 0.669189 0.013771 0.004395
0 0.326801 0.663330 0.032839 0.011230
0 0.358051 0.658203 0.023305 0.008789
0 0.326801 0.658203 0.020127 0.004883
0 0.320975 0.645996 0.016949 0.006836
0 0.334746 0.642334 0.031780 0.012207
0 0.336864 0.627930 0.059322 0.024414
0 0.410487 0.624756 0.024364 0.009277
0 0.450212 0.620361 0.021186 0.007324
0 0.423729 0.648438 0.025424 0.013672
0 0.466102 0.642578 0.029661 0.008789
0 0.474047 0.651611 0.020127 0.006348
0 0.373411 0.664551 0.018008 0.006836
0 0.369174 0.669678 0.032839 0.011230
0 0.372352 0.690186 0.013771 0.006348
0 0.369174 0.680908 0.054025 0.023926
0 0.418962 0.696777 0.051907 0.023438
0 0.319915 0.684570 0.027542 0.010742
0 0.301907 0.677002 0.012712 0.004395
0 0.286547 0.681152 0.013771 0.004883
0 0.322034 0.674072 0.029661 0.013184
0 0.344809 0.690918 0.028602 0.016602
0 0.362288 0.706299 0.019068 0.007324
0 0.355403 0.711670 0.011653 0.006348
0 0.438030 0.689209 0.013771 0.004395
0 0.431144 0.677734 0.016949 0.007812
0 0.444915 0.673584 0.019068 0.005371
0 0.443326 0.685059 0.018008 0.006836
0 0.474047 0.688232 0.032839 0.009277
0 0.460805 0.724854 0.014831 0.008301
0 0.438030 0.732910 0.013771 0.006836
0 0.479873 0.735840 0.033898 0.018555
0 0.515360 0.712891 0.015890 0.007812
0 0.548729 0.723633 0.021186 0.008789
0 0.554555 0.738281 0.018008 0.008789
0 0.541843 0.685791 0.020127 0.008301
0 0.516419 0.661133 0.015890 0.006836
0 0.527542 0.641357 0.078390 0.032715
0 0.560381 0.631592 0.016949 0.007324
0 0.520127 0.614258 0.044492 0.013672
0 0.503708 0.592041 0.060381 0.019043
0 0.507415 0.603760 0.019068 0.007324
0 0.551907 0.612549 0.023305 0.009277
0 0.574682 0.589600 0.028602 0.010254
0 0.585805 0.563477 0.042373 0.015625
0 0.639301 0.545898 0.045551 0.015625
0 0.595869 0.549072 0.041314 0.016113
0 0.644597 0.574951 0.032839 0.014160
0 0.596928 0.578125 0.037076 0.013672
0 0.604873 0.590576 0.031780 0.011230
0 0.582627 0.603516 0.027542 0.008789
0 0.610699 0.604736 0.030720 0.009277
0 0.632945 0.592041 0.018008 0.007324
0 0.631886 0.582275 0.022246 0.008301
0 0.661547 0.577881 0.018008 0.010254
0 0.730403 0.563232 0.024364 0.009277
0 0.715042 0.535400 0.033898 0.013184
0 0.748941 0.517578 0.050847 0.022461
0 0.747881 0.535156 0.031780 0.011719
0 0.789195 0.515381 0.036017 0.014160
0 0.807733 0.547607 0.032839 0.011230
0 0.826801 0.554932 0.054025 0.016113
0 0.737288 0.577393 0.038136 0.012207
0 0.727754 0.592285 0.048729 0.012695
0 0.665254 0.603027 0.019068 0.010742
0 0.644068 0.613037 0.014831 0.007324
0 0.623411 0.631836 0.034958 0.012695
0 0.675847 0.621582 0.027542 0.010742
0 0.738877 0.617188 0.020127 0.015625
0 0.777013 0.599609 0.032839 0.012695
0 0.797140 0.605225 0.015890 0.006348
0 0.818326 0.579834 0.015890 0.006348
0 0.934322 0.546631 0.080508 0.029785
0 0.981992 0.523682 0.023305 0.009277
0 0.993114 0.534424 0.013771 0.009277
0 0.969280 0.572998 0.027542 0.011230
0 0.880297 0.580322 0.012712 0.006348
0 0.797140 0.625488 0.068856 0.023438
0 0.876059 0.608154 0.031780 0.009277
0 0.896716 0.633301 0.060381 0.021484
0 0.939619 0.620117 0.023305 0.007812
0 0.966631 0.612549 0.022246 0.008301
0 0.993114 0.618408 0.013771 0.011230
0 0.854343 0.646240 0.015890 0.005371
0 0.806144 0.664795 0.014831 0.005371
0 0.766949 0.646240 0.014831 0.006348
0 0.714513 0.649170 0.022246 0.010254
0 0.663665 0.653076 0.018008 0.010254
0 0.637712 0.653076 0.038136 0.017090
0 0.678496 0.677002 0.013771 0.005371
0 0.697034 0.677734 0.016949 0.006836
0 0.727754 0.674561 0.014831 0.006348
0 0.672140 0.688965 0.013771 0.005859
0 0.638771 0.707031 0.019068 0.010742
0 0.826801 0.706299 0.013771 0.007324
0 0.873411 0.712646 0.015890 0.006348
0 0.992055 0.706299 0.013771 0.007324
0 0.600106 0.689941 0.058263 0.022461
0 0.608051 0.676025 0.023305 0.012207
0 0.572564 0.659668 0.028602 0.014648
0 0.579979 0.644287 0.028602 0.011230
0 0.641419 0.640869 0.018008 0.008301
0 0.419492 0.497070 0.033898 0.016602
0 0.005297 0.524902 0.006356 0.009766
