0 0.292708 0.437500 0.045833 0.024554
0 0.241667 0.410156 0.047917 0.025670
0 0.280729 0.376116 0.030208 0.017857
0 0.176042 0.429129 0.018750 0.012277
0 0.156771 0.445592 0.032292 0.017299
0 0.128646 0.471540 0.019792 0.011161
0 0.188021 0.478516 0.017708 0.009487
0 0.178646 0.489955 0.028125 0.013393
0 0.203125 0.492467 0.025000 0.012835
0 0.229687 0.456473 0.063542 0.040179
0 0.346354 0.467076 0.053125 0.027902
0 0.275521 0.499721 0.023958 0.013951
0 0.259375 0.512835 0.027083 0.010045
0 0.232292 0.541574 0.025000 0.011719
0 0.152604 0.544085 0.055208 0.033482
0 0.171875 0.575335 0.022917 0.012277
0 0.052083 0.547433 0.104167 0.053571
0 0.009375 0.510324 0.018750 0.009487
0 0.077604 0.490513 0.019792 0.007812
0 0.038021 0.460658 0.076042 0.058594
0 0.030729 0.413783 0.032292 0.019531
0 0.171875 0.376395 0.087500 0.054129
0 0.069792 0.347377 0.029167 0.018415
0 0.114583 0.344308 0.025000 0.015625
0 0.203125 0.337891 0.047917 0.027344
0 0.108333 0.315290 0.020833 0.016741
0 0.050000 0.309989 0.022917 0.017299
0 0.102083 0.285714 0.029167 0.016741
0 0.144271 0.279576 0.030208 0.016741
0 0.290104 0.337891 0.121875 0.045201
0 0.281771 0.262277 0.055208 0.018973
0 0.385937 0.284319 0.046875 0.021763
0 0.352604 0.355190 0.023958 0.011719
0 0.409896 0.261161 0.038542 0.021205
0 0.423438 0.328404 0.036458 0.018415
0 0.436458 0.394252 0.037500 0.017299
0 0.506250 0.381417 0.033333 0.012835
0 0.556250 0.335938 0.066667 0.044643
0 0.567187 0.387277 0.019792 0.013393
0 0.553646 0.419643 0.028125 0.013393
0 0.482812 0.444196 0.023958 0.011161
0 0.439583 0.456752 0.035417 0.017299
0 0.359375 0.389230 0.056250 0.038504
0 0.304688 0.389509 0.046875 0.024554
0 0.318750 0.539621 0.022917 0.014509
0 0.293229 0.566127 0.046875 0.023996
0 0.350521 0.508650 0.028125 0.015067
0 0.402604 0.493862 0.026042 0.013393
0 0.426563 0.477679 0.019792 0.012277
0 0.422917 0.518973 0.020833 0.013393
0 0.460938 0.503906 0.032292 0.014509
0 0.494271 0.493025 0.021875 0.011719
0 0.404687 0.557757 0.076042 0.042969
0 0.472917 0.552734 0.054167 0.038504
0 0.482292 0.597098 0.025000 0.013393
0 0.517188 0.585379 0.017708 0.010045
0 0.527604 0.556362 0.019792 0.012277
0 0.560937 0.544085 0.032292 0.014509
0 0.582812 0.561384 0.021875 0.008929
0 0.569271 0.589286 0.028125 0.013393
0 0.490104 0.622489 0.015625 0.008371
0 0.496354 0.640067 0.015625 0.008929
0 0.608854 0.617746 0.065625 0.032366
0 0.643229 0.567243 0.036458 0.016183
0 0.630729 0.520368 0.019792 0.009487
0 0.643229 0.491629 0.026042 0.011161
0 0.563021 0.468192 0.026042 0.011161
0 0.632812 0.444475 0.042708 0.019531
0 0.715625 0.437779 0.072917 0.037388
0 0.682813 0.398996 0.082292 0.044643
0 0.753646 0.373884 0.026042 0.013393
0 0.803646 0.407087 0.078125 0.063058
0 0.750521 0.322266 0.065625 0.034040
0 0.788021 0.306920 0.026042 0.012277
0 0.665625 0.272042 0.018750 0.012835
0 0.641146 0.259208 0.028125 0.013951
0 0.717187 0.244141 0.030208 0.012835
0 0.862500 0.279855 0.037500 0.028460
0 0.844271 0.311663 0.057292 0.022879
0 0.886458 0.350725 0.087500 0.044085
0 0.975000 0.292411 0.050000 0.031250
0 0.962500 0.323103 0.037500 0.017857
0 0.977083 0.344029 0.045833 0.025112
0 0.963542 0.378069 0.041667 0.036272
0 0.930208 0.388951 0.037500 0.016741
0 0.980729 0.412946 0.038542 0.035714
0 0.898958 0.450056 0.039583 0.016183
0 0.997396 0.463728 0.005208 0.010045
0 0.917708 0.505022 0.043750 0.020089
0 0.948438 0.525949 0.030208 0.013951
0 0.985938 0.531808 0.013542 0.007812
0 0.823438 0.476562 0.030208 0.016741
0 0.790104 0.492188 0.042708 0.029018
0 0.813542 0.505301 0.035417 0.015067
0 0.691667 0.526507 0.085417 0.044085
0 0.727083 0.559431 0.056250 0.026228
0 0.781771 0.565011 0.017708 0.009487
0 0.869271 0.536830 0.026042 0.011161
0 0.923958 0.544643 0.033333 0.013393
0 0.975000 0.549944 0.037500 0.018415
0 0.974479 0.559431 0.034375 0.011719
0 0.960417 0.594029 0.016667 0.009487
0 0.900000 0.612444 0.145833 0.076451
0 0.930729 0.648158 0.017708 0.009487
0 0.897917 0.659319 0.016667 0.009487
0 0.878125 0.681083 0.020833 0.011719
0 0.899479 0.691127 0.026042 0.013951
0 0.868750 0.700893 0.037500 0.023438
0 0.832292 0.707310 0.016667 0.008371
0 0.811458 0.700335 0.020833 0.011161
0 0.769271 0.698661 0.019792 0.010045
0 0.747917 0.688895 0.020833 0.009487
0 0.795833 0.650112 0.018750 0.013393
0 0.808333 0.623884 0.022917 0.010045
0 0.729688 0.633092 0.084375 0.037388
0 0.709896 0.658482 0.017708 0.008929
0 0.751563 0.725167 0.061458 0.026228
0 0.793229 0.732143 0.032292 0.027902
0 0.814583 0.733259 0.016667 0.007812
0 0.841146 0.748605 0.017708 0.008371
0 0.902083 0.719866 0.045833 0.022321
0 0.910417 0.776228 0.016667 0.008929
0 0.755729 0.774275 0.019792 0.008371
0 0.775000 0.782366 0.018750 0.008929
0 0.924479 0.796596 0.026042 0.016183
0 0.722396 0.756696 0.017708 0.007812
0 0.739583 0.741350 0.022917 0.010603
0 0.757292 0.751674 0.020833 0.008929
0 0.688542 0.711217 0.029167 0.011719
0 0.601562 0.732143 0.028125 0.013393
0 0.626042 0.757533 0.029167 0.013951
0 0.650521 0.780134 0.023958 0.011161
0 0.522396 0.738281 0.026042 0.013393
0 0.494271 0.711217 0.021875 0.010603
0 0.562500 0.692801 0.025000 0.010603
0 0.538021 0.671596 0.023958 0.012835
0 0.592187 0.674944 0.057292 0.023996
0 0.643229 0.679408 0.023958 0.010603
0 0.485938 0.672712 0.030208 0.012835
0 0.451562 0.658203 0.021875 0.012835
0 0.472396 0.691406 0.019792 0.011161
0 0.450521 0.714007 0.028125 0.013951
0 0.476562 0.733538 0.051042 0.029576
0 0.428125 0.718750 0.020833 0.011161
0 0.404167 0.701730 0.097917 0.041853
0 0.401562 0.756975 0.017708 0.009487
0 0.467708 0.770089 0.027083 0.012277
0 0.379167 0.772321 0.022917 0.012277
0 0.299479 0.711217 0.044792 0.027344
0 0.282292 0.655971 0.022917 0.010603
0 0.376563 0.644531 0.019792 0.008929
0 0.335417 0.606027 0.018750 0.008929
0 0.292708 0.604911 0.043750 0.032366
0 0.235417 0.618583 0.029167 0.015067
0 0.180729 0.694196 0.048958 0.031250
0 0.110937 0.717634 0.046875 0.017857
0 0.083854 0.653460 0.021875 0.011161
0 0.034375 0.649554 0.068750 0.032366
0 0.013021 0.616908 0.026042 0.039621
0 0.057813 0.591239 0.030208 0.013951
0 0.008854 0.753348 0.017708 0.011161
0 0.071875 0.805804 0.018750 0.011161
0 0.106250 0.791016 0.025000 0.012835
0 0.159375 0.793806 0.020833 0.010603
0 0.145833 0.824219 0.022917 0.011161
0 0.211458 0.796596 0.022917 0.013951
0 0.254167 0.754185 0.020833 0.010603
0 0.351042 0.801618 0.020833 0.012835
0 0.893229 0.843750 0.013542 0.008929
0 0.661979 0.583426 0.023958 0.012835
1 0.917708 0.522879 0.164583 0.108259
0 0.274479 0.307757 0.076042 0.031808
1 0.285938 0.662667 0.069792 0.035156
0 0.642188 0.269531 0.078125 0.049107
