0 0.612630 0.385254 0.156250 0.122070
0 0.618490 0.496582 0.059896 0.042969
0 0.541016 0.447266 0.049479 0.037109
0 0.539714 0.546875 0.075521 0.056641
0 0.481771 0.501221 0.059896 0.043457
0 0.396159 0.455078 0.055339 0.037109
0 0.417643 0.552002 0.069661 0.039551
0 0.314128 0.648438 0.030599 0.021484
0 0.389974 0.682373 0.035156 0.024902
0 0.487956 0.659180 0.035807 0.023438
0 0.533529 0.638916 0.059245 0.049316
0 0.593424 0.586182 0.065755 0.052246
0 0.734701 0.561523 0.142578 0.113281
0 0.782878 0.511963 0.055339 0.037598
0 0.859701 0.549316 0.133464 0.076172
0 0.853190 0.446289 0.057943 0.037109
0 0.676107 0.327393 0.057943 0.043457
0 0.708984 0.366943 0.063802 0.023926
0 0.753255 0.257324 0.050781 0.043945
0 0.780273 0.315430 0.102214 0.074219
0 0.915365 0.239502 0.065104 0.052246
0 0.824219 0.186768 0.105469 0.050293
0 0.904297 0.155273 0.058594 0.038086
0 0.831706 0.109863 0.126953 0.046875
0 0.660156 0.208740 0.128906 0.053223
0 0.738281 0.138184 0.053385 0.041992
0 0.642578 0.121094 0.113281 0.033203
0 0.485352 0.134521 0.082682 0.028809
0 0.414714 0.169922 0.122396 0.081055
0 0.422526 0.241211 0.108073 0.032227
0 0.433919 0.285400 0.065755 0.049316
0 0.368490 0.290527 0.020833 0.016602
0 0.282227 0.303223 0.083984 0.056641
0 0.167643 0.425049 0.043620 0.036621
0 0.182617 0.246826 0.052734 0.036621
0 0.027995 0.168457 0.031250 0.007812
0 0.077148 0.380615 0.026693 0.021973
0 0.026367 0.442139 0.027995 0.022949
0 0.004232 0.493408 0.008464 0.020996
0 0.116862 0.485107 0.031901 0.022949
0 0.197266 0.526611 0.037760 0.030762
0 0.077799 0.538574 0.061849 0.047852
0 0.038737 0.586914 0.026693 0.018555
0 0.078125 0.665771 0.028646 0.021973
0 0.113932 0.625244 0.035156 0.033691
0 0.235026 0.611328 0.023438 0.021484
0 0.116211 0.735352 0.030599 0.026367
0 0.148112 0.815430 0.033203 0.029297
0 0.180013 0.766602 0.054036 0.036133
0 0.292969 0.763916 0.036458 0.027832
0 0.205078 0.834961 0.027344 0.018555
0 0.304036 0.872559 0.027344 0.028320
0 0.344076 0.826172 0.017578 0.022461
0 0.384440 0.778809 0.020182 0.019531
0 0.429688 0.736084 0.027344 0.028809
0 0.456706 0.782715 0.044922 0.058594
0 0.512370 0.864258 0.104167 0.033203
0 0.500000 0.782227 0.050781 0.042969
0 0.548177 0.732666 0.078125 0.059082
0 0.666992 0.740479 0.077474 0.060059
0 0.741536 0.678223 0.055990 0.045898
0 0.734375 0.850830 0.027344 0.013184
0 0.774414 0.789307 0.117839 0.089355
0 0.818034 0.726807 0.052734 0.042480
0 0.863281 0.631592 0.062500 0.068848
0 0.960938 0.612305 0.048177 0.032227
0 0.940755 0.728271 0.118490 0.145020
0 0.981771 0.830078 0.031250 0.009766
0 0.943359 0.496094 0.075521 0.051758
0 0.936849 0.425537 0.050781 0.037598
0 0.928711 0.376953 0.037109 0.023438
