0 0.361979 0.402344 0.147135 0.104492
0 0.509766 0.411865 0.050781 0.040527
0 0.434896 0.462891 0.044271 0.033203
0 0.566406 0.476074 0.067708 0.050781
0 0.499674 0.513916 0.051432 0.040527
0 0.428060 0.572021 0.043620 0.037598
0 0.558919 0.568115 0.044922 0.048340
0 0.674154 0.656982 0.025391 0.020996
0 0.728190 0.604248 0.029297 0.023926
0 0.708984 0.528320 0.027344 0.024414
0 0.687500 0.492188 0.059896 0.039062
0 0.625326 0.440918 0.063151 0.043945
0 0.610026 0.333252 0.136719 0.095215
0 0.550130 0.291260 0.044271 0.037598
0 0.608724 0.238281 0.087240 0.092773
0 0.472331 0.230713 0.043620 0.039551
0 0.292969 0.348145 0.052083 0.039062
0 0.348958 0.328125 0.024740 0.045898
0 0.209635 0.282471 0.053385 0.033691
0 0.289714 0.269287 0.088542 0.068848
0 0.206055 0.159424 0.063151 0.043457
0 0.125326 0.220947 0.055339 0.074707
0 0.093424 0.157227 0.044922 0.040039
0 0.024089 0.205811 0.048177 0.091309
0 0.134440 0.345459 0.056641 0.092285
0 0.050130 0.279053 0.050781 0.035645
0 0.015625 0.347900 0.031250 0.082520
0 0.014323 0.466553 0.028646 0.060059
0 0.052734 0.523682 0.095052 0.083496
0 0.148112 0.526611 0.030599 0.078613
0 0.208008 0.523193 0.059245 0.044434
0 0.206706 0.572266 0.020182 0.013672
0 0.213216 0.638428 0.067057 0.057129
0 0.360026 0.738525 0.044271 0.028809
0 0.126628 0.705811 0.043620 0.035645
0 0.003255 0.811279 0.006510 0.022949
0 0.008138 0.904053 0.014974 0.026855
0 0.056966 0.858398 0.061849 0.045898
0 0.131510 0.918701 0.058594 0.029785
0 0.214518 0.865723 0.046224 0.028320
0 0.290690 0.800293 0.026693 0.017578
0 0.365560 0.845703 0.027995 0.018555
0 0.431315 0.875977 0.026693 0.019531
0 0.433594 0.783691 0.027344 0.021484
0 0.498372 0.728760 0.037109 0.024902
0 0.499349 0.819092 0.057292 0.041504
0 0.558594 0.854248 0.022135 0.018066
0 0.668294 0.834717 0.026693 0.019043
0 0.618490 0.802979 0.041667 0.022949
0 0.614909 0.711182 0.026693 0.015137
0 0.764648 0.814697 0.031901 0.020020
0 0.874674 0.800537 0.035807 0.021973
0 0.814128 0.770996 0.042318 0.037109
0 0.823893 0.686523 0.033203 0.024414
0 0.906901 0.760254 0.022135 0.018555
0 0.968750 0.691406 0.035156 0.017578
0 0.912760 0.655762 0.028646 0.010742
0 0.855143 0.620361 0.024089 0.013184
0 0.804362 0.581055 0.035807 0.017578
0 0.868490 0.566895 0.074219 0.027344
0 0.984049 0.535400 0.031901 0.075684
0 0.873047 0.534912 0.052083 0.033691
0 0.814128 0.492676 0.070964 0.052734
0 0.838867 0.405273 0.072266 0.051758
0 0.765299 0.341797 0.055339 0.037109
0 0.992839 0.368164 0.014323 0.019531
0 0.916016 0.331055 0.106771 0.079102
0 0.838867 0.291016 0.051432 0.035156
0 0.718099 0.245850 0.085938 0.039551
0 0.704427 0.170654 0.037760 0.032715
0 0.859701 0.161621 0.176432 0.150391
0 0.995443 0.181885 0.009115 0.022949
0 0.977539 0.045654 0.044922 0.069824
0 0.847005 0.035156 0.058594 0.046875
0 0.679362 0.049805 0.143880 0.099609
0 0.548828 0.169678 0.061198 0.051270
0 0.454753 0.166016 0.044922 0.034180
0 0.389323 0.166016 0.027344 0.025391
0 0.445638 0.096436 0.139974 0.094238
0 0.352539 0.026855 0.078776 0.053711
0 0.255208 0.004150 0.079427 0.007324
0 0.209961 0.064453 0.072266 0.072266
0 0.118815 0.090332 0.056641 0.042969
0 0.035482 0.028076 0.055339 0.044434
