0 0.280208 0.451730 0.041667 0.021763
0 0.223438 0.427734 0.042708 0.022879
0 0.254167 0.391462 0.027083 0.016183
0 0.162500 0.450893 0.016667 0.011161
0 0.146875 0.468750 0.029167 0.015625
0 0.125521 0.496094 0.017708 0.010045
0 0.185938 0.499163 0.015625 0.008371
0 0.178646 0.511440 0.026042 0.011719
0 0.203125 0.512277 0.022917 0.011161
0 0.222396 0.474330 0.055208 0.036830
0 0.339583 0.477400 0.047917 0.025112
0 0.277083 0.514788 0.020833 0.012835
0 0.263542 0.528739 0.025000 0.008371
0 0.243750 0.558594 0.022917 0.010045
0 0.165104 0.566685 0.048958 0.030692
0 0.191667 0.596540 0.020833 0.011161
0 0.059375 0.577009 0.108333 0.046875
0 0.016146 0.542690 0.017708 0.008371
0 0.079167 0.517857 0.018750 0.006696
0 0.032292 0.491071 0.064583 0.054688
0 0.014063 0.444754 0.028125 0.017857
0 0.145833 0.398717 0.077083 0.049665
0 0.038021 0.376674 0.026042 0.016741
0 0.081771 0.370536 0.021875 0.014509
0 0.168229 0.358259 0.042708 0.024554
0 0.069271 0.342076 0.017708 0.015625
0 0.009896 0.340681 0.019792 0.016183
0 0.055729 0.313337 0.026042 0.015067
0 0.096875 0.304408 0.027083 0.015067
0 0.255208 0.352679 0.114583 0.037946
0 0.229167 0.277902 0.052083 0.015625
0 0.338021 0.292969 0.042708 0.018973
0 0.321354 0.365792 0.021875 0.010603
0 0.356771 0.268973 0.034375 0.018973
0 0.385417 0.334542 0.033333 0.016183
0 0.413021 0.399275 0.034375 0.015067
0 0.479167 0.381975 0.031250 0.010603
0 0.519271 0.333705 0.057292 0.041295
0 0.541667 0.383929 0.016667 0.012277
0 0.534896 0.417132 0.026042 0.011719
0 0.470313 0.445871 0.021875 0.010045
0 0.429688 0.461217 0.032292 0.015067
0 0.335938 0.398996 0.048958 0.035714
0 0.280729 0.403181 0.042708 0.021763
0 0.328646 0.551339 0.019792 0.013393
0 0.309896 0.579241 0.042708 0.021205
0 0.354167 0.518415 0.025000 0.013393
0 0.402604 0.500279 0.023958 0.011719
0 0.421354 0.482701 0.017708 0.011161
0 0.427604 0.523996 0.017708 0.012277
0 0.461458 0.506417 0.029167 0.012835
0 0.492188 0.493583 0.019792 0.010603
0 0.418229 0.563616 0.067708 0.039062
0 0.484896 0.554129 0.046875 0.035714
0 0.504167 0.597377 0.022917 0.011719
0 0.535937 0.583705 0.015625 0.008929
0 0.540104 0.554129 0.017708 0.011161
0 0.570833 0.539900 0.029167 0.012835
0 0.596354 0.555246 0.019792 0.007812
0 0.589063 0.583984 0.026042 0.011719
0 0.518229 0.622210 0.013542 0.007812
0 0.527604 0.639230 0.013542 0.008371
0 0.634896 0.609654 0.059375 0.028460
0 0.657292 0.557199 0.033333 0.013951
0 0.633854 0.511440 0.017708 0.008371
0 0.640104 0.482422 0.023958 0.009487
0 0.555729 0.464007 0.023958 0.009487
0 0.618750 0.436663 0.039583 0.017299
0 0.700521 0.424107 0.065625 0.033482
0 0.657813 0.387835 0.073958 0.040179
0 0.723437 0.357980 0.023958 0.011719
0 0.780729 0.387835 0.065625 0.059152
0 0.707812 0.306920 0.059375 0.030134
0 0.742188 0.289900 0.023958 0.010603
0 0.612500 0.262556 0.016667 0.011719
0 0.585417 0.251674 0.025000 0.012277
0 0.657813 0.231585 0.028125 0.011161
0 0.809375 0.257812 0.031250 0.026786
0 0.799479 0.290458 0.053125 0.019531
0 0.850000 0.326451 0.079167 0.039062
0 0.927083 0.263114 0.047917 0.028460
0 0.919271 0.294643 0.034375 0.015625
0 0.939063 0.314174 0.042708 0.022321
0 0.986458 0.319754 0.027083 0.029018
0 0.932813 0.348493 0.034375 0.034040
0 0.901563 0.361607 0.034375 0.014509
0 0.970833 0.381696 0.058333 0.032366
0 0.884896 0.424386 0.036458 0.013951
0 0.992188 0.431362 0.015625 0.008929
0 0.915625 0.477679 0.039583 0.017857
0 0.951562 0.496094 0.028125 0.012277
0 0.989062 0.499721 0.011458 0.007254
0 0.815625 0.455636 0.027083 0.015067
0 0.785937 0.473214 0.036458 0.026786
0 0.811979 0.485212 0.032292 0.012835
0 0.695833 0.513672 0.077083 0.039621
0 0.739062 0.544364 0.051042 0.022879
0 0.794271 0.546038 0.015625 0.008371
0 0.875521 0.512556 0.023958 0.009487
0 0.930208 0.516462 0.031250 0.011719
0 0.982812 0.518694 0.034375 0.016183
0 0.983854 0.528181 0.032292 0.009487
0 0.978125 0.563337 0.014583 0.008371
0 0.921875 0.585658 0.131250 0.068638
0 0.961979 0.619141 0.015625 0.008371
0 0.931250 0.631975 0.014583 0.008371
0 0.916667 0.654855 0.018750 0.010603
0 0.940625 0.663504 0.022917 0.012277
0 0.911458 0.675223 0.033333 0.021205
0 0.876563 0.683873 0.015625 0.007254
0 0.854167 0.678571 0.018750 0.010045
0 0.813021 0.679688 0.017708 0.008929
0 0.788542 0.671038 0.018750 0.008371
0 0.827604 0.630022 0.015625 0.012277
0 0.834375 0.603237 0.020833 0.008929
0 0.758333 0.617188 0.077083 0.032366
0 0.744271 0.643415 0.015625 0.007812
0 0.801042 0.707310 0.056250 0.022879
0 0.844271 0.711217 0.026042 0.026228
0 0.865104 0.710938 0.015625 0.006696
0 0.894792 0.724609 0.016667 0.007254
0 0.948958 0.691685 0.041667 0.019531
0 0.970833 0.747210 0.014583 0.007812
0 0.816667 0.755301 0.018750 0.007254
0 0.837500 0.762277 0.016667 0.007812
0 0.988542 0.766462 0.022917 0.015067
0 0.779167 0.739955 0.016667 0.006696
0 0.792708 0.724051 0.020833 0.009487
0 0.812500 0.733259 0.018750 0.007812
0 0.734375 0.696987 0.027083 0.010045
0 0.653646 0.724051 0.026042 0.011719
0 0.684375 0.747768 0.027083 0.012277
0 0.713021 0.767857 0.021875 0.010045
0 0.576562 0.734654 0.023958 0.011719
0 0.542188 0.710100 0.019792 0.009487
0 0.606250 0.687500 0.022917 0.008929
0 0.576562 0.667690 0.021875 0.011719
0 0.630729 0.667690 0.053125 0.020647
0 0.682813 0.668806 0.021875 0.009487
0 0.525521 0.672433 0.028125 0.011161
0 0.488021 0.659877 0.019792 0.011719
0 0.516146 0.691406 0.017708 0.010045
0 0.500000 0.715960 0.025000 0.012277
0 0.529687 0.733259 0.044792 0.026786
0 0.478125 0.722098 0.018750 0.010045
0 0.450521 0.706752 0.090625 0.036272
0 0.459896 0.761440 0.015625 0.008371
0 0.529167 0.769810 0.025000 0.010603
0 0.442708 0.777902 0.020833 0.011161
0 0.348958 0.722377 0.039583 0.025112
0 0.318750 0.669364 0.020833 0.009487
0 0.409896 0.651786 0.017708 0.007812
0 0.360417 0.616071 0.016667 0.007812
0 0.317708 0.617746 0.037500 0.030134
0 0.265104 0.635045 0.026042 0.013393
0 0.227604 0.713449 0.042708 0.028460
0 0.163542 0.741350 0.043750 0.015067
0 0.122396 0.679129 0.019792 0.010045
0 0.071354 0.678850 0.065625 0.028460
0 0.027083 0.649275 0.052083 0.036272
0 0.081771 0.619420 0.028125 0.012277
0 0.004687 0.599888 0.009375 0.010045
0 0.068750 0.784040 0.020833 0.010045
0 0.006250 0.817801 0.012500 0.011719
0 0.053125 0.849609 0.020833 0.009487
0 0.144792 0.831473 0.016667 0.010045
0 0.176042 0.814732 0.022917 0.011161
0 0.229167 0.813895 0.018750 0.009487
0 0.221875 0.844866 0.020833 0.010045
0 0.281771 0.813337 0.019792 0.012835
0 0.313542 0.768694 0.018750 0.009487
0 0.420833 0.809431 0.018750 0.011719
0 0.968229 0.815569 0.011458 0.008371
0 0.679688 0.572266 0.021875 0.011719
1 0.924479 0.495536 0.151042 0.099330
0 0.232292 0.323940 0.070833 0.027344
1 0.324479 0.675223 0.063542 0.031250
0 0.588542 0.261998 0.068750 0.045201
