0 0.566650 0.588216 0.052246 0.069661
0 0.532471 0.681966 0.067871 0.090495
0 0.519531 0.614258 0.014648 0.020182
0 0.491943 0.631510 0.020996 0.040365
0 0.486572 0.582357 0.041504 0.047526
0 0.454346 0.666016 0.020020 0.028646
0 0.462646 0.562174 0.018066 0.024089
0 0.447998 0.594076 0.049316 0.072266
0 0.399902 0.616862 0.025391 0.035807
0 0.378906 0.655273 0.023438 0.033203
0 0.362061 0.673503 0.014160 0.016276
0 0.379150 0.592448 0.028809 0.037760
0 0.322754 0.695312 0.014648 0.018229
0 0.291016 0.674154 0.011719 0.014974
0 0.355957 0.566081 0.023438 0.029297
0 0.332031 0.601888 0.026367 0.027995
0 0.322266 0.539388 0.021484 0.024089
0 0.258545 0.650716 0.009277 0.014974
0 0.245361 0.594076 0.016113 0.021484
0 0.235352 0.527018 0.016602 0.024089
0 0.279785 0.451497 0.031250 0.035807
0 0.241699 0.418945 0.020508 0.021484
0 0.229980 0.285156 0.014648 0.028646
0 0.259033 0.312500 0.028809 0.037760
0 0.305420 0.234049 0.024902 0.038411
0 0.337158 0.261068 0.026855 0.033854
0 0.308105 0.322591 0.019531 0.017578
0 0.323730 0.368164 0.043945 0.054036
0 0.345947 0.331055 0.034668 0.048828
0 0.360840 0.223633 0.014648 0.020182
0 0.399170 0.321615 0.044434 0.054688
0 0.426025 0.220703 0.006348 0.007812
0 0.442871 0.243490 0.013672 0.022135
0 0.461914 0.207357 0.039062 0.054036
0 0.482666 0.172201 0.015137 0.017578
0 0.455566 0.307617 0.053711 0.080078
0 0.473633 0.270833 0.013672 0.023438
0 0.488037 0.235026 0.024902 0.022135
0 0.512939 0.201823 0.025879 0.035156
0 0.533203 0.155924 0.035156 0.052734
0 0.561035 0.181315 0.025391 0.033203
0 0.542480 0.223633 0.022461 0.041016
0 0.548828 0.282227 0.078125 0.099609
0 0.572754 0.243490 0.034180 0.040365
0 0.609375 0.157878 0.062500 0.070964
0 0.645508 0.180990 0.030273 0.037760
0 0.622314 0.227214 0.065918 0.069010
0 0.688232 0.272135 0.018066 0.026042
0 0.669189 0.315104 0.026855 0.035156
0 0.694824 0.352865 0.048828 0.058594
0 0.663330 0.386393 0.016113 0.022786
0 0.693359 0.439128 0.076172 0.124349
0 0.633789 0.467122 0.029297 0.033203
0 0.623291 0.399740 0.038574 0.040365
0 0.614014 0.334635 0.029785 0.040365
0 0.631836 0.289714 0.033203 0.045573
0 0.564453 0.355469 0.039062 0.031250
0 0.566406 0.412109 0.034180 0.050781
0 0.601318 0.444987 0.038574 0.050130
0 0.612061 0.509766 0.042480 0.063802
0 0.580322 0.481445 0.020996 0.029297
0 0.550781 0.455729 0.022461 0.036458
0 0.531494 0.498698 0.041504 0.065104
0 0.528809 0.400716 0.029297 0.034505
0 0.513428 0.364909 0.019043 0.027995
0 0.492676 0.405599 0.020508 0.028646
0 0.485840 0.359049 0.017578 0.021484
0 0.461670 0.377930 0.032715 0.030599
0 0.501953 0.481445 0.011719 0.013672
0 0.506104 0.508464 0.015137 0.022135
0 0.510254 0.548828 0.021484 0.029948
0 0.481445 0.521484 0.019531 0.023438
0 0.453613 0.448568 0.034180 0.042969
0 0.441406 0.417318 0.016602 0.024740
0 0.432861 0.478190 0.021973 0.014974
0 0.419434 0.457031 0.019531 0.026042
0 0.406006 0.558268 0.021973 0.027995
0 0.400146 0.490885 0.056152 0.074219
0 0.376953 0.530273 0.018555 0.022786
0 0.334717 0.438151 0.022949 0.027344
0 0.329590 0.413086 0.038086 0.022786
0 0.311768 0.441406 0.006348 0.009115
0 0.433105 0.349609 0.016602 0.024740
0 0.409424 0.392578 0.042480 0.033854
0 0.473633 0.996094 0.026367 0.007812
0 0.606689 0.972656 0.020020 0.023438
0 0.761230 0.031250 0.027344 0.046875
0 0.773438 0.095378 0.021484 0.027995
0 0.752197 0.140951 0.032715 0.038411
0 0.787598 0.163411 0.035156 0.042969
0 0.803223 0.230143 0.028320 0.055339
0 0.815918 0.316732 0.033203 0.041016
0 0.827393 0.389648 0.039551 0.065755
0 0.837646 0.460612 0.037598 0.050130
0 0.842041 0.535807 0.036621 0.048177
0 0.818848 0.579102 0.032227 0.039714
0 0.826416 0.652344 0.033691 0.042969
0 0.839844 0.722331 0.026367 0.033203
0 0.859619 0.682943 0.021973 0.031250
0 0.778320 0.732096 0.032227 0.041016
0 0.768066 0.657227 0.031250 0.057943
0 0.712158 0.672201 0.023926 0.029297
0 0.691406 0.711589 0.023438 0.032552
0 0.669922 0.746419 0.045898 0.054036
0 0.663086 0.780273 0.026367 0.014974
0 0.640137 0.717773 0.027344 0.048828
0 0.605713 0.763997 0.043457 0.043620
0 0.607910 0.686523 0.020508 0.031901
0 0.583496 0.723958 0.030273 0.046875
0 0.566650 0.775065 0.020996 0.029297
0 0.537598 0.756510 0.024414 0.033854
0 0.518311 0.789388 0.029785 0.042318
0 0.497070 0.815755 0.029297 0.015625
0 0.471191 0.794271 0.036133 0.049479
0 0.468262 0.735677 0.041992 0.054688
0 0.480469 0.692708 0.018555 0.027344
0 0.429932 0.712891 0.028809 0.039062
0 0.400879 0.835286 0.037109 0.011719
0 0.354492 0.847005 0.018555 0.011719
0 0.269775 0.864909 0.015137 0.009766
0 0.387451 0.717122 0.030762 0.039714
0 0.369873 0.756185 0.020996 0.029297
0 0.377930 0.821289 0.043945 0.033203
0 0.352051 0.760742 0.019531 0.039714
0 0.340332 0.730469 0.011719 0.020833
0 0.322021 0.765299 0.008301 0.013672
0 0.306152 0.805013 0.007812 0.016276
0 0.289551 0.844076 0.011719 0.020182
0 0.243652 0.827474 0.012695 0.014323
0 0.217773 0.815104 0.014648 0.023438
0 0.232910 0.773112 0.024414 0.027995
0 0.205566 0.751628 0.012695 0.018880
0 0.281982 0.763021 0.016113 0.020833
0 0.208008 0.667318 0.015625 0.024740
0 0.191162 0.699544 0.012207 0.016276
0 0.177734 0.642904 0.011719 0.013672
0 0.195801 0.606445 0.026367 0.033203
0 0.163330 0.580078 0.012207 0.015625
0 0.213867 0.569010 0.012695 0.015625
0 0.178467 0.543294 0.012207 0.016276
0 0.200439 0.502604 0.010254 0.014323
0 0.164551 0.474609 0.018555 0.024740
0 0.133789 0.442057 0.017578 0.031250
0 0.157715 0.398763 0.027344 0.035807
0 0.177979 0.359049 0.018066 0.025391
0 0.128662 0.371745 0.018066 0.023438
0 0.147949 0.332357 0.010742 0.014974
0 0.138672 0.262370 0.058594 0.078125
0 0.166504 0.222331 0.014648 0.020182
0 0.131592 0.195964 0.020020 0.033854
0 0.106201 0.164388 0.012207 0.016276
0 0.129150 0.127279 0.026855 0.033203
0 0.180908 0.120443 0.020020 0.023438
0 0.206299 0.086263 0.013184 0.022786
0 0.190186 0.187500 0.012207 0.014323
0 0.259277 0.078451 0.028320 0.041016
0 0.280762 0.049805 0.025391 0.016276
0 0.291016 0.107747 0.025391 0.038411
0 0.333252 0.039062 0.018066 0.018229
0 0.319580 0.132812 0.028809 0.044271
0 0.300537 0.172201 0.035645 0.046224
0 0.350342 0.162760 0.037598 0.035156
0 0.364258 0.061198 0.018555 0.026042
0 0.386719 0.027669 0.018555 0.020182
0 0.393311 0.088216 0.031738 0.037109
0 0.426025 0.114258 0.043457 0.052734
0 0.416748 0.053385 0.024902 0.062500
0 0.443359 0.079102 0.022461 0.026693
0 0.497803 0.090820 0.015137 0.022786
0 0.508057 0.027018 0.035645 0.039714
0 0.521729 0.094076 0.025879 0.039714
0 0.559326 0.016276 0.021973 0.032552
0 0.571289 0.074870 0.040039 0.063802
0 0.582520 0.133464 0.021484 0.026042
0 0.600586 0.093750 0.029297 0.046875
0 0.620117 0.050781 0.021484 0.028646
0 0.673340 0.030599 0.028320 0.035156
0 0.685303 0.097005 0.021973 0.027344
0 0.696777 0.130534 0.017578 0.016276
0 0.697266 0.161784 0.018555 0.022786
0 0.798584 0.430990 0.021973 0.029948
0 0.764648 0.400716 0.054688 0.069661
0 0.755859 0.331706 0.027344 0.037109
0 0.732666 0.373372 0.020020 0.025391
0 0.778320 0.512370 0.018555 0.024740
0 0.761963 0.588542 0.020020 0.027344
0 0.728516 0.557943 0.030273 0.045573
0 0.703857 0.598958 0.048340 0.053385
0 0.672363 0.568359 0.023438 0.033854
0 0.692871 0.526367 0.040039 0.043620
0 0.663330 0.500000 0.023926 0.035156
0 0.683350 0.640299 0.036621 0.043620
0 0.658936 0.676432 0.036621 0.050781
0 0.625732 0.645833 0.032715 0.045573
0 0.621582 0.580729 0.049805 0.074219
0 0.577148 0.656250 0.018555 0.026042
