0 0.057943 0.657959 0.115885 0.109863
0 0.048828 0.793457 0.097656 0.072266
0 0.121419 0.723145 0.064453 0.050781
0 0.213867 0.822998 0.126953 0.058105
0 0.338542 0.800781 0.041667 0.029297
0 0.396484 0.829834 0.080729 0.073730
0 0.475260 0.840088 0.044271 0.041504
0 0.554688 0.860596 0.063802 0.056152
0 0.584961 0.832031 0.076172 0.058594
0 0.613607 0.798828 0.027995 0.028320
0 0.626953 0.857910 0.065104 0.049805
0 0.676107 0.852539 0.060547 0.064453
0 0.720378 0.802002 0.025391 0.020020
0 0.672526 0.802979 0.045573 0.038574
0 0.780273 0.809814 0.061849 0.057129
0 0.704102 0.744629 0.042318 0.050781
0 0.750326 0.748291 0.051432 0.051270
0 0.786458 0.758057 0.048177 0.051270
0 0.923177 0.751953 0.028646 0.021484
0 0.946289 0.721191 0.030599 0.025391
0 0.845703 0.676270 0.027344 0.021484
0 0.872070 0.656250 0.026693 0.022461
0 0.937826 0.691406 0.050130 0.039062
0 0.961914 0.653809 0.027995 0.022461
0 0.918945 0.615967 0.029297 0.025879
0 0.958008 0.577637 0.022786 0.015625
0 0.977539 0.580811 0.025391 0.016113
0 0.969401 0.545898 0.061198 0.053711
0 0.923177 0.527100 0.046875 0.042480
0 0.932943 0.485107 0.022135 0.018066
0 0.820638 0.571289 0.031901 0.034180
0 0.767578 0.585693 0.031250 0.030762
0 0.792969 0.578857 0.031250 0.030762
0 0.719076 0.641846 0.046224 0.036621
0 0.727865 0.697998 0.061198 0.029785
0 0.759766 0.650391 0.065104 0.065430
0 0.690104 0.672607 0.058594 0.043457
0 0.618490 0.695801 0.032552 0.032227
0 0.583008 0.677246 0.022786 0.025391
0 0.541341 0.738525 0.050130 0.052246
0 0.505534 0.703369 0.068359 0.046387
0 0.522786 0.671631 0.059896 0.049316
0 0.458008 0.665771 0.037109 0.031738
0 0.395833 0.729004 0.066406 0.054688
0 0.330404 0.703613 0.134766 0.108398
0 0.380859 0.660645 0.058594 0.051758
0 0.346354 0.644043 0.033854 0.041016
0 0.300781 0.598877 0.058594 0.035645
0 0.247396 0.585693 0.063802 0.036621
0 0.253906 0.665039 0.080729 0.075195
0 0.207357 0.656738 0.067057 0.062500
0 0.149414 0.677734 0.147786 0.076172
0 0.183594 0.611084 0.065104 0.032715
0 0.169596 0.583740 0.038411 0.021973
0 0.138997 0.572266 0.029297 0.031250
0 0.117839 0.540527 0.045573 0.057617
0 0.012695 0.530029 0.025391 0.091309
0 0.044922 0.457520 0.052083 0.045898
0 0.153646 0.475830 0.041667 0.026855
0 0.183268 0.512939 0.042318 0.030762
0 0.184570 0.548828 0.065755 0.049805
0 0.255208 0.533447 0.096354 0.064941
0 0.300456 0.575195 0.050130 0.029297
0 0.422526 0.621582 0.074219 0.071289
0 0.504883 0.606201 0.054036 0.040527
0 0.460938 0.566650 0.049479 0.034668
0 0.398112 0.564453 0.044922 0.023438
0 0.341471 0.518066 0.073568 0.053711
0 0.293620 0.501709 0.067708 0.039551
0 0.261393 0.454346 0.094401 0.082520
0 0.181315 0.391602 0.063151 0.047852
0 0.040365 0.366699 0.052083 0.080078
0 0.116862 0.357178 0.117839 0.067871
0 0.097982 0.297607 0.046224 0.027832
0 0.074870 0.204346 0.044271 0.046387
0 0.149089 0.139404 0.100260 0.063965
0 0.161458 0.229492 0.092448 0.062500
0 0.226888 0.368164 0.068359 0.056641
0 0.294271 0.394043 0.055990 0.051758
0 0.286784 0.348145 0.059245 0.056641
0 0.340820 0.355469 0.070964 0.061523
0 0.318359 0.431641 0.055990 0.058594
0 0.366536 0.407227 0.052083 0.047852
0 0.261719 0.260986 0.067708 0.056152
0 0.245443 0.180420 0.049479 0.038574
0 0.264648 0.123047 0.057943 0.045898
0 0.217773 0.095947 0.052734 0.022949
0 0.348633 0.244629 0.056641 0.048828
0 0.326172 0.218018 0.049479 0.036621
0 0.362956 0.160156 0.039714 0.042969
0 0.445312 0.141602 0.058594 0.046875
0 0.383464 0.229004 0.061198 0.046875
0 0.416341 0.234131 0.054036 0.041504
0 0.430664 0.324463 0.141276 0.093262
0 0.519857 0.264160 0.054036 0.045898
0 0.452799 0.305420 0.041016 0.028809
0 0.504557 0.292236 0.052083 0.046387
0 0.500977 0.354004 0.037109 0.028320
0 0.450521 0.376221 0.046875 0.032715
0 0.479492 0.395264 0.041016 0.028809
0 0.500000 0.384521 0.041667 0.042480
0 0.423503 0.422363 0.052734 0.038086
0 0.396484 0.448975 0.035156 0.034668
0 0.448568 0.481445 0.037760 0.023438
0 0.472982 0.464355 0.035807 0.033203
0 0.446289 0.514648 0.052734 0.035156
0 0.488281 0.575195 0.033854 0.029297
0 0.511719 0.550781 0.013021 0.009766
0 0.529948 0.531494 0.031250 0.024902
0 0.528646 0.552002 0.024740 0.018066
0 0.576497 0.568604 0.022786 0.020996
0 0.588216 0.516602 0.035807 0.029297
0 0.540039 0.491211 0.070964 0.078125
0 0.546224 0.429199 0.039062 0.029297
0 0.516927 0.498535 0.011719 0.009766
0 0.554688 0.548584 0.035156 0.030762
0 0.615234 0.557617 0.023438 0.021484
0 0.666016 0.568604 0.045573 0.059082
0 0.656250 0.506592 0.049479 0.034668
0 0.580404 0.460693 0.067057 0.051270
0 0.611979 0.488281 0.026042 0.016602
0 0.637695 0.449463 0.056641 0.044434
0 0.629883 0.415771 0.091797 0.070801
0 0.635417 0.380127 0.048177 0.043457
0 0.545898 0.396973 0.035807 0.028320
0 0.695312 0.455078 0.040365 0.043945
0 0.596887 0.451573 0.042732 0.043772
0 0.567708 0.358154 0.033854 0.035645
0 0.587240 0.308594 0.075521 0.057617
0 0.624674 0.296875 0.038411 0.046875
0 0.561849 0.287109 0.042969 0.037109
0 0.600911 0.243408 0.092448 0.065918
0 0.534831 0.216797 0.061849 0.044922
0 0.643229 0.227539 0.032552 0.030273
0 0.649740 0.195068 0.035156 0.028809
0 0.499674 0.225098 0.035807 0.037109
0 0.513021 0.173340 0.087240 0.078125
0 0.798828 0.263428 0.029948 0.029785
0 0.812826 0.293457 0.035807 0.037109
0 0.807617 0.325439 0.026693 0.027832
0 0.765951 0.306152 0.033203 0.033203
0 0.717122 0.288330 0.030599 0.027832
0 0.677409 0.330566 0.030599 0.030273
0 0.726562 0.350830 0.022135 0.020996
0 0.774089 0.368164 0.049479 0.059570
0 0.824544 0.357666 0.041016 0.032715
0 0.853516 0.341553 0.037760 0.043457
0 0.780599 0.422607 0.076823 0.091309
0 0.736003 0.413086 0.025391 0.023438
0 0.686849 0.395996 0.024740 0.021484
0 0.827148 0.440674 0.025391 0.021973
0 0.857422 0.448242 0.020833 0.017578
0 0.883789 0.434814 0.021484 0.018066
0 0.907227 0.418945 0.025391 0.021484
0 0.793620 0.484863 0.028646 0.020508
0 0.772135 0.499512 0.033854 0.029297
0 0.764648 0.529785 0.034505 0.027344
0 0.715495 0.520752 0.052083 0.041504
0 0.725911 0.578369 0.053385 0.044434
0 0.804362 0.535889 0.030599 0.036621
0 0.601237 0.635498 0.106120 0.094238
0 0.669922 0.616211 0.040365 0.035156
0 0.989909 0.437744 0.020182 0.031738
0 0.997721 0.387207 0.004557 0.023438
0 0.959961 0.336426 0.026693 0.023438
0 0.953125 0.319092 0.014323 0.018066
0 0.628581 0.620361 0.064453 0.050293
1 0.711589 0.654053 0.143229 0.123535
0 0.667643 0.259521 0.059245 0.046387
0 0.668945 0.252686 0.017578 0.011230
0 0.577148 0.338135 0.042318 0.023926
1 0.463216 0.353760 0.426432 0.313965
1 0.324219 0.553955 0.464844 0.239746
