1 0.675625 0.431115 0.221250 0.151828
1 0.513125 0.527179 0.206250 0.156514
1 0.421875 0.272727 0.188750 0.133083
1 0.300625 0.313964 0.183750 0.110590
0 0.145000 0.606842 0.060000 0.092784
0 0.489375 0.054827 0.038750 0.038425
1 0.491250 0.411434 0.205000 0.138707
0 0.206250 0.799438 0.065000 0.106842
0 0.897500 0.030459 0.095000 0.032802
0 0.272500 0.838800 0.045000 0.056232
0 0.350000 0.117151 0.037500 0.037488
0 0.295625 0.243205 0.038750 0.034677
0 0.252500 0.629803 0.027500 0.043112
1 0.325000 0.411903 0.182500 0.156514
0 0.102500 0.958763 0.032500 0.056232
0 0.089375 0.530459 0.056250 0.046860
0 0.161250 0.168697 0.050000 0.044986
0 0.401250 0.766167 0.052500 0.021556
0 0.175625 0.722587 0.046250 0.050609
0 0.951875 0.450328 0.051250 0.021556
0 0.987500 0.412840 0.022500 0.017807
0 0.975625 0.346298 0.021250 0.017807
0 0.963750 0.409560 0.020000 0.009372
0 0.658125 0.822399 0.021250 0.036551
0 0.498306 0.958126 0.044112 0.013721
0 0.627537 0.560764 0.025075 0.038116
0 0.592900 0.032231 0.033300 0.010103
0 0.473188 0.612123 0.053875 0.028369
