1 0.586250 0.634021 0.210000 0.171509
1 0.463125 0.509372 0.216250 0.160262
1 0.805625 0.449859 0.183750 0.146204
1 0.755625 0.357545 0.153750 0.141518
0 0.370625 0.230084 0.126250 0.047798
1 0.618750 0.497188 0.192500 0.158388
0 0.111250 0.269916 0.145000 0.052484
0 0.056875 0.317713 0.076250 0.035614
0 0.994375 0.400187 0.011250 0.028116
0 0.850000 0.356139 0.047500 0.029991
0 0.335625 0.310216 0.058750 0.022493
1 0.623750 0.372071 0.215000 0.142455
0 0.473750 0.191659 0.065000 0.044049
0 0.953125 0.257732 0.061250 0.039363
0 0.148750 0.416589 0.030000 0.040300
0 0.214375 0.249766 0.068750 0.036551
0 0.551250 0.840675 0.030000 0.039363
0 0.600000 0.868322 0.025000 0.017807
0 0.688750 0.862231 0.025000 0.016870
0 0.604375 0.850984 0.013750 0.014995
0 0.065000 0.607310 0.050000 0.016870
0 0.413750 0.593721 0.052500 0.019681
0 0.351875 0.476101 0.038750 0.041237
