0 0.965625 0.479381 0.068750 0.068416
1 0.175625 0.208529 0.156250 0.113402
1 0.034375 0.279756 0.068750 0.062793
0 0.504375 0.407685 0.086250 0.050609
0 0.868125 0.745080 0.103750 0.074977
0 0.335000 0.484536 0.072500 0.050609
0 0.438750 0.415183 0.062500 0.041237
1 0.635000 0.169166 0.210000 0.105904
0 0.703750 0.383318 0.047500 0.033739
1 0.696250 0.620431 0.465000 0.185567
1 0.297500 0.658857 0.477500 0.163074
0 0.299375 0.171978 0.063750 0.036551
0 0.475625 0.467198 0.088750 0.049672
0 0.823750 0.807873 0.037500 0.033739
1 0.341250 0.552015 0.252500 0.082474
1 0.897500 0.745080 0.205000 0.234302
0 0.809375 0.281162 0.263750 0.178069
1 0.193750 0.292409 0.052500 0.041237
0 0.682500 0.493908 0.037500 0.028116
0 0.828750 0.399250 0.055000 0.041237
0 0.086875 0.686036 0.066250 0.050609
1 0.079375 0.865042 0.111250 0.056232
0 0.231250 0.272727 0.057500 0.041237
0 0.923125 0.126054 0.061250 0.038425
0 0.658125 0.486879 0.046250 0.034677
0 0.595000 0.628866 0.077500 0.054358
0 0.325000 0.532334 0.140000 0.043112
0 0.563125 0.658857 0.043750 0.033739
0 0.812500 0.413308 0.067500 0.048735
0 0.586875 0.429709 0.063750 0.044049
0 0.535000 0.470009 0.052500 0.049672
0 0.365000 0.136832 0.077500 0.016870
0 0.715000 0.533739 0.075000 0.029053
0 0.603125 0.667291 0.018750 0.014995
0 0.990625 0.845829 0.018750 0.019681
0 0.141250 0.379100 0.020000 0.015933
0 0.068125 0.555764 0.021250 0.014995
0 0.178125 0.628866 0.026250 0.016870
0 0.231250 0.376289 0.022500 0.017807
0 0.021250 0.555764 0.025000 0.014995
0 0.227500 0.304592 0.022500 0.016870
0 0.305625 0.607310 0.026250 0.014995
0 0.380625 0.482193 0.018750 0.014058
0 0.204375 0.651828 0.033750 0.015933
0 0.359375 0.159794 0.013750 0.010309
0 0.294375 0.469072 0.018750 0.014058
0 0.260625 0.139644 0.026250 0.011246
0 0.828750 0.462980 0.070000 0.035614
1 0.130000 0.183224 0.047500 0.029053
1 0.266250 0.171509 0.030000 0.029991
1 0.135625 0.161200 0.093750 0.046860
0 0.165625 0.142924 0.018750 0.010309
0 0.296250 0.146673 0.042500 0.029053
0 0.453750 0.132146 0.032500 0.011246
0 0.448125 0.140112 0.023750 0.012184
0 0.878750 0.118088 0.070000 0.018744
1 0.771250 0.126054 0.107500 0.027179
0 0.820625 0.798032 0.016250 0.012184
