1 0.605000 0.824742 0.157500 0.134958
1 0.688750 0.617151 0.172500 0.117151
0 0.786250 0.624649 0.132500 0.111528
1 0.760000 0.746954 0.162500 0.133083
0 0.683125 0.453140 0.076250 0.122774
0 0.239375 0.487348 0.096250 0.078725
0 0.930000 0.860356 0.050000 0.033739
0 0.111250 0.641050 0.052500 0.067479
1 0.668750 0.201968 0.147500 0.141518
0 0.641250 0.707123 0.045000 0.098407
0 0.298119 0.714620 0.078738 0.053421
0 0.712500 0.765698 0.065000 0.076851
0 0.476875 0.383318 0.021250 0.059981
0 0.731250 0.369260 0.015000 0.029991
0 0.712500 0.370197 0.015000 0.029991
1 0.265325 0.740028 0.170650 0.149222
0 0.637931 0.657170 0.020863 0.011621
0 0.639481 0.648538 0.023963 0.013102
0 0.993519 0.701148 0.012038 0.015230
1 0.056700 0.797507 0.055900 0.072990
1 0.023238 0.805769 0.046475 0.050150
0 0.028363 0.667104 0.014225 0.014620
0 0.038812 0.682334 0.012625 0.009466
0 0.031069 0.688796 0.009638 0.007395
0 0.020969 0.685993 0.011938 0.009288
0 0.009144 0.682324 0.010788 0.007573
0 0.055050 0.696982 0.010100 0.008772
0 0.002869 0.688805 0.005737 0.009288
