0 0.093125 0.802718 0.076250 0.051546
0 0.336875 0.762418 0.073750 0.047798
0 0.326875 0.678069 0.093750 0.053421
0 0.357500 0.417994 0.067500 0.029991
0 0.618125 0.656045 0.096250 0.056232
0 0.450000 0.585286 0.107500 0.059044
0 0.769375 0.157919 0.051250 0.047798
0 0.874375 0.297563 0.051250 0.032802
0 0.978750 0.198219 0.037500 0.038425
0 0.058125 0.872540 0.068750 0.044986
0 0.960625 0.086223 0.068750 0.046860
0 0.225625 0.394096 0.048750 0.040300
1 0.726250 0.395501 0.367500 0.138707
0 0.280000 0.395970 0.050000 0.032802
0 0.722500 0.428772 0.097500 0.055295
0 0.171250 0.591378 0.060000 0.043112
0 0.493750 0.551078 0.072500 0.026242
0 0.426875 0.258201 0.061250 0.057170
0 0.910000 0.653233 0.062500 0.035614
0 0.164375 0.243674 0.058750 0.037488
0 0.166875 0.404405 0.073750 0.019681
1 0.597013 0.799906 0.096525 0.062793
0 0.342163 0.148425 0.051825 0.040056
0 0.478750 0.283974 0.085000 0.037488
0 0.135625 0.471415 0.038750 0.026242
0 0.225625 0.198219 0.061250 0.030928
0 0.878750 0.780225 0.052500 0.023430
1 0.838175 0.598561 0.186350 0.123083
1 0.910613 0.728210 0.146225 0.129335
0 0.226875 0.553421 0.231250 0.025305
1 0.526875 0.104030 0.136250 0.086223
0 0.163750 0.101218 0.060000 0.033739
1 0.041875 0.475164 0.083750 0.159325
0 0.051250 0.095127 0.102500 0.122774
0 0.779375 0.627929 0.026250 0.024367
0 0.852169 0.823660 0.026838 0.022202
0 0.593431 0.756354 0.214363 0.056289
0 0.646294 0.798594 0.012587 0.028304
1 0.859150 0.818533 0.093300 0.056935
0 0.992269 0.892207 0.014538 0.014967
0 0.908356 0.761204 0.011712 0.009756
1 0.884638 0.647863 0.201775 0.075483
0 0.933925 0.550979 0.040350 0.018547
0 0.560344 0.378880 0.038187 0.036111
0 0.530963 0.443238 0.016925 0.020497
0 0.775681 0.447268 0.023862 0.026682
0 0.774206 0.243946 0.033412 0.013664
1 0.863044 0.154349 0.273587 0.213102
0 0.502625 0.092638 0.037750 0.024077
0 0.544094 0.087381 0.038187 0.026682
0 0.190231 0.288608 0.042962 0.052381
