1 0.402500 0.549203 0.232500 0.174321
1 0.280000 0.766635 0.200000 0.159325
0 0.315000 0.346767 0.220000 0.172446
0 0.520625 0.167760 0.156250 0.114339
0 0.256875 0.100281 0.156250 0.116214
1 0.461875 0.936739 0.196250 0.126523
1 0.263750 0.895501 0.222500 0.147142
0 0.702500 0.228210 0.067500 0.049672
0 0.902500 0.304592 0.195000 0.189316
0 0.616875 0.697751 0.051250 0.044049
0 0.958125 0.897844 0.081250 0.052484
0 0.565625 0.697751 0.048750 0.034677
0 0.611875 0.545923 0.056250 0.047798
0 0.603750 0.384255 0.042500 0.035614
0 0.558125 0.619025 0.056250 0.049672
0 0.605000 0.429241 0.052500 0.035614
0 0.087500 0.095127 0.042500 0.040300
0 0.711250 0.427366 0.045000 0.037488
0 0.190625 0.241799 0.041250 0.039363
0 0.505000 0.430178 0.035000 0.028116
0 0.411250 0.599813 0.042500 0.026242
0 0.972500 0.449606 0.055000 0.132577
0 0.014375 0.103093 0.028750 0.059981
0 0.794375 0.779288 0.048750 0.036551
0 0.015000 0.290534 0.030000 0.031865
0 0.602500 0.272259 0.037500 0.027179
0 0.567500 0.269447 0.035000 0.025305
0 0.511875 0.736645 0.036250 0.024367
0 0.519375 0.777413 0.023750 0.021556
0 0.716250 0.618088 0.020000 0.012184
0 0.510000 0.621368 0.037500 0.024367
0 0.512500 0.698688 0.035000 0.025305
0 0.986250 0.613871 0.025000 0.016870
0 0.531250 0.955014 0.015000 0.016870
0 0.506875 0.924086 0.018750 0.018744
0 0.501275 0.391771 0.037550 0.028154
0 0.656394 0.832006 0.020287 0.010778
0 0.853819 0.849953 0.010137 0.009185
1 0.829194 0.841809 0.180888 0.116607
1 0.921756 0.830122 0.156012 0.209447
