1 0.935000 0.251172 0.130000 0.097470
1 0.858125 0.543580 0.111250 0.108716
0 0.035000 0.682287 0.070000 0.073102
0 0.396250 0.207123 0.085000 0.054358
1 0.911250 0.756326 0.177500 0.103093
1 0.781462 0.371134 0.172925 0.123711
1 0.809375 0.866448 0.131250 0.105904
1 0.758125 0.668229 0.113750 0.097470
0 0.674375 0.184630 0.121250 0.046860
0 0.182500 0.562793 0.082500 0.057170
0 0.136875 0.403468 0.083750 0.044049
0 0.265625 0.124649 0.073750 0.054358
0 0.535625 0.694470 0.083750 0.059981
0 0.060625 0.747891 0.081250 0.050609
1 0.809375 0.609185 0.131250 0.119963
0 0.215625 0.425023 0.081250 0.055295
0 0.164375 0.455483 0.051250 0.041237
0 0.303750 0.260544 0.072500 0.046860
1 0.859375 0.811153 0.091250 0.113402
0 0.695000 0.239925 0.035000 0.031865
0 0.092500 0.321931 0.045000 0.045923
0 0.358750 0.536082 0.067500 0.043112
0 0.227500 0.380506 0.060000 0.050609
0 0.573750 0.419400 0.045000 0.023430
0 0.323750 0.329428 0.042500 0.025305
0 0.611250 0.419400 0.077500 0.060918
0 0.295000 0.649953 0.042500 0.025305
0 0.915625 0.400656 0.036250 0.032802
0 0.014375 0.436270 0.028750 0.042174
0 0.020625 0.630272 0.041250 0.066542
0 0.170000 0.518744 0.040000 0.038425
1 0.869963 0.314803 0.089925 0.123515
0 0.948750 0.315370 0.037500 0.032802
1 0.833975 0.424475 0.122950 0.095436
1 0.958750 0.704780 0.082500 0.108716
0 0.686875 0.643861 0.058750 0.031865
0 0.393750 0.266167 0.080000 0.058107
0 0.372500 0.509372 0.052500 0.032802
0 0.076875 0.629335 0.083750 0.068416
0 0.483125 0.694939 0.041250 0.032802
0 0.015000 0.156982 0.030000 0.027179
0 0.688125 0.369260 0.033750 0.026242
0 0.808750 0.474695 0.035000 0.021556
0 0.560000 0.320525 0.025000 0.014995
0 0.522500 0.309747 0.025000 0.015933
0 0.256250 0.573102 0.027500 0.012184
0 0.123750 0.814902 0.032500 0.015933
0 0.212500 0.484067 0.030000 0.015933
0 0.271875 0.786317 0.023750 0.013121
0 0.903750 0.779288 0.015000 0.010309
0 0.191250 0.685567 0.027500 0.012184
0 0.485625 0.670103 0.028750 0.028116
0 0.228125 0.735239 0.026250 0.012184
0 0.212500 0.514995 0.025000 0.019681
0 0.445625 0.502812 0.021250 0.010309
0 0.025000 0.891753 0.022500 0.010309
0 0.142500 0.602624 0.040000 0.016870
0 0.088750 0.865042 0.030000 0.013121
0 0.048125 0.778351 0.026250 0.014058
0 0.127500 0.514995 0.020000 0.012184
0 0.127500 0.838332 0.022500 0.015933
0 0.202087 0.814124 0.014175 0.010628
0 0.207613 0.824086 0.010225 0.006186
0 0.224769 0.655675 0.027037 0.021753
0 0.183094 0.601978 0.028687 0.015576
0 0.051044 0.590825 0.022088 0.010141
0 0.438806 0.514344 0.020112 0.010881
1 0.953263 0.324311 0.094025 0.112540
1 0.910806 0.379021 0.076613 0.122615
0 0.692969 0.556720 0.013437 0.009410
0 0.608550 0.564916 0.012100 0.007057
0 0.966012 0.657741 0.017025 0.012765
