0 0.022500 0.161351 0.045000 0.078799
0 0.160625 0.340525 0.066250 0.084428
0 0.338125 0.125704 0.106250 0.131332
0 0.608750 0.091932 0.102500 0.183865
0 0.515000 0.378987 0.035000 0.108818
0 0.335625 0.550657 0.061250 0.140713
0 0.096250 0.708255 0.067500 0.058161
0 0.143125 0.536585 0.063750 0.101313
0 0.284375 0.845216 0.056250 0.084428
0 0.440625 0.772045 0.063750 0.103189
0 0.625000 0.868668 0.062500 0.142589
0 0.731875 0.590056 0.063750 0.091932
0 0.948750 0.693246 0.065000 0.069418
0 0.899375 0.325516 0.083750 0.174484
