1 0.875000 0.289128 0.250000 0.184630
0 0.985625 0.355201 0.028750 0.069353
0 0.404375 0.712746 0.161250 0.120900
1 0.947500 0.243205 0.105000 0.147142
1 0.601875 0.239925 0.201250 0.196813
0 0.885000 0.709934 0.075000 0.055295
0 0.522500 0.855201 0.107500 0.064667
0 0.648750 0.811153 0.092500 0.064667
1 0.493750 0.172446 0.270000 0.129335
0 0.606250 0.772259 0.077500 0.059981
0 0.315000 0.427366 0.055000 0.043112
0 0.193125 0.533271 0.048750 0.026242
0 0.931250 0.377226 0.097500 0.074039
0 0.188750 0.337863 0.042500 0.034677
0 0.593125 0.868322 0.063750 0.049672
0 0.292500 0.380975 0.050000 0.030928
0 0.738125 0.249297 0.046250 0.033739
0 0.561250 0.694470 0.045000 0.039363
0 0.104375 0.420337 0.048750 0.029053
0 0.418750 0.306935 0.052500 0.038425
0 0.131875 0.136832 0.048750 0.031865
0 0.218125 0.422680 0.058750 0.043112
0 0.219375 0.467666 0.046250 0.029991
0 0.338125 0.514527 0.043750 0.029991
0 0.174375 0.815839 0.073750 0.057170
0 0.679375 0.883318 0.076250 0.042174
0 0.390625 0.277413 0.051250 0.041237
0 0.361875 0.828960 0.071250 0.047798
1 0.817500 0.856139 0.247500 0.145267
0 0.605000 0.414246 0.035000 0.052484
1 0.290000 0.798969 0.307500 0.143393
0 0.331875 0.845829 0.076250 0.036551
0 0.586250 0.539363 0.032500 0.057170
0 0.558750 0.547329 0.037500 0.056232
1 0.765000 0.200094 0.170000 0.111528
0 0.219375 0.155108 0.033750 0.029053
0 0.102500 0.201031 0.030000 0.030928
0 0.096875 0.176664 0.033750 0.025305
0 0.331250 0.396907 0.027500 0.019681
0 0.508125 0.192127 0.023750 0.013121
0 0.113125 0.383786 0.031250 0.015933
0 0.593125 0.472352 0.038750 0.029991
0 0.513750 0.575914 0.032500 0.027179
0 0.660000 0.572165 0.030000 0.027179
0 0.821250 0.367854 0.032500 0.025305
0 0.883125 0.242737 0.018750 0.014995
0 0.665625 0.551078 0.021250 0.018744
0 0.184375 0.333177 0.016250 0.014058
0 0.280625 0.377226 0.013750 0.012184
0 0.296250 0.387535 0.037500 0.027179
0 0.326875 0.390347 0.016250 0.012184
0 0.849375 0.350515 0.026250 0.016870
0 0.901875 0.888004 0.018750 0.023430
