1 0.837500 0.750234 0.212500 0.175258
0 0.769375 0.861762 0.083750 0.060918
0 0.205625 0.462512 0.141250 0.105904
1 0.912500 0.838800 0.175000 0.153702
1 0.858750 0.534677 0.240000 0.124649
0 0.284375 0.817713 0.063750 0.049672
0 0.036250 0.571696 0.072500 0.073102
0 0.113750 0.658388 0.075000 0.060918
1 0.931250 0.444236 0.135000 0.189316
0 0.158750 0.621368 0.070000 0.050609
0 0.566875 0.351453 0.051250 0.035614
0 0.408125 0.277413 0.028750 0.033739
0 0.729375 0.799438 0.086250 0.063730
0 0.665625 0.244142 0.041250 0.027179
0 0.029375 0.626054 0.058750 0.041237
0 0.624756 0.327034 0.034513 0.033636
0 0.868125 0.636832 0.038750 0.030928
0 0.253750 0.575445 0.047500 0.028116
0 0.543750 0.194470 0.032500 0.032802
0 0.071250 0.155576 0.037500 0.033739
0 0.741250 0.409091 0.045000 0.034677
0 0.920625 0.170103 0.036250 0.032802
0 0.557500 0.278819 0.050000 0.038425
0 0.499375 0.287254 0.033750 0.030928
0 0.455625 0.381912 0.033750 0.029053
0 0.033750 0.307873 0.067500 0.047798
0 0.023125 0.692596 0.046250 0.052484
0 0.776875 0.383786 0.048750 0.032802
0 0.045000 0.449391 0.055000 0.047798
1 0.080000 0.814433 0.160000 0.215558
0 0.630000 0.564199 0.067500 0.018744
1 0.073750 0.390820 0.147500 0.215567
0 0.018750 0.429709 0.037500 0.053421
0 0.461875 0.569353 0.073750 0.015933
0 0.446875 0.550609 0.071250 0.019681
1 0.936581 0.649545 0.125663 0.114461
0 0.119375 0.141050 0.026250 0.023430
0 0.910000 0.237582 0.035000 0.021556
0 0.831250 0.158388 0.037500 0.018744
0 0.863750 0.150890 0.030000 0.022493
0 0.610225 0.358482 0.022950 0.017807
0 0.906875 0.457357 0.013750 0.016870
0 0.592500 0.195408 0.017500 0.021556
0 0.551250 0.564667 0.035000 0.025305
0 0.402500 0.522024 0.032500 0.020619
0 0.430000 0.629803 0.032500 0.018744
0 0.725000 0.716495 0.030000 0.021556
0 0.898750 0.743674 0.017500 0.012184
0 0.971250 0.860825 0.020000 0.014058
0 0.458750 0.630740 0.022500 0.013121
0 0.670563 0.239578 0.016125 0.010553
0 0.627625 0.317315 0.015250 0.008575
0 0.616637 0.330961 0.030775 0.024620
0 0.618138 0.354855 0.013775 0.010553
0 0.751981 0.735426 0.018963 0.018182
0 0.052862 0.857709 0.028225 0.011575
0 0.164631 0.934560 0.009262 0.011575
