0 0.462917 0.346500 0.005833 0.009000
0 0.499583 0.324000 0.005833 0.008000
0 0.640000 0.254000 0.006667 0.008000
0 0.759583 0.388500 0.007500 0.009000
0 0.820417 0.383500 0.007500 0.009000
0 0.818333 0.229500 0.006667 0.009000
0 0.804167 0.952000 0.008333 0.010000
0 0.680833 0.915000 0.008333 0.010000
0 0.645833 0.993500 0.005000 0.009000
0 0.362083 0.922500 0.065833 0.097000
0 0.443750 0.839500 0.072500 0.133000
0 0.525000 0.917500 0.063333 0.095000
0 0.535417 0.813000 0.060833 0.094000
0 0.603333 0.809000 0.078333 0.098000
0 0.601667 0.852000 0.073333 0.082000
1 0.607917 0.982000 0.077500 0.036000
1 0.632083 0.983000 0.039167 0.034000
1 0.685417 0.913500 0.072500 0.115000
1 0.795833 0.957500 0.088333 0.085000
1 0.807083 0.228000 0.089167 0.108000
1 0.804583 0.382500 0.087500 0.107000
1 0.716250 0.438500 0.112500 0.127000
1 0.650417 0.412500 0.084167 0.093000
1 0.627917 0.235500 0.077500 0.095000
1 0.525417 0.245500 0.054167 0.067000
1 0.491250 0.317000 0.074167 0.092000
1 0.481667 0.340000 0.060000 0.076000
