0 0.625608 0.447260 0.007883 0.006520
0 0.646708 0.490630 0.006750 0.007260
0 0.712450 0.654090 0.006567 0.008180
0 0.606062 0.805305 0.007125 0.008610
0 0.613750 0.878650 0.007500 0.009300
0 0.742271 0.867150 0.007875 0.008300
0 0.140012 0.888415 0.008358 0.008830
0 0.164288 0.738610 0.008575 0.009220
0 0.097083 0.699935 0.007500 0.005870
0 0.070337 0.669135 0.009008 0.010270
0 0.141446 0.356915 0.077892 0.073830
0 0.214600 0.450135 0.107533 0.080270
0 0.153817 0.552505 0.075967 0.071010
0 0.241312 0.558755 0.075958 0.067510
0 0.247896 0.639390 0.077458 0.088780
0 0.212521 0.640120 0.065042 0.084240
1 0.072754 0.655470 0.088842 0.090940
1 0.095363 0.685305 0.045725 0.044610
1 0.165317 0.743390 0.092300 0.080780
1 0.008704 0.816220 0.017408 0.108440
1 0.127817 0.878440 0.078967 0.100880
1 0.010850 0.888220 0.021700 0.034440
1 0.742788 0.853140 0.085575 0.102280
1 0.613237 0.858855 0.084808 0.099710
1 0.562558 0.756305 0.100117 0.128610
1 0.580917 0.675620 0.073500 0.097240
1 0.727129 0.639100 0.075925 0.088200
1 0.713192 0.516200 0.053050 0.062400
1 0.651750 0.479650 0.073500 0.085300
1 0.632212 0.469045 0.061092 0.068090
0 0.625608 0.447260 0.007883 0.006520
0 0.646708 0.490630 0.006750 0.007260
0 0.712450 0.654090 0.006567 0.008180
0 0.606062 0.805305 0.007125 0.008610
0 0.613750 0.878650 0.007500 0.009300
0 0.742271 0.867150 0.007875 0.008300
0 0.140012 0.888415 0.008358 0.008830
0 0.164288 0.738610 0.008575 0.009220
0 0.097083 0.699935 0.007500 0.005870
0 0.070337 0.669135 0.009008 0.010270
0 0.141446 0.356915 0.077892 0.073830
0 0.214600 0.450135 0.107533 0.080270
0 0.153817 0.552505 0.075967 0.071010
0 0.241312 0.558755 0.075958 0.067510
0 0.247896 0.639390 0.077458 0.088780
0 0.212521 0.640120 0.065042 0.084240
1 0.072754 0.655470 0.088842 0.090940
1 0.095363 0.685305 0.045725 0.044610
1 0.165317 0.743390 0.092300 0.080780
1 0.008704 0.816220 0.017408 0.108440
1 0.127817 0.878440 0.078967 0.100880
1 0.010850 0.888220 0.021700 0.034440
1 0.742788 0.853140 0.085575 0.102280
1 0.613237 0.858855 0.084808 0.099710
1 0.562558 0.756305 0.100117 0.128610
1 0.580917 0.675620 0.073500 0.097240
1 0.727129 0.639100 0.075925 0.088200
1 0.713192 0.516200 0.053050 0.062400
1 0.651750 0.479650 0.073500 0.085300
1 0.632212 0.469045 0.061092 0.068090
