0 0.559167 0.644000 0.006667 0.010000
0 0.525833 0.673500 0.006667 0.009000
0 0.397917 0.771500 0.007500 0.009000
0 0.260833 0.664000 0.008333 0.010000
0 0.201667 0.682000 0.008333 0.010000
0 0.226250 0.833000 0.007500 0.010000
0 0.135000 0.118500 0.008333 0.011000
0 0.261667 0.129500 0.008333 0.011000
0 0.285417 0.045000 0.005833 0.010000
0 0.574583 0.055500 0.070833 0.101000
0 0.507083 0.154000 0.079167 0.138000
0 0.415000 0.094500 0.068333 0.099000
0 0.420417 0.199500 0.065833 0.099000
0 0.354167 0.217500 0.083333 0.103000
0 0.349583 0.175000 0.077500 0.088000
1 0.322083 0.043000 0.079167 0.052000
1 0.298333 0.047500 0.041667 0.047000
1 0.257500 0.131000 0.078333 0.120000
1 0.141667 0.103500 0.093333 0.107000
1 0.237500 0.832500 0.095000 0.115000
1 0.217500 0.679500 0.093333 0.113000
1 0.296250 0.605500 0.119167 0.135000
1 0.364583 0.618500 0.089167 0.099000
1 0.412500 0.787500 0.081667 0.101000
1 0.512917 0.756500 0.057500 0.071000
1 0.535417 0.678000 0.079167 0.098000
1 0.541667 0.653500 0.063333 0.081000
