1 0.296250 0.575445 0.332500 0.359888
0 0.765625 0.540300 0.088750 0.060918
0 0.662500 0.153233 0.097500 0.055295
0 0.989375 0.245080 0.021250 0.029053
0 0.301875 0.468604 0.071250 0.063730
0 0.403125 0.346298 0.058750 0.094658
0 0.178750 0.405811 0.107500 0.095595
1 0.568125 0.546392 0.203750 0.393627
0 0.693750 0.381443 0.047500 0.029991
0 0.876250 0.382849 0.047500 0.030928
0 0.870625 0.344424 0.033750 0.044049
0 0.805625 0.204311 0.051250 0.022493
0 0.026250 0.227273 0.052500 0.055295
0 0.990000 0.188847 0.020000 0.019681
0 0.698750 0.550609 0.050000 0.044049
0 0.236250 0.148547 0.062500 0.045923
0 0.763125 0.186973 0.071250 0.014058
0 0.361875 0.292409 0.026250 0.044986
0 0.733125 0.272259 0.018750 0.012184
0 0.542500 0.225867 0.017500 0.013121
0 0.639375 0.193065 0.018750 0.011246
0 0.543750 0.263824 0.020000 0.012184
0 0.593125 0.152765 0.018750 0.013121
0 0.745000 0.242268 0.020000 0.012184
0 0.568750 0.376289 0.030000 0.021556
0 0.835625 0.620431 0.036250 0.024367
0 0.338750 0.256795 0.017500 0.013121
0 0.444375 0.377226 0.021250 0.012184
1 0.167500 0.798969 0.335000 0.150890
0 0.168125 0.166354 0.043750 0.055295
0 0.416875 0.138707 0.028750 0.026242
0 0.888125 0.343486 0.013750 0.012184
0 0.666875 0.577320 0.018750 0.009372
0 0.716250 0.522024 0.020000 0.014995
0 0.573125 0.433458 0.016250 0.015933
0 0.421250 0.664948 0.017500 0.023430
