0 0.856875 0.914246 0.101250 0.077788
1 0.613750 0.647610 0.502500 0.273664
0 0.535000 0.299438 0.087500 0.070291
0 0.033125 0.402999 0.066250 0.076851
0 0.126250 0.141518 0.042500 0.037488
0 0.471250 0.651359 0.090000 0.058107
0 0.302500 0.583880 0.130000 0.050609
0 0.396250 0.747423 0.135000 0.087160
0 0.452500 0.094189 0.045000 0.038425
1 0.556250 0.446111 0.537500 0.179944
0 0.328125 0.363636 0.043750 0.037488
0 0.317500 0.227741 0.045000 0.037488
0 0.266875 0.234302 0.061250 0.028116
0 0.084375 0.292877 0.033750 0.040300
0 0.325000 0.931584 0.142500 0.056232
0 0.537500 0.087629 0.107500 0.090909
0 0.171250 0.878163 0.077500 0.052484
0 0.051250 0.141987 0.030000 0.042174
0 0.553750 0.348172 0.062500 0.040300
0 0.050000 0.722118 0.065000 0.049672
0 0.064375 0.326148 0.023750 0.054358
0 0.233125 0.618557 0.061250 0.022493
0 0.311250 0.078257 0.037500 0.027179
0 0.180000 0.342081 0.017500 0.014995
0 0.131875 0.487816 0.018750 0.014058
0 0.081875 0.417994 0.016250 0.014995
0 0.182500 0.484067 0.017500 0.015933
0 0.030625 0.455483 0.018750 0.014995
0 0.140000 0.335052 0.017500 0.015933
0 0.330625 0.458294 0.031250 0.024367
0 0.344375 0.085754 0.018750 0.010309
0 0.636250 0.241331 0.035000 0.029053
0 0.186875 0.638707 0.018750 0.014058
0 0.192500 0.984067 0.020000 0.014995
0 0.340000 0.551078 0.017500 0.016870
1 0.905000 0.735708 0.190000 0.277413
0 0.079375 0.771790 0.076250 0.036551
0 0.025000 0.588097 0.037500 0.023430
0 0.263750 0.221181 0.017500 0.011246
0 0.591875 0.370197 0.013750 0.014995
0 0.514375 0.337863 0.021250 0.015933
0 0.406250 0.450797 0.022500 0.013121
0 0.725000 0.548266 0.032500 0.014995
