1 0.835625 0.829428 0.261250 0.164948
1 0.243125 0.760544 0.333750 0.160262
0 0.083125 0.492502 0.051250 0.040300
0 0.058125 0.379569 0.058750 0.041237
0 0.481875 0.431115 0.061250 0.056232
0 0.375625 0.447048 0.056250 0.039363
0 0.315625 0.477976 0.058750 0.058107
1 0.786250 0.240862 0.427500 0.215558
0 0.293750 0.581537 0.040000 0.030928
0 0.053125 0.568416 0.106250 0.055295
0 0.052500 0.416589 0.055000 0.040300
0 0.485000 0.531396 0.042500 0.033739
1 0.823125 0.497657 0.166250 0.181818
0 0.571875 0.417994 0.058750 0.058107
0 0.216250 0.497188 0.045000 0.030928
0 0.535625 0.479850 0.038750 0.033739
1 0.283750 0.216495 0.485000 0.254920
1 0.152500 0.156514 0.222500 0.136832
0 0.104375 0.387067 0.046250 0.035614
0 0.691250 0.521556 0.042500 0.032802
0 0.733750 0.452671 0.045000 0.031865
1 0.346875 0.783505 0.183750 0.091846
0 0.071250 0.524367 0.047500 0.036551
1 0.438750 0.655108 0.335000 0.140581
0 0.388125 0.278351 0.046250 0.033739
0 0.121250 0.835052 0.065000 0.028116
1 0.768750 0.863168 0.185000 0.082474
0 0.553750 0.664011 0.050000 0.064667
0 0.808750 0.524836 0.045000 0.044986
0 0.671875 0.148547 0.053750 0.027179
0 0.348750 0.549203 0.025000 0.016870
0 0.145000 0.424555 0.035000 0.024367
0 0.260000 0.338800 0.030000 0.023430
0 0.436875 0.357545 0.028750 0.023430
0 0.290000 0.409560 0.030000 0.024367
0 0.366250 0.254920 0.030000 0.029991
0 0.428125 0.391284 0.026250 0.019681
0 0.333125 0.208529 0.033750 0.029053
0 0.946875 0.315370 0.021250 0.015933
0 0.890625 0.250234 0.038750 0.029991
0 0.648750 0.381912 0.030000 0.025305
0 0.776875 0.248360 0.036250 0.026242
0 0.691250 0.382849 0.027500 0.021556
0 0.816875 0.288660 0.026250 0.018744
0 0.508750 0.582006 0.032500 0.024367
0 0.880000 0.443768 0.015000 0.012184
0 0.618125 0.306935 0.018750 0.014058
0 0.578125 0.600281 0.021250 0.017807
0 0.799375 0.555764 0.018750 0.011246
0 0.584375 0.642455 0.016250 0.015933
0 0.827500 0.252109 0.017500 0.011246
0 0.238125 0.716963 0.018750 0.013121
0 0.363125 0.795220 0.013750 0.008435
0 0.356250 0.514058 0.042500 0.034677
0 0.335000 0.240862 0.037500 0.028116
1 0.356875 0.119494 0.061250 0.019681
