1 0.368125 0.648547 0.251250 0.196813
1 0.272500 0.245548 0.217500 0.191190
0 0.521875 0.285848 0.106250 0.063730
0 0.805625 0.537020 0.136250 0.080600
0 0.864375 0.724930 0.068750 0.053421
1 0.578125 0.736645 0.196250 0.191190
1 0.253125 0.662137 0.281250 0.134021
1 0.151250 0.484067 0.187500 0.195876
1 0.802500 0.632146 0.307500 0.128397
0 0.720000 0.708529 0.072500 0.039363
1 0.659375 0.615745 0.263750 0.121837
1 0.133125 0.364574 0.148750 0.221181
0 0.402500 0.781162 0.065000 0.040300
0 0.869375 0.110122 0.051250 0.034677
0 0.960625 0.304592 0.033750 0.029991
0 0.495000 0.403936 0.042500 0.031865
0 0.556250 0.244142 0.042500 0.036551
1 0.911250 0.435333 0.177500 0.218369
0 0.888125 0.412840 0.048750 0.030928
0 0.390000 0.750703 0.067500 0.035614
0 0.660000 0.680412 0.075000 0.037488
0 0.109375 0.713683 0.041250 0.030928
0 0.502500 0.712746 0.037500 0.036551
0 0.707500 0.673383 0.042500 0.029053
0 0.323125 0.734302 0.098750 0.055295
0 0.853125 0.691659 0.043750 0.029991
0 0.763750 0.516401 0.042500 0.026242
1 0.194375 0.558107 0.253750 0.149016
0 0.981875 0.409560 0.023750 0.056232
0 0.076875 0.652765 0.096250 0.111528
0 0.965625 0.263824 0.011250 0.023430
0 0.538125 0.400187 0.033750 0.026242
0 0.502500 0.323805 0.025000 0.021556
0 0.852500 0.178538 0.025000 0.015933
0 0.533750 0.329897 0.030000 0.022493
0 0.559375 0.330366 0.021250 0.027179
0 0.486875 0.340675 0.026250 0.021556
0 0.851875 0.153702 0.033750 0.016870
0 0.850625 0.165417 0.023750 0.015933
0 0.916250 0.326617 0.012500 0.008435
0 0.919375 0.357545 0.013750 0.010309
0 0.780000 0.107310 0.042500 0.014058
0 0.636250 0.716963 0.037500 0.029991
0 0.616875 0.590909 0.026250 0.021556
0 0.389375 0.569822 0.041250 0.024367
0 0.473125 0.595127 0.033750 0.020619
0 0.489375 0.374883 0.023750 0.020619
0 0.301875 0.255389 0.033750 0.030928
0 0.351250 0.573571 0.037500 0.028116
0 0.006875 0.305998 0.013750 0.017807
0 0.110625 0.173383 0.013750 0.013121
0 0.277500 0.635426 0.020000 0.013121
0 0.096875 0.372540 0.031250 0.029053
0 0.345000 0.683224 0.027500 0.013121
0 0.201875 0.596064 0.016250 0.013121
0 0.108125 0.520619 0.018750 0.014058
1 0.344375 0.151359 0.303750 0.055295
0 0.289375 0.168697 0.051250 0.018744
0 0.465000 0.136364 0.020000 0.010309
