1 0.610625 0.362699 0.318750 0.206186
0 0.913750 0.245548 0.102500 0.076851
1 0.577500 0.658388 0.330000 0.272727
0 0.544375 0.268041 0.101250 0.069353
1 0.164375 0.579663 0.141250 0.117151
0 0.621875 0.210403 0.106250 0.075914
0 0.700625 0.196345 0.066250 0.045923
0 0.776250 0.312090 0.062500 0.043112
0 0.530625 0.349110 0.061250 0.044049
0 0.292500 0.334114 0.057500 0.045923
0 0.555625 0.164948 0.051250 0.037488
0 0.961250 0.780694 0.057500 0.041237
0 0.736250 0.796157 0.042500 0.034677
0 0.295000 0.155576 0.050000 0.035614
0 0.724375 0.843955 0.041250 0.032802
0 0.451875 0.341143 0.043750 0.029991
0 0.745000 0.149016 0.050000 0.039363
0 0.255000 0.310684 0.045000 0.036551
0 0.453125 0.756795 0.056250 0.032802
0 0.701875 0.658857 0.046250 0.033739
0 0.497500 0.704780 0.037500 0.031865
0 0.891875 0.536551 0.076250 0.025305
0 0.965000 0.313496 0.027500 0.030928
0 0.846250 0.164011 0.045000 0.031865
0 0.585625 0.380506 0.043750 0.031865
1 0.683750 0.408154 0.252500 0.113402
1 0.461250 0.642924 0.210000 0.283037
0 0.254375 0.469072 0.143750 0.100281
0 0.833125 0.841143 0.146250 0.029053
0 0.684375 0.412840 0.021250 0.012184
0 0.672500 0.700094 0.037500 0.028116
0 0.639375 0.729147 0.036250 0.026242
0 0.628750 0.552015 0.030000 0.014995
0 0.568750 0.664948 0.022500 0.025305
0 0.450000 0.724461 0.020000 0.014995
0 0.496875 0.704780 0.036250 0.031865
0 0.049375 0.563261 0.033750 0.026242
0 0.255625 0.185098 0.031250 0.027179
0 0.068125 0.283974 0.036250 0.029991
0 0.128125 0.164480 0.028750 0.023430
0 0.285000 0.366448 0.037500 0.026242
0 0.082500 0.313027 0.017500 0.014995
0 0.507500 0.417994 0.027500 0.022493
0 0.041250 0.170572 0.020000 0.022493
0 0.141250 0.225867 0.017500 0.013121
0 0.346250 0.143393 0.032500 0.016870
0 0.456875 0.706654 0.018750 0.016870
0 0.252500 0.157451 0.017500 0.018744
0 0.371250 0.732896 0.025000 0.054358
0 0.265000 0.582943 0.040000 0.031865
0 0.380000 0.433458 0.010000 0.006560
0 0.560625 0.383786 0.013750 0.014058
0 0.768125 0.146204 0.013750 0.013121
0 0.216250 0.895033 0.032500 0.011246
