1 0.538750 0.817245 0.145000 0.133083
1 0.741875 0.776476 0.141250 0.135895
0 0.304375 0.841612 0.096250 0.065604
0 0.463750 0.107310 0.115000 0.087160
0 0.135000 0.697282 0.097500 0.071228
1 0.321875 0.446111 0.231250 0.181818
1 0.656250 0.344424 0.187500 0.227741
1 0.342500 0.303187 0.245000 0.190253
0 0.582500 0.372071 0.060000 0.082474
0 0.970625 0.373946 0.041250 0.029991
0 0.213125 0.911903 0.036250 0.022493
0 0.988125 0.654639 0.021250 0.017807
0 0.007500 0.902999 0.015000 0.032802
0 0.005625 0.788660 0.011250 0.021556
0 0.371731 0.396832 0.055963 0.021406
0 0.974925 0.781289 0.017350 0.016186
0 0.993719 0.873946 0.012437 0.019681
0 0.992487 0.686823 0.014975 0.040937
