1 0.911875 0.519681 0.176250 0.126523
1 0.900625 0.363636 0.198750 0.125586
0 0.919375 0.698688 0.101250 0.081537
0 0.021250 0.469072 0.042500 0.089035
0 0.703125 0.801781 0.108750 0.083411
1 0.401875 0.623711 0.276250 0.199625
1 0.319375 0.359888 0.328750 0.174321
1 0.216875 0.586223 0.288750 0.210872
0 0.345000 0.419400 0.117500 0.057170
0 0.408125 0.132146 0.046250 0.035614
0 0.780625 0.163074 0.026250 0.018744
0 0.803750 0.911903 0.030000 0.011246
0 0.345000 0.578257 0.037500 0.044986
0 0.945625 0.192127 0.023750 0.014995
0 0.823125 0.164480 0.056250 0.017807
