1 0.084375 0.539363 0.168750 0.113402
1 0.140625 0.690722 0.186250 0.110590
0 0.041875 0.365042 0.083750 0.074039
0 0.980625 0.459700 0.038750 0.087160
0 0.224375 0.233833 0.098750 0.075914
1 0.566250 0.364574 0.250000 0.179944
1 0.713750 0.611996 0.310000 0.148079
1 0.757500 0.375351 0.262500 0.190253
0 0.673750 0.557170 0.112500 0.047798
0 0.684375 0.848172 0.041250 0.031865
0 0.311250 0.871603 0.025000 0.016870
0 0.098125 0.139644 0.028750 0.009372
0 0.633125 0.401125 0.031250 0.043112
0 0.141875 0.866448 0.021250 0.014058
0 0.024375 0.882849 0.013750 0.009372
0 0.268750 0.875351 0.055000 0.013121
