0 0.588292 0.071984 0.120921 0.143969
0 0.547025 0.159533 0.057582 0.093385
0 0.642035 0.293774 0.044146 0.097276
0 0.701536 0.441634 0.074856 0.175097
0 0.668906 0.552529 0.055662 0.062257
0 0.658349 0.614786 0.038388 0.070039
0 0.565259 0.558366 0.044146 0.120623
0 0.512476 0.466926 0.015355 0.046693
0 0.454894 0.276265 0.034549 0.062257
0 0.461612 0.404669 0.024952 0.023346
0 0.436660 0.441634 0.032630 0.050584
0 0.404031 0.324903 0.055662 0.128405
0 0.400192 0.198444 0.040307 0.077821
0 0.351248 0.050584 0.026871 0.054475
0 0.441459 0.538911 0.053743 0.128405
0 0.460653 0.665370 0.046065 0.108949
0 0.403071 0.570039 0.019194 0.035019
0 0.406910 0.649805 0.030710 0.054475
0 0.428983 0.762646 0.055662 0.070039
0 0.585413 0.926070 0.038388 0.077821
0 0.756238 0.887160 0.019194 0.054475
0 0.504798 0.984436 0.038388 0.031128
0 0.350288 0.990272 0.032630 0.019455
0 0.386756 0.916342 0.024952 0.050584
0 0.296545 0.889105 0.032630 0.058366
0 0.369482 0.750973 0.021113 0.054475
0 0.324376 0.653696 0.061420 0.124514
0 0.350288 0.322957 0.063340 0.093385
0 0.301344 0.256809 0.026871 0.054475
0 0.301344 0.079767 0.030710 0.066148
0 0.263916 0.110895 0.051823 0.081712
1 0.304223 0.126459 0.143954 0.206226
1 0.338772 0.871595 0.151631 0.256809
1 0.633397 0.443580 0.241843 0.513619
0 0.479846 0.400778 0.015355 0.023346
0 0.386756 0.476654 0.297505 0.680934
