0 0.118000 0.041916 0.120000 0.083832
0 0.226000 0.040419 0.076000 0.080838
0 0.319000 0.062874 0.086000 0.125749
0 0.388000 0.109281 0.080000 0.158683
0 0.252000 0.130240 0.088000 0.134731
0 0.171000 0.173653 0.098000 0.131737
0 0.088000 0.140719 0.080000 0.215569
0 0.108000 0.330838 0.156000 0.194611
0 0.061000 0.500000 0.106000 0.197605
0 0.074000 0.724551 0.148000 0.281437
0 0.200000 0.471557 0.180000 0.266467
0 0.215000 0.793413 0.134000 0.233533
0 0.290000 0.562874 0.148000 0.167665
0 0.293000 0.255988 0.170000 0.218563
0 0.432000 0.254491 0.104000 0.155689
0 0.456000 0.067365 0.084000 0.110778
0 0.522000 0.185629 0.124000 0.149701
0 0.557000 0.074850 0.114000 0.095808
0 0.618000 0.173653 0.084000 0.125749
0 0.671000 0.116766 0.062000 0.107784
0 0.760000 0.149701 0.108000 0.149701
0 0.869000 0.163174 0.114000 0.140719
0 0.962000 0.184132 0.076000 0.110778
0 0.756000 0.279940 0.088000 0.152695
0 0.842000 0.299401 0.060000 0.101796
0 0.911000 0.266467 0.066000 0.101796
0 0.956000 0.354790 0.084000 0.176647
0 0.854000 0.413174 0.124000 0.167665
0 0.749000 0.470060 0.158000 0.233533
0 0.906000 0.564371 0.164000 0.188623
0 0.717000 0.672156 0.166000 0.230539
0 0.889000 0.720060 0.142000 0.182635
0 0.862000 0.905689 0.148000 0.188623
0 0.721000 0.866766 0.162000 0.266467
0 0.543000 0.827844 0.158000 0.290419
0 0.377000 0.827844 0.198000 0.272455
0 0.369000 0.443114 0.146000 0.215569
0 0.519000 0.383234 0.142000 0.221557
0 0.613000 0.555389 0.158000 0.248503
0 0.639000 0.314371 0.154000 0.209581
