0 0.073000 0.101796 0.106000 0.137725
0 0.181000 0.092814 0.066000 0.107784
0 0.277000 0.103293 0.074000 0.128743
0 0.347000 0.140719 0.066000 0.143713
0 0.216000 0.194611 0.076000 0.119760
0 0.142000 0.254491 0.088000 0.113772
0 0.056000 0.239521 0.060000 0.203593
0 0.094000 0.423653 0.140000 0.164671
0 0.066000 0.604790 0.088000 0.179641
0 0.098000 0.823353 0.136000 0.251497
0 0.201000 0.541916 0.158000 0.233533
0 0.249000 0.856287 0.114000 0.209581
0 0.300000 0.610778 0.136000 0.137725
0 0.270000 0.305389 0.152000 0.185629
0 0.406000 0.273952 0.092000 0.134731
0 0.411000 0.080838 0.074000 0.095808
0 0.488000 0.182635 0.112000 0.125749
0 0.512000 0.065868 0.108000 0.071856
0 0.581000 0.148204 0.074000 0.110778
0 0.630000 0.080838 0.052000 0.095808
0 0.720000 0.091317 0.096000 0.128743
0 0.828000 0.082335 0.104000 0.116766
0 0.925000 0.080838 0.070000 0.095808
0 0.729000 0.221557 0.074000 0.137725
0 0.818000 0.221557 0.052000 0.089820
0 0.881000 0.173653 0.058000 0.089820
0 0.934000 0.251497 0.068000 0.161677
0 0.841000 0.332335 0.110000 0.143713
0 0.743000 0.410180 0.138000 0.203593
0 0.907000 0.470060 0.150000 0.155689
0 0.732000 0.619760 0.148000 0.197605
0 0.906000 0.625749 0.128000 0.155689
0 0.902000 0.836826 0.128000 0.200599
0 0.756000 0.809880 0.140000 0.236527
0 0.576000 0.814371 0.132000 0.263473
0 0.414000 0.853293 0.176000 0.233533
0 0.364000 0.474551 0.128000 0.188623
0 0.506000 0.378743 0.124000 0.194611
0 0.616000 0.528443 0.136000 0.218563
0 0.618000 0.284431 0.136000 0.179641
