1 0.477500 0.369728 0.240000 0.190253
1 0.696875 0.332240 0.323750 0.167760
1 0.080000 0.686036 0.140000 0.140581
1 0.087500 0.498126 0.160000 0.141518
0 0.831250 0.802249 0.050000 0.029991
0 0.945625 0.490159 0.053750 0.052484
1 0.678750 0.200562 0.407500 0.189316
1 0.220625 0.213683 0.381250 0.166823
0 0.816250 0.652296 0.047500 0.035614
0 0.926875 0.551546 0.046250 0.027179
0 0.765000 0.589503 0.045000 0.028116
0 0.330000 0.812090 0.067500 0.027179
0 0.317500 0.857545 0.060000 0.033739
0 0.704375 0.747891 0.063750 0.024367
0 0.300625 0.661200 0.063750 0.040300
0 0.493750 0.470947 0.045000 0.032802
0 0.458750 0.791003 0.067500 0.026242
1 0.821875 0.320993 0.246250 0.313964
0 0.486250 0.816307 0.060000 0.035614
0 0.525000 0.824742 0.045000 0.033739
0 0.644375 0.792409 0.058750 0.030928
0 0.678750 0.838800 0.057500 0.028116
0 0.339375 0.269916 0.048750 0.029991
0 0.413125 0.661668 0.033750 0.037488
0 0.625000 0.168697 0.027500 0.028116
0 0.872500 0.273196 0.025000 0.029053
0 0.935625 0.383786 0.023750 0.032802
0 0.868125 0.298969 0.023750 0.028116
0 0.943125 0.417057 0.021250 0.028116
0 0.639375 0.470947 0.023750 0.017807
0 0.618750 0.141987 0.035000 0.017807
0 0.588125 0.136832 0.023750 0.016870
0 0.929375 0.416589 0.018750 0.027179
0 0.566875 0.127460 0.041250 0.014995
0 0.527500 0.456420 0.025000 0.018744
0 0.808750 0.504686 0.035000 0.023430
0 0.846875 0.767104 0.041250 0.025305
0 0.704375 0.776476 0.041250 0.025305
0 0.708750 0.471884 0.030000 0.021556
0 0.587500 0.767104 0.052500 0.019681
0 0.241250 0.831303 0.017500 0.014995
0 0.174375 0.834583 0.028750 0.023430
0 0.105625 0.572634 0.038750 0.022493
0 0.398750 0.797563 0.020000 0.016870
0 0.104375 0.865511 0.031250 0.025305
0 0.080000 0.768041 0.022500 0.019681
0 0.435625 0.841612 0.031250 0.020619
0 0.226875 0.158857 0.033750 0.025305
0 0.055000 0.873008 0.017500 0.015933
0 0.057500 0.492502 0.015000 0.012184
0 0.371875 0.522493 0.018750 0.015933
0 0.394375 0.766167 0.016250 0.015933
0 0.178125 0.792409 0.018750 0.019681
0 0.403125 0.290066 0.051250 0.017807
0 0.125625 0.149953 0.031250 0.013121
0 0.048125 0.718838 0.013750 0.011246
1 0.189375 0.884724 0.251250 0.028116
1 0.726875 0.836457 0.253750 0.057170
0 0.932500 0.335989 0.045000 0.025305
0 0.180625 0.149016 0.013750 0.005623
0 0.052500 0.437207 0.015000 0.008435
