0 0.699809 0.892857 0.030593 0.030357
0 0.238528 0.898661 0.085086 0.034821
0 0.483270 0.912946 0.027725 0.022321
0 0.198853 0.937946 0.022945 0.018750
0 0.607553 0.961607 0.023901 0.019643
0 0.784895 0.964286 0.065010 0.044643
0 0.081262 0.966518 0.080306 0.036607
0 0.196941 0.101786 0.141491 0.141071
0 0.729924 0.127232 0.115679 0.088393
0 0.821224 0.130357 0.070746 0.064286
0 0.148184 0.132589 0.061185 0.065179
0 0.038241 0.187946 0.026769 0.027679
0 0.332696 0.200446 0.087954 0.074107
0 0.932122 0.208929 0.135755 0.141071
0 0.816922 0.208482 0.117591 0.059821
0 0.569312 0.266071 0.088910 0.076786
0 0.261472 0.288393 0.098470 0.112500
0 0.468451 0.305357 0.032505 0.026786
0 0.057361 0.338393 0.045889 0.039286
0 0.757648 0.341071 0.106119 0.091071
0 0.622849 0.036607 0.088910 0.073214
0 0.360899 0.362946 0.119503 0.120536
0 0.478489 0.371875 0.094646 0.091964
0 0.536329 0.038839 0.042065 0.049107
0 0.018642 0.387500 0.035373 0.051786
0 0.901530 0.398214 0.089866 0.046429
0 0.006214 0.421875 0.012428 0.033036
0 0.651052 0.428125 0.091778 0.059821
0 0.741396 0.043750 0.119503 0.087500
0 0.858509 0.431696 0.191205 0.077679
0 0.225143 0.443750 0.119503 0.098214
0 0.021511 0.462054 0.043021 0.050893
0 0.693117 0.466518 0.093690 0.063393
0 0.306883 0.474107 0.043977 0.039286
0 0.524857 0.500893 0.034417 0.025000
0 0.432122 0.504911 0.108987 0.058036
0 0.271511 0.517857 0.024857 0.017857
0 0.932600 0.518304 0.085086 0.041964
0 0.155354 0.520089 0.109943 0.111607
0 0.398184 0.545982 0.109943 0.061607
0 0.776769 0.552232 0.123327 0.095536
0 0.980402 0.557589 0.037285 0.036607
0 0.079350 0.565625 0.072658 0.036607
0 0.107553 0.599107 0.058317 0.046429
0 0.399140 0.623214 0.050669 0.033929
0 0.322180 0.623661 0.072658 0.045536
0 0.489962 0.625446 0.020076 0.016964
0 0.769598 0.636607 0.074570 0.066071
0 0.972753 0.641518 0.046845 0.022321
0 0.277725 0.646875 0.062141 0.049107
0 0.286329 0.068304 0.092734 0.100893
0 0.976099 0.068304 0.045889 0.050893
0 0.031549 0.685714 0.063098 0.123214
0 0.405354 0.693750 0.022945 0.021429
0 0.592734 0.697768 0.099426 0.183036
0 0.673518 0.712054 0.046845 0.036607
0 0.948375 0.722321 0.024857 0.028571
0 0.860899 0.723661 0.090822 0.054464
0 0.198853 0.724554 0.022945 0.015179
0 0.367591 0.725893 0.064054 0.041071
0 0.277725 0.727679 0.085086 0.050000
0 0.446463 0.730357 0.066922 0.032143
0 0.663480 0.779018 0.040153 0.033036
0 0.939771 0.791071 0.034417 0.019643
0 0.770076 0.791964 0.115679 0.125000
0 0.883365 0.836607 0.097514 0.057143
0 0.044933 0.860714 0.028681 0.021429
0 0.280593 0.866518 0.092734 0.036607
0 0.360421 0.871875 0.019120 0.015179
0 0.404876 0.087946 0.043021 0.095536
0 0.521511 0.886161 0.039197 0.027679
0 0.796367 0.887500 0.086042 0.060714
0 0.952677 0.901786 0.069790 0.060714
0 0.919216 0.937500 0.161568 0.125000
0 0.157266 0.829018 0.016252 0.015179
0 0.151530 0.770982 0.014340 0.013393
0 0.159656 0.687500 0.015296 0.016071
