0 0.909804 0.481250 0.133333 0.127500
0 0.911765 0.282917 0.021569 0.020833
0 0.918627 0.139583 0.025490 0.025833
0 0.996569 0.472083 0.006863 0.024167
0 0.954412 0.320417 0.061765 0.130833
0 0.100490 0.698750 0.071569 0.077500
0 0.173039 0.487083 0.118627 0.085833
0 0.177941 0.338750 0.299020 0.182500
0 0.271569 0.895833 0.225490 0.143333
0 0.257843 0.686250 0.066667 0.074167
0 0.246569 0.563333 0.097059 0.096667
0 0.254902 0.465833 0.111765 0.108333
0 0.372549 0.547500 0.094118 0.090000
0 0.462745 0.848750 0.215686 0.147500
0 0.438725 0.425000 0.073529 0.081667
0 0.420098 0.245417 0.232353 0.229167
0 0.532353 0.402083 0.035294 0.032500
0 0.581863 0.690833 0.161765 0.156667
0 0.535784 0.372083 0.028431 0.030833
0 0.641667 0.870833 0.122549 0.095000
0 0.570588 0.365000 0.045098 0.041667
0 0.564706 0.280833 0.070588 0.071667
0 0.033824 0.556250 0.067647 0.134167
0 0.651471 0.404583 0.030392 0.027500
0 0.642647 0.340417 0.042157 0.039167
0 0.619118 0.158750 0.240196 0.147500
0 0.702451 0.308750 0.091176 0.114167
0 0.739706 0.435000 0.234314 0.200000
0 0.795098 0.551667 0.025490 0.033333
0 0.052941 0.702500 0.064706 0.106667
0 0.801471 0.576667 0.036275 0.041667
0 0.870098 0.773333 0.210784 0.171667
0 0.795098 0.117500 0.121569 0.118333
0 0.836765 0.345417 0.024510 0.020833
0 0.845588 0.331250 0.016667 0.014167
0 0.254902 0.922917 0.029412 0.030833
0 0.909804 0.481250 0.133333 0.127500
0 0.911765 0.282917 0.021569 0.020833
0 0.918627 0.139583 0.025490 0.025833
0 0.996569 0.472083 0.006863 0.024167
0 0.954412 0.320417 0.061765 0.130833
0 0.100490 0.698750 0.071569 0.077500
0 0.173039 0.487083 0.118627 0.085833
0 0.177941 0.338750 0.299020 0.182500
0 0.271569 0.895833 0.225490 0.143333
0 0.257843 0.686250 0.066667 0.074167
0 0.246569 0.563333 0.097059 0.096667
0 0.254902 0.465833 0.111765 0.108333
0 0.372549 0.547500 0.094118 0.090000
0 0.462745 0.848750 0.215686 0.147500
0 0.438725 0.425000 0.073529 0.081667
0 0.420098 0.245417 0.232353 0.229167
0 0.532353 0.402083 0.035294 0.032500
0 0.581863 0.690833 0.161765 0.156667
0 0.535784 0.372083 0.028431 0.030833
0 0.641667 0.870833 0.122549 0.095000
0 0.570588 0.365000 0.045098 0.041667
0 0.564706 0.280833 0.070588 0.071667
0 0.033824 0.556250 0.067647 0.134167
0 0.651471 0.404583 0.030392 0.027500
0 0.642647 0.340417 0.042157 0.039167
0 0.619118 0.158750 0.240196 0.147500
0 0.702451 0.308750 0.091176 0.114167
0 0.739706 0.435000 0.234314 0.200000
0 0.795098 0.551667 0.025490 0.033333
0 0.052941 0.702500 0.064706 0.106667
0 0.801471 0.576667 0.036275 0.041667
0 0.870098 0.773333 0.210784 0.171667
0 0.795098 0.117500 0.121569 0.118333
0 0.836765 0.345417 0.024510 0.020833
0 0.845588 0.331250 0.016667 0.014167
0 0.254902 0.922917 0.029412 0.030833
