0 0.033228 0.317376 0.043249 0.039007
0 0.152426 0.160461 0.058017 0.044326
0 0.144515 0.347961 0.050633 0.034574
0 0.194620 0.785018 0.032700 0.031028
0 0.242616 0.080230 0.033755 0.023936
0 0.234177 0.319592 0.052743 0.043440
0 0.250000 0.163121 0.054852 0.053191
0 0.236287 0.419770 0.033755 0.036348
0 0.318038 0.264628 0.043249 0.029255
0 0.318565 0.359486 0.151899 0.103723
0 0.297996 0.767287 0.053797 0.068262
0 0.345992 0.279699 0.035865 0.034574
0 0.363397 0.168440 0.180380 0.120567
0 0.350738 0.480940 0.110759 0.089539
0 0.337025 0.854610 0.053797 0.039007
0 0.372363 0.738475 0.033755 0.042553
0 0.388186 0.807181 0.025316 0.020390
0 0.420886 0.301862 0.052743 0.031028
0 0.434072 0.593085 0.032700 0.028369
0 0.465190 0.460993 0.094937 0.092199
0 0.456224 0.636082 0.062236 0.050532
0 0.506857 0.325355 0.032700 0.023050
0 0.479430 0.866135 0.053797 0.040780
0 0.535338 0.185727 0.051688 0.041667
0 0.550633 0.272163 0.050633 0.030142
0 0.561709 0.519947 0.034810 0.025709
0 0.573840 0.853723 0.046414 0.035461
0 0.623418 0.159574 0.084388 0.078014
0 0.621835 0.785018 0.079114 0.066489
0 0.662975 0.463209 0.036920 0.038121
0 0.674051 0.550089 0.054852 0.091312
0 0.731540 0.244238 0.039030 0.031028
0 0.732595 0.471188 0.041139 0.043440
0 0.725211 0.706560 0.036920 0.053191
0 0.754747 0.406028 0.036920 0.035461
0 0.743671 0.746897 0.027426 0.025709
0 0.770042 0.674645 0.078059 0.086879
0 0.777426 0.785461 0.065401 0.046099
0 0.856540 0.209663 0.025316 0.025709
0 0.876055 0.402482 0.081224 0.070922
0 0.885021 0.486259 0.023207 0.020390
0 0.925105 0.545656 0.031646 0.045213
0 0.935127 0.243351 0.129747 0.128546
0 0.945675 0.336436 0.108650 0.066489
1 0.733122 0.700798 0.331224 0.281028
