0 0.990809 0.734348 0.018382 0.136522
0 0.976716 0.355652 0.017157 0.046957
0 0.952819 0.436087 0.094363 0.152174
0 0.941789 0.293478 0.072304 0.082609
0 0.943627 0.463043 0.044118 0.075652
0 0.882353 0.322174 0.105392 0.093043
0 0.855392 0.252609 0.063725 0.053043
0 0.808824 0.153913 0.061275 0.027826
0 0.871936 0.659130 0.069853 0.053913
0 0.843750 0.485652 0.091912 0.061739
0 0.843137 0.585217 0.127451 0.078261
0 0.790441 0.295217 0.080882 0.072174
0 0.748775 0.447391 0.139706 0.113913
0 0.702206 0.184348 0.093137 0.048696
0 0.709559 0.537391 0.122549 0.076522
0 0.723039 0.722609 0.115196 0.055652
0 0.605392 0.186957 0.107843 0.050435
0 0.622549 0.432609 0.142157 0.084348
0 0.575368 0.270435 0.045343 0.036522
0 0.579044 0.556087 0.202206 0.120870
0 0.612132 0.814348 0.126225 0.075652
0 0.522059 0.213478 0.102941 0.049565
0 0.561275 0.475652 0.056373 0.036522
0 0.517770 0.350870 0.162990 0.126087
0 0.498775 0.241739 0.026961 0.010435
0 0.558824 0.655217 0.137255 0.086087
0 0.581495 0.839565 0.069853 0.025217
0 0.539828 0.609565 0.050245 0.034783
0 0.495711 0.441304 0.099265 0.063478
0 0.434436 0.267826 0.030637 0.024348
0 0.377451 0.242609 0.142157 0.041739
0 0.371936 0.320435 0.060049 0.058261
0 0.380515 0.530435 0.079657 0.050435
0 0.352941 0.613913 0.022059 0.020870
0 0.365196 0.790870 0.112745 0.061739
0 0.355392 0.732174 0.142157 0.080000
0 0.279412 0.222609 0.164216 0.057391
0 0.311887 0.528696 0.126225 0.102609
0 0.271446 0.442609 0.050245 0.038261
0 0.283701 0.638696 0.060049 0.046087
0 0.308824 0.831739 0.098039 0.082609
0 0.220588 0.379565 0.075980 0.084348
0 0.216912 0.597391 0.068627 0.050435
0 0.178922 0.350435 0.073529 0.055652
0 0.134804 0.250870 0.139706 0.065217
0 0.196691 0.713478 0.037990 0.026957
0 0.129289 0.284348 0.023284 0.010435
0 0.153799 0.453913 0.069853 0.057391
0 0.120098 0.312609 0.142157 0.061739
0 0.113971 0.364348 0.071078 0.060870
0 0.158701 0.750000 0.074755 0.051304
0 0.109069 0.559565 0.080882 0.053043
0 0.113358 0.601739 0.042892 0.033043
0 0.042892 0.313913 0.085784 0.067826
0 0.085172 0.730000 0.087010 0.079130
0 0.036765 0.399565 0.073529 0.089565
0 0.048407 0.586087 0.072304 0.064348
0 0.052083 0.645217 0.052696 0.062609
0 0.028186 0.510435 0.056373 0.085217
1 0.834559 0.790870 0.080882 0.049565
1 0.737745 0.746522 0.328431 0.206087
1 0.938113 0.735652 0.123775 0.182609
0 0.725490 0.203043 0.066176 0.035652
1 0.863971 0.225217 0.215686 0.151304
1 0.608456 0.171304 0.310049 0.090435
0 0.990809 0.734348 0.018382 0.136522
0 0.976716 0.355652 0.017157 0.046957
0 0.952819 0.436087 0.094363 0.152174
0 0.941789 0.293478 0.072304 0.082609
0 0.943627 0.463043 0.044118 0.075652
0 0.882353 0.322174 0.105392 0.093043
0 0.855392 0.252609 0.063725 0.053043
0 0.808824 0.153913 0.061275 0.027826
0 0.871936 0.659130 0.069853 0.053913
0 0.843750 0.485652 0.091912 0.061739
0 0.843137 0.585217 0.127451 0.078261
0 0.790441 0.295217 0.080882 0.072174
0 0.748775 0.447391 0.139706 0.113913
0 0.702206 0.184348 0.093137 0.048696
0 0.709559 0.537391 0.122549 0.076522
0 0.723039 0.722609 0.115196 0.055652
0 0.605392 0.186957 0.107843 0.050435
0 0.622549 0.432609 0.142157 0.084348
0 0.575368 0.270435 0.045343 0.036522
0 0.579044 0.556087 0.202206 0.120870
0 0.612132 0.814348 0.126225 0.075652
0 0.522059 0.213478 0.102941 0.049565
0 0.561275 0.475652 0.056373 0.036522
0 0.517770 0.350870 0.162990 0.126087
0 0.498775 0.241739 0.026961 0.010435
0 0.558824 0.655217 0.137255 0.086087
0 0.581495 0.839565 0.069853 0.025217
0 0.539828 0.609565 0.050245 0.034783
0 0.495711 0.441304 0.099265 0.063478
0 0.434436 0.267826 0.030637 0.024348
0 0.377451 0.242609 0.142157 0.041739
0 0.371936 0.320435 0.060049 0.058261
0 0.380515 0.530435 0.079657 0.050435
0 0.352941 0.613913 0.022059 0.020870
0 0.365196 0.790870 0.112745 0.061739
0 0.355392 0.732174 0.142157 0.080000
0 0.279412 0.222609 0.164216 0.057391
0 0.311887 0.528696 0.126225 0.102609
0 0.271446 0.442609 0.050245 0.038261
0 0.283701 0.638696 0.060049 0.046087
0 0.308824 0.831739 0.098039 0.082609
0 0.220588 0.379565 0.075980 0.084348
0 0.216912 0.597391 0.068627 0.050435
0 0.178922 0.350435 0.073529 0.055652
0 0.134804 0.250870 0.139706 0.065217
0 0.196691 0.713478 0.037990 0.026957
0 0.129289 0.284348 0.023284 0.010435
0 0.153799 0.453913 0.069853 0.057391
0 0.120098 0.312609 0.142157 0.061739
0 0.113971 0.364348 0.071078 0.060870
0 0.158701 0.750000 0.074755 0.051304
0 0.109069 0.559565 0.080882 0.053043
0 0.113358 0.601739 0.042892 0.033043
0 0.042892 0.313913 0.085784 0.067826
0 0.085172 0.730000 0.087010 0.079130
0 0.036765 0.399565 0.073529 0.089565
0 0.048407 0.586087 0.072304 0.064348
0 0.052083 0.645217 0.052696 0.062609
0 0.028186 0.510435 0.056373 0.085217
1 0.834559 0.790870 0.080882 0.049565
1 0.737745 0.746522 0.328431 0.206087
1 0.938113 0.735652 0.123775 0.182609
0 0.725490 0.203043 0.066176 0.035652
1 0.863971 0.225217 0.215686 0.151304
1 0.608456 0.171304 0.310049 0.090435
