0 0.286329 0.113839 0.031549 0.031250
0 0.746654 0.092857 0.086042 0.037500
0 0.501912 0.086607 0.028681 0.023214
0 0.784417 0.052679 0.023901 0.019643
0 0.375717 0.042411 0.024857 0.020536
0 0.198853 0.045536 0.066922 0.046429
0 0.901052 0.020536 0.081262 0.039286
0 0.817878 0.887946 0.146272 0.145536
0 0.283939 0.879911 0.118547 0.091964
0 0.193117 0.879911 0.072658 0.066964
0 0.865679 0.855804 0.064054 0.066964
0 0.973709 0.797321 0.027725 0.028571
0 0.678298 0.793750 0.090822 0.076786
0 0.078872 0.804911 0.140535 0.145536
0 0.194551 0.802232 0.119503 0.063393
0 0.439771 0.736161 0.091778 0.079464
0 0.746176 0.703571 0.102294 0.116071
0 0.539675 0.694196 0.033461 0.027679
0 0.948375 0.647321 0.047801 0.041071
0 0.248566 0.667857 0.108987 0.094643
0 0.393881 0.964286 0.091778 0.071429
0 0.644359 0.632589 0.124283 0.124107
0 0.526291 0.627679 0.098470 0.094643
0 0.480880 0.962054 0.043977 0.050893
0 0.983270 0.596875 0.033461 0.052679
0 0.102294 0.614732 0.091778 0.049107
0 0.994742 0.562054 0.010516 0.033036
0 0.351816 0.576786 0.093690 0.062500
0 0.275335 0.958929 0.122371 0.082143
0 0.144837 0.580357 0.194073 0.083929
0 0.776769 0.547321 0.123327 0.101786
0 0.978489 0.521875 0.043021 0.052679
0 0.308795 0.540179 0.095602 0.066071
0 0.694073 0.519643 0.045889 0.041071
0 0.475621 0.500446 0.035373 0.025893
0 0.567878 0.493304 0.110899 0.061607
0 0.728011 0.474554 0.025813 0.018750
0 0.067400 0.496429 0.086998 0.044643
0 0.843690 0.469196 0.113767 0.115179
0 0.599904 0.451339 0.111855 0.065179
0 0.221319 0.456696 0.127151 0.099107
0 0.018164 0.458036 0.036329 0.037500
0 0.918260 0.420536 0.073614 0.039286
0 0.888623 0.388393 0.060229 0.048214
0 0.596558 0.374107 0.051625 0.035714
0 0.673040 0.370536 0.074570 0.048214
0 0.505736 0.374107 0.021033 0.017857
0 0.226099 0.372768 0.077438 0.068750
0 0.022945 0.373661 0.045889 0.024107
0 0.716539 0.345982 0.064054 0.050893
0 0.729924 0.925000 0.096558 0.103571
0 0.040153 0.946875 0.047801 0.052679
0 0.961281 0.299107 0.067878 0.125000
0 0.587476 0.303125 0.023901 0.022321
0 0.400096 0.305804 0.106119 0.186607
0 0.319312 0.294196 0.047801 0.038393
0 0.043499 0.292411 0.025813 0.029464
0 0.131453 0.288393 0.092734 0.057143
0 0.793021 0.266071 0.023901 0.016071
0 0.623805 0.270536 0.065966 0.042857
0 0.713671 0.265625 0.086998 0.052679
0 0.545411 0.267857 0.067878 0.033929
0 0.326482 0.226786 0.041109 0.033929
0 0.050191 0.223661 0.035373 0.020536
0 0.219885 0.216964 0.120459 0.128571
0 0.104207 0.175893 0.099426 0.060714
0 0.941205 0.124554 0.029637 0.022321
0 0.705545 0.126786 0.093690 0.039286
0 0.625717 0.124107 0.020076 0.016071
0 0.610421 0.908482 0.046845 0.097321
0 0.464627 0.115179 0.040153 0.028571
0 0.189293 0.122768 0.087954 0.063393
0 0.034417 0.113839 0.068834 0.063393
0 0.073614 0.076786 0.147228 0.130357
0 0.830784 0.159821 0.017208 0.016071
0 0.838432 0.217857 0.015296 0.014286
0 0.833174 0.301339 0.016252 0.016964
