0 0.501582 0.958777 0.064346 0.031028
0 0.705169 0.966755 0.024262 0.016844
0 0.217300 0.967642 0.044304 0.048759
0 0.702004 0.101950 0.045359 0.035461
0 0.714135 0.987589 0.069620 0.024823
0 0.892405 0.195922 0.050633 0.047872
0 0.668776 0.195479 0.040084 0.041667
0 0.151371 0.253546 0.036920 0.026596
0 0.988397 0.269060 0.023207 0.027482
0 0.705696 0.269947 0.050633 0.043440
0 0.891878 0.278369 0.062236 0.044326
0 0.586498 0.275266 0.042194 0.027482
0 0.774262 0.338652 0.033755 0.035461
0 0.661392 0.343085 0.118143 0.124113
0 0.176160 0.339539 0.080169 0.042553
0 0.756329 0.363032 0.040084 0.029255
0 0.889768 0.373670 0.138186 0.148050
0 0.517932 0.374113 0.103376 0.090426
0 0.072785 0.375887 0.044304 0.044326
0 0.212553 0.401152 0.049578 0.027482
0 0.131857 0.417110 0.023207 0.020390
0 0.733122 0.426862 0.035865 0.043440
0 0.388186 0.447695 0.033755 0.026596
0 0.545886 0.469415 0.106540 0.077128
0 0.337025 0.467642 0.058017 0.050532
0 0.708333 0.500000 0.026371 0.026596
0 0.064346 0.495567 0.046414 0.044326
0 0.651899 0.053191 0.037975 0.037234
0 0.874473 0.518617 0.048523 0.042553
0 0.772679 0.534131 0.034810 0.041667
0 0.478903 0.552305 0.029536 0.028369
0 0.081751 0.574911 0.041139 0.038121
0 0.909810 0.591755 0.089662 0.068262
0 0.166667 0.611702 0.075949 0.063830
0 0.549578 0.635638 0.044304 0.030142
0 0.447257 0.647606 0.107595 0.043440
0 0.812236 0.685284 0.035865 0.031915
0 0.543249 0.694149 0.050633 0.033688
0 0.263186 0.696365 0.062236 0.029255
0 0.621835 0.710993 0.041139 0.030142
0 0.215190 0.714096 0.029536 0.022163
0 0.301688 0.732713 0.101266 0.062943
0 0.170886 0.742465 0.052743 0.054078
0 0.858650 0.789450 0.029536 0.020390
0 0.630274 0.812057 0.081224 0.065603
0 0.530591 0.823138 0.023207 0.018617
0 0.460970 0.858156 0.052743 0.024823
0 0.820675 0.869238 0.147679 0.128546
0 0.709916 0.870124 0.075949 0.091312
1 0.270570 0.702128 0.323840 0.269504
1 0.199367 0.965426 0.185654 0.063830
