0 0.465144 0.051339 0.069712 0.097321
0 0.845252 0.911161 0.049880 0.070536
0 0.087440 0.847321 0.029447 0.037500
0 0.296274 0.818750 0.060096 0.083929
0 0.403846 0.975000 0.054087 0.041071
0 0.614784 0.817411 0.109375 0.122321
0 0.352163 0.756696 0.073317 0.095536
0 0.034255 0.713393 0.061298 0.073214
0 0.799579 0.710714 0.040264 0.058929
0 0.278546 0.634375 0.100361 0.109821
0 0.981671 0.645536 0.030649 0.092857
0 0.293570 0.543750 0.070312 0.082143
0 0.866587 0.569196 0.040865 0.059821
0 0.597055 0.538393 0.029447 0.048214
0 0.815805 0.495982 0.078726 0.102679
0 0.561298 0.472321 0.030048 0.035714
0 0.524339 0.405804 0.030649 0.045536
0 0.219952 0.918304 0.131010 0.131250
0 0.037560 0.902679 0.028245 0.039286
0 0.996394 0.386607 0.007212 0.044643
0 0.487981 0.339286 0.030048 0.033929
0 0.118089 0.308929 0.075120 0.092857
0 0.604267 0.937054 0.034255 0.043750
0 0.375601 0.281696 0.037260 0.056250
0 0.492188 0.235268 0.079327 0.111607
0 0.738281 0.250893 0.045072 0.069643
0 0.342248 0.217857 0.036659 0.046429
0 0.310096 0.162500 0.039663 0.044643
0 0.277344 0.099107 0.041466 0.064286
