0 0.796569 0.883043 0.098039 0.068696
0 0.167892 0.884348 0.017157 0.017391
0 0.325980 0.906522 0.147059 0.075652
0 0.681373 0.093478 0.080882 0.039130
0 0.838235 0.940435 0.039216 0.023478
0 0.323529 0.953043 0.061275 0.031304
0 0.531250 0.964783 0.089461 0.033913
0 0.327206 0.105217 0.061275 0.034783
0 0.750613 0.123913 0.074755 0.046087
0 0.882353 0.130435 0.188725 0.093913
0 0.347426 0.136522 0.064951 0.033043
0 0.457721 0.141739 0.207108 0.116522
0 0.256127 0.154783 0.110294 0.067826
0 0.494485 0.183043 0.104167 0.023478
0 0.873775 0.021739 0.196078 0.043478
0 0.290441 0.212174 0.122549 0.066087
0 0.189951 0.223478 0.068627 0.040000
0 0.047181 0.246522 0.033088 0.040870
0 0.761642 0.254348 0.069853 0.044348
0 0.515931 0.256087 0.078431 0.060000
0 0.654412 0.266957 0.098039 0.083478
0 0.243260 0.273913 0.094363 0.050435
0 0.451593 0.319130 0.148284 0.088696
0 0.077819 0.324783 0.060049 0.061739
0 0.574142 0.356522 0.096814 0.080000
0 0.835172 0.365652 0.067402 0.077391
0 0.682598 0.037826 0.122549 0.054783
0 0.072304 0.393478 0.061275 0.072174
0 0.417892 0.406957 0.105392 0.093913
0 0.185662 0.423043 0.047794 0.028696
0 0.587010 0.450000 0.151961 0.133043
0 0.951593 0.453478 0.094363 0.082609
0 0.099877 0.454348 0.060049 0.068696
0 0.471814 0.454783 0.046569 0.036522
0 0.292279 0.472174 0.162990 0.104348
0 0.137255 0.474348 0.012255 0.018261
0 0.723652 0.475217 0.109069 0.089565
0 0.984681 0.477826 0.028186 0.047826
0 0.656863 0.483913 0.044118 0.032174
0 0.416667 0.496957 0.080882 0.065217
0 0.167892 0.522609 0.031863 0.019130
0 0.337010 0.053043 0.061275 0.024348
0 0.438113 0.056087 0.040441 0.026957
0 0.126225 0.559565 0.044118 0.098261
0 0.234681 0.571739 0.077206 0.037391
0 0.529412 0.587826 0.063725 0.052174
0 0.643382 0.615652 0.026961 0.013913
0 0.893382 0.626087 0.075980 0.074783
0 0.809436 0.626087 0.099265 0.093913
0 0.088848 0.627391 0.064951 0.112174
0 0.520221 0.635652 0.133578 0.080000
0 0.395833 0.655217 0.049020 0.032174
0 0.670956 0.666957 0.060049 0.038261
0 0.944853 0.670000 0.107843 0.061739
0 0.301471 0.684783 0.112745 0.046087
0 0.606005 0.710000 0.064951 0.044348
0 0.256740 0.711304 0.072304 0.046957
0 0.112745 0.732174 0.078431 0.093913
0 0.767157 0.736522 0.034314 0.024348
0 0.158088 0.739130 0.012255 0.015652
0 0.398897 0.739565 0.074755 0.044348
0 0.197304 0.748696 0.073529 0.095652
0 0.270221 0.758696 0.079657 0.044348
0 0.814338 0.766957 0.064951 0.048696
0 0.542279 0.783043 0.067402 0.053043
0 0.602328 0.783478 0.042892 0.027826
0 0.191176 0.810870 0.085784 0.070435
0 0.778799 0.817391 0.104167 0.053913
0 0.310662 0.821304 0.118873 0.053043
0 0.572917 0.827826 0.084559 0.045217
0 0.656250 0.831304 0.084559 0.031304
0 0.465686 0.867391 0.115196 0.098261
1 0.943015 0.294348 0.062500 0.053043
1 0.870098 0.357826 0.259804 0.214783
1 0.878676 0.134348 0.242647 0.232174
0 0.896446 0.096087 0.040441 0.016522
0 0.106618 0.310000 0.044118 0.044348
0 0.199142 0.943043 0.011029 0.021739
1 0.153186 0.168696 0.193627 0.231304
1 0.050858 0.389565 0.096814 0.213913
