0 0.335833 0.145000 0.238333 0.216667
0 0.123333 0.378333 0.150000 0.246667
0 0.185000 0.687500 0.246667 0.268333
0 0.300833 0.435000 0.231667 0.240000
0 0.547500 0.279167 0.275000 0.221667
0 0.767500 0.171667 0.318333 0.193333
0 0.845833 0.395833 0.241667 0.228333
0 0.500833 0.510000 0.158333 0.160000
0 0.423333 0.700833 0.186667 0.145000
0 0.483333 0.884167 0.320000 0.145000
0 0.675833 0.595000 0.221667 0.223333
0 0.830000 0.690833 0.183333 0.235000
0 0.335833 0.145000 0.238333 0.216667
0 0.123333 0.378333 0.150000 0.246667
0 0.185000 0.687500 0.246667 0.268333
0 0.300833 0.435000 0.231667 0.240000
0 0.547500 0.279167 0.275000 0.221667
0 0.767500 0.171667 0.318333 0.193333
0 0.845833 0.395833 0.241667 0.228333
0 0.500833 0.510000 0.158333 0.160000
0 0.423333 0.700833 0.186667 0.145000
0 0.483333 0.884167 0.320000 0.145000
0 0.675833 0.595000 0.221667 0.223333
0 0.830000 0.690833 0.183333 0.235000
