0 0.867920 0.682422 0.051270 0.085156
0 0.243408 0.728516 0.014160 0.021094
0 0.322510 0.751563 0.016113 0.020313
0 0.089111 0.754297 0.083496 0.139844
0 0.625000 0.076953 0.023438 0.033594
0 0.613037 0.764062 0.044434 0.073438
0 0.249023 0.079297 0.033203 0.041406
0 0.776123 0.801953 0.047363 0.066406
0 0.690918 0.899219 0.045898 0.085938
0 0.396484 0.914062 0.011719 0.020313
0 0.921875 0.943359 0.089844 0.113281
0 0.293701 0.108984 0.020996 0.027344
0 0.358643 0.117578 0.059082 0.080469
0 0.757324 0.122656 0.074219 0.090625
0 0.603027 0.144141 0.022461 0.033594
0 0.557617 0.150781 0.019531 0.031250
0 0.702148 0.160547 0.021484 0.032031
0 0.175049 0.176953 0.059082 0.064844
0 0.277344 0.179688 0.037109 0.060937
0 0.332520 0.186328 0.020508 0.028906
0 0.731689 0.191406 0.023926 0.037500
0 0.422363 0.205859 0.011719 0.030469
0 0.626709 0.205469 0.021973 0.034375
0 0.601318 0.021094 0.023926 0.042188
0 0.695312 0.022266 0.020508 0.042969
0 0.510498 0.252734 0.061035 0.111719
0 0.295898 0.255078 0.026367 0.030469
0 0.763916 0.264844 0.022949 0.034375
0 0.395996 0.269922 0.019531 0.030469
0 0.188477 0.275391 0.039062 0.050781
0 0.125488 0.303125 0.074219 0.081250
0 0.385742 0.314844 0.013672 0.021875
0 0.623535 0.317969 0.059570 0.143750
0 0.428711 0.339453 0.012695 0.016406
0 0.317871 0.340625 0.019531 0.029687
0 0.578857 0.361328 0.018066 0.021094
0 0.408447 0.362500 0.004395 0.012500
0 0.529785 0.363281 0.010742 0.017188
0 0.054932 0.369531 0.015137 0.018750
0 0.227539 0.383594 0.044922 0.042188
0 0.844238 0.385156 0.016602 0.028125
0 0.604248 0.395313 0.061035 0.145313
0 0.814453 0.410156 0.025391 0.037500
0 0.536377 0.044141 0.052246 0.067969
0 0.688477 0.437109 0.017578 0.044531
0 0.356934 0.449219 0.065430 0.153125
0 0.138916 0.049219 0.085449 0.098437
0 0.178955 0.493750 0.027832 0.037500
0 0.620117 0.499219 0.011719 0.023438
0 0.852051 0.517578 0.047852 0.066406
0 0.207031 0.517578 0.021484 0.024219
0 0.450439 0.052344 0.008301 0.007812
0 0.659424 0.522656 0.019043 0.031250
0 0.745361 0.555469 0.069824 0.129688
0 0.136719 0.556250 0.012695 0.023438
0 0.505127 0.564453 0.065918 0.111719
0 0.818359 0.572266 0.056641 0.083594
0 0.254639 0.573047 0.030762 0.052344
0 0.086426 0.626172 0.041992 0.039844
1 0.816406 0.361719 0.109375 0.225000
1 0.438965 0.529687 0.041016 0.176563
1 0.422363 0.525000 0.039062 0.171875
1 0.363037 0.687109 0.144043 0.188281
0 0.319580 0.601953 0.005371 0.013281
1 0.384521 0.828516 0.134277 0.242969
1 0.430908 0.331250 0.057129 0.160938
1 0.403564 0.229297 0.112793 0.263281
1 0.706055 0.038281 0.047852 0.076563
