0 0.296104 0.039138 0.064935 0.041869
0 0.971753 0.676881 0.022727 0.018811
0 0.056169 0.591930 0.043506 0.050364
0 0.011688 0.592840 0.023377 0.052184
0 0.683766 0.668083 0.032468 0.030340
0 0.815584 0.691444 0.053247 0.057646
0 0.597078 0.686286 0.048701 0.049757
1 0.412338 0.684769 0.076623 0.066141
0 0.009740 0.648058 0.019481 0.024272
0 0.463636 0.695388 0.022078 0.027913
0 0.818831 0.744842 0.076623 0.061286
0 0.309091 0.723301 0.027273 0.025485
1 0.509416 0.759709 0.073377 0.049757
0 0.224675 0.744842 0.112987 0.102549
0 0.053896 0.745752 0.033766 0.041262
0 0.652273 0.813410 0.057792 0.050364
0 0.747727 0.854976 0.035714 0.036408
0 0.011039 0.795510 0.022078 0.049757
1 0.500325 0.878944 0.078571 0.051578
0 0.819156 0.938107 0.046104 0.040049
0 0.712338 0.954187 0.027273 0.028519
0 0.182792 0.064624 0.127922 0.106189
0 0.072078 0.091626 0.061039 0.038835
0 0.390909 0.126820 0.098701 0.112864
0 0.072403 0.165049 0.066883 0.057039
0 0.492532 0.208738 0.052597 0.037621
0 0.600325 0.231796 0.125325 0.094660
0 0.403896 0.225728 0.045455 0.037621
0 0.876948 0.327670 0.039610 0.031553
0 0.279221 0.280340 0.174026 0.109223
0 0.104545 0.270934 0.055844 0.055218
0 0.769805 0.361954 0.031818 0.026092
0 0.685065 0.354672 0.079221 0.077063
0 0.824351 0.368325 0.031818 0.031553
0 0.394805 0.340109 0.042857 0.034587
0 0.128247 0.018811 0.090260 0.037621
0 0.178571 0.333434 0.059740 0.037015
0 0.474675 0.378944 0.028571 0.029733
0 0.916234 0.439017 0.040260 0.034587
0 0.772727 0.449029 0.033766 0.024272
0 0.304545 0.413228 0.084416 0.080097
0 0.862013 0.478762 0.079870 0.044903
0 0.387338 0.444782 0.022727 0.024272
0 0.028571 0.418993 0.044156 0.034587
0 0.611364 0.489684 0.033117 0.043689
0 0.009091 0.443568 0.010390 0.010922
0 0.534740 0.507585 0.020130 0.023665
0 0.663636 0.541566 0.029870 0.023665
0 0.296429 0.513350 0.025325 0.026699
0 0.634416 0.556432 0.031169 0.026699
0 0.052273 0.512743 0.072078 0.054612
0 0.005195 0.508192 0.010390 0.021238
0 0.720130 0.594357 0.046753 0.034587
0 0.836364 0.607100 0.057143 0.044296
0 0.452597 0.572209 0.024675 0.019417
0 0.347403 0.563107 0.085714 0.070388
1 0.064610 0.564927 0.129221 0.263350
1 0.232143 0.072209 0.382468 0.144417
