0 0.796786 0.085290 0.080714 0.082942
0 0.035000 0.907668 0.037143 0.040689
0 0.321786 0.956182 0.016429 0.025039
0 0.942500 0.131455 0.040714 0.034429
0 0.437857 0.167449 0.054286 0.068858
0 0.220714 0.277387 0.034286 0.041471
0 0.774643 0.309859 0.030714 0.031299
0 0.686429 0.309859 0.017143 0.034429
0 0.058929 0.347027 0.042143 0.039906
0 0.405357 0.371283 0.052143 0.069640
0 0.650714 0.402191 0.031429 0.028169
0 0.519643 0.473787 0.029286 0.030516
0 0.508214 0.569249 0.020714 0.021127
0 0.221429 0.570814 0.075714 0.071205
0 0.611429 0.600548 0.050000 0.036776
0 0.579286 0.677230 0.040000 0.043036
0 0.437143 0.702660 0.021429 0.028169
0 0.043571 0.735915 0.034286 0.032081
0 0.401071 0.780908 0.026429 0.028169
