0 0.624339 0.141901 0.095238 0.051658
0 0.634039 0.185906 0.037037 0.027423
0 0.754850 0.727997 0.028219 0.028699
0 0.702381 0.473852 0.029101 0.021684
0 0.724427 0.551020 0.041446 0.031888
0 0.760141 0.603635 0.042328 0.036352
0 0.808201 0.746492 0.043210 0.040179
0 0.746473 0.455357 0.029101 0.020408
0 0.702381 0.215561 0.050265 0.047194
0 0.694885 0.117347 0.033510 0.012755
0 0.775573 0.288584 0.052028 0.041454
0 0.847443 0.448980 0.047619 0.031888
0 0.834215 0.388074 0.035273 0.031250
0 0.821869 0.323342 0.022928 0.017857
0 0.810406 0.239158 0.029982 0.020408
0 0.888889 0.533801 0.045855 0.034439
0 0.859788 0.357462 0.019400 0.014668
0 0.897707 0.485969 0.022928 0.015306
0 0.955908 0.705038 0.056437 0.050383
0 0.883598 0.309630 0.017637 0.014668
0 0.874780 0.231824 0.019400 0.013393
0 0.964727 0.643176 0.022928 0.021046
0 0.920194 0.351084 0.023810 0.018495
0 0.914021 0.266263 0.066138 0.041454
0 0.975309 0.525191 0.049383 0.040179
0 0.906085 0.183992 0.023810 0.019770
0 0.977513 0.476084 0.032628 0.024872
0 0.974427 0.437181 0.042328 0.035077
0 0.944885 0.305804 0.043210 0.033801
0 0.929012 0.223214 0.039683 0.038265
0 0.121693 0.437181 0.081129 0.037628
0 0.122134 0.386161 0.036155 0.022321
0 0.138448 0.342156 0.040564 0.029974
0 0.197090 0.334821 0.037919 0.029337
0 0.258377 0.479592 0.074074 0.029337
0 0.245150 0.367666 0.052910 0.040179
0 0.311287 0.507972 0.088183 0.042730
0 0.278660 0.244579 0.045855 0.027423
0 0.420194 0.539541 0.067901 0.047194
0 0.459877 0.688138 0.057319 0.035714
0 0.386243 0.348214 0.045855 0.030612
0 0.399030 0.300064 0.046737 0.038903
0 0.504409 0.748087 0.038801 0.047194
0 0.540564 0.853954 0.052910 0.019133
0 0.412257 0.264668 0.048501 0.043367
0 0.447972 0.414541 0.084656 0.052296
0 0.435185 0.338648 0.048501 0.020408
0 0.489859 0.526786 0.048501 0.025510
0 0.538801 0.680485 0.052910 0.056122
0 0.525573 0.573023 0.037037 0.038903
0 0.470459 0.289222 0.025573 0.021046
0 0.453263 0.204401 0.044092 0.042730
0 0.495591 0.371492 0.038801 0.028699
0 0.521164 0.486607 0.075838 0.036990
0 0.485450 0.246811 0.025573 0.016582
0 0.512346 0.329719 0.021164 0.015306
0 0.535714 0.405931 0.025573 0.027423
0 0.491623 0.177615 0.055556 0.024872
0 0.507937 0.212054 0.024691 0.021046
0 0.612434 0.679847 0.111993 0.113520
0 0.648589 0.844069 0.036155 0.014668
0 0.582451 0.487564 0.046737 0.027423
0 0.571869 0.435587 0.023810 0.024235
0 0.603175 0.563138 0.077601 0.108418
0 0.556437 0.349809 0.047619 0.055485
0 0.569665 0.314732 0.026455 0.019770
0 0.555996 0.236288 0.078483 0.047832
0 0.622134 0.513074 0.055556 0.029974
0 0.544533 0.142857 0.055556 0.031888
0 0.623898 0.420281 0.048501 0.047194
0 0.594797 0.273278 0.027337 0.021046
0 0.662257 0.561862 0.033510 0.024235
0 0.630511 0.346939 0.104056 0.068878
1 0.418430 0.199617 0.101411 0.065051
1 0.881834 0.120217 0.093474 0.066964
