0 0.245455 0.061590 0.061039 0.035801
0 0.988961 0.629854 0.020779 0.016990
0 0.068506 0.634405 0.038312 0.046723
0 0.023377 0.640473 0.020779 0.050364
0 0.701623 0.649272 0.029221 0.027913
0 0.835390 0.659587 0.047403 0.053398
0 0.617532 0.675667 0.044156 0.045510
1 0.433117 0.692354 0.070130 0.059466
0 0.028571 0.695085 0.018182 0.022451
0 0.485714 0.697512 0.019481 0.026092
0 0.844481 0.712379 0.070779 0.054612
0 0.335065 0.740291 0.024675 0.023058
1 0.538312 0.756978 0.068831 0.043083
0 0.253571 0.770328 0.103247 0.092840
0 0.083766 0.787621 0.029870 0.038835
0 0.686364 0.796420 0.053247 0.045510
0 0.785714 0.828580 0.032468 0.033374
0 0.033117 0.843143 0.045455 0.045510
1 0.542208 0.876517 0.074026 0.044296
0 0.865909 0.904126 0.042208 0.036408
0 0.761688 0.931129 0.024675 0.026092
0 0.135714 0.097998 0.118182 0.095267
0 0.028896 0.135619 0.057792 0.033374
0 0.349675 0.139260 0.087662 0.104976
0 0.037338 0.208434 0.061688 0.051578
0 0.459740 0.211165 0.049351 0.032767
0 0.569481 0.223301 0.116883 0.083738
0 0.373377 0.236650 0.041558 0.033981
0 0.855195 0.291869 0.036364 0.027913
0 0.255519 0.302791 0.164286 0.093447
0 0.081169 0.310376 0.050649 0.050364
0 0.752922 0.336468 0.029221 0.023665
0 0.667532 0.337379 0.071429 0.070388
0 0.807792 0.337379 0.028571 0.029126
0 0.377597 0.351032 0.039610 0.030947
0 0.074351 0.036408 0.082468 0.072816
0 0.161364 0.365898 0.056494 0.031553
0 0.461039 0.381978 0.025974 0.027306
0 0.906818 0.398362 0.037013 0.030947
0 0.765260 0.422633 0.031818 0.021238
0 0.295455 0.433252 0.076623 0.072816
0 0.857468 0.443568 0.075974 0.037621
0 0.381494 0.456007 0.020130 0.022451
0 0.021753 0.465109 0.040909 0.030947
0 0.609740 0.478762 0.028571 0.041262
0 0.005195 0.491808 0.009091 0.010316
0 0.535390 0.504248 0.017532 0.021845
0 0.667208 0.525182 0.027922 0.021238
0 0.299026 0.533070 0.022727 0.024879
0 0.639610 0.543083 0.028571 0.024272
0 0.056169 0.556432 0.066883 0.048544
0 0.006494 0.556735 0.012987 0.020024
0 0.729545 0.572209 0.043506 0.030340
0 0.846104 0.573726 0.053247 0.039442
0 0.460714 0.576153 0.022727 0.017597
0 0.355195 0.577670 0.079221 0.063107
0 0.990909 0.177488 0.018182 0.029733
1 0.062662 0.608617 0.125325 0.252427
1 0.183442 0.077670 0.366883 0.155340
