0 0.970018 0.644452 0.058201 0.063138
0 0.908289 0.644770 0.033510 0.022959
0 0.149471 0.646046 0.036155 0.016582
0 0.504409 0.648278 0.026455 0.018495
0 0.395062 0.652105 0.038801 0.026148
0 0.317901 0.669324 0.044974 0.026148
0 0.115079 0.681441 0.050265 0.026148
0 0.522928 0.682717 0.024691 0.018495
0 0.856702 0.689094 0.059083 0.029974
0 0.992504 0.698980 0.013228 0.022959
0 0.746032 0.729911 0.051146 0.032526
0 0.515432 0.755740 0.037919 0.030612
0 0.600529 0.756378 0.038801 0.021684
0 0.690917 0.757653 0.022046 0.014031
0 0.807760 0.762117 0.024691 0.019133
0 0.393298 0.772640 0.042328 0.028699
0 0.638448 0.779018 0.017637 0.012117
0 0.457231 0.786033 0.018519 0.014668
0 0.148589 0.793367 0.062610 0.034439
0 0.699735 0.803890 0.018519 0.010842
0 0.807760 0.809630 0.015873 0.012117
0 0.231922 0.809311 0.026455 0.014031
0 0.637566 0.823023 0.022928 0.014668
0 0.754409 0.831952 0.048501 0.042730
0 0.391534 0.835459 0.049383 0.030612
0 0.868607 0.839605 0.024691 0.014668
0 0.458554 0.845026 0.029982 0.020408
0 0.511905 0.850128 0.043210 0.029337
0 0.696208 0.851084 0.041446 0.032526
0 0.154762 0.857462 0.073192 0.047832
0 0.810847 0.858737 0.048501 0.041454
0 0.317901 0.882653 0.096120 0.052296
0 0.148148 0.928890 0.100529 0.047832
0 0.231041 0.938138 0.058201 0.040816
0 0.044974 0.101084 0.058201 0.032526
0 0.638889 0.115434 0.067901 0.066327
0 0.572751 0.014668 0.060847 0.029337
0 0.811728 0.153380 0.046737 0.040179
0 0.645503 0.239796 0.040564 0.054847
0 0.715168 0.247768 0.026455 0.023597
0 0.772046 0.266582 0.036155 0.025510
0 0.772928 0.308992 0.036155 0.023597
0 0.566138 0.330357 0.029982 0.051020
0 0.720459 0.338648 0.049383 0.033163
0 0.518959 0.363839 0.046737 0.059311
0 0.883598 0.382334 0.031746 0.029974
0 0.458554 0.436862 0.056437 0.043367
0 0.249559 0.441964 0.042328 0.036990
0 0.725309 0.442602 0.036155 0.029337
0 0.788801 0.458865 0.048501 0.028699
0 0.160494 0.463967 0.061728 0.021046
0 0.010141 0.473533 0.018519 0.036352
0 0.835097 0.473852 0.054674 0.029337
0 0.624780 0.475765 0.060847 0.054847
0 0.731041 0.478954 0.021164 0.033163
0 0.465608 0.488202 0.028219 0.032526
0 0.247795 0.499362 0.072310 0.030612
0 0.396384 0.506696 0.050265 0.021046
0 0.792328 0.511798 0.025573 0.015944
0 0.911376 0.512436 0.053792 0.026148
0 0.676367 0.516582 0.035273 0.024235
0 0.514991 0.517219 0.040564 0.051020
0 0.848325 0.529337 0.019400 0.016582
0 0.730600 0.535395 0.018519 0.013393
0 0.623457 0.539860 0.035273 0.014668
0 0.941799 0.544324 0.026455 0.037628
0 0.892416 0.550383 0.026455 0.015306
0 0.237213 0.551977 0.144621 0.065689
0 0.007496 0.551977 0.014991 0.024872
0 0.504409 0.560587 0.031746 0.030612
0 0.577160 0.561224 0.030864 0.014031
0 0.397707 0.563457 0.142857 0.040179
0 0.696208 0.563776 0.071429 0.026786
0 0.742063 0.578444 0.023810 0.016582
0 0.852293 0.580995 0.055556 0.051020
0 0.462963 0.584821 0.033510 0.036990
0 0.980600 0.587691 0.037037 0.036352
0 0.589947 0.601084 0.059965 0.028699
0 0.794974 0.602997 0.025573 0.017219
0 0.390212 0.606186 0.029101 0.021046
0 0.689153 0.617028 0.082011 0.066964
1 0.923721 0.488839 0.076720 0.065689
1 0.959436 0.858418 0.081129 0.112245
