0 0.127143 0.167840 0.077143 0.089984
0 0.864286 0.997653 0.037143 0.004695
0 0.913571 0.703443 0.022857 0.018779
0 0.171071 0.015649 0.032143 0.031299
0 0.195357 0.562598 0.063571 0.061033
0 0.292143 0.802426 0.038571 0.038341
0 0.331071 0.196401 0.029286 0.034429
0 0.330000 0.293036 0.031429 0.019562
0 0.352857 0.977308 0.037143 0.040689
0 0.380714 0.601330 0.064286 0.058685
0 0.413214 0.333725 0.026429 0.035211
0 0.476429 0.478091 0.028571 0.032864
0 0.563571 0.492567 0.020000 0.022692
0 0.559643 0.806729 0.066429 0.084507
0 0.593571 0.379890 0.034286 0.055556
0 0.663571 0.416667 0.040000 0.044601
0 0.683929 0.572379 0.026429 0.024257
0 0.707500 0.992175 0.029286 0.015649
0 0.754643 0.613459 0.026429 0.029734
