0 0.916071 0.764085 0.086429 0.099374
0 0.068929 0.066901 0.037857 0.016432
0 0.063214 0.370501 0.025000 0.021127
0 0.894286 0.925665 0.035714 0.042254
0 0.792143 0.386541 0.070000 0.068858
0 0.662500 0.166275 0.042143 0.043036
0 0.710000 0.771518 0.032857 0.037559
0 0.698214 0.676056 0.033571 0.023474
0 0.577143 0.012911 0.041429 0.025822
0 0.603571 0.379890 0.070000 0.066510
0 0.609286 0.649844 0.030000 0.038341
0 0.526429 0.517997 0.031429 0.035994
0 0.438929 0.518779 0.022143 0.025039
0 0.397500 0.208138 0.075000 0.092332
0 0.425000 0.635368 0.040000 0.059468
0 0.350714 0.610720 0.044286 0.049296
0 0.308571 0.460485 0.028571 0.027387
0 0.224286 0.047340 0.031429 0.022692
0 0.232500 0.431925 0.029286 0.032864
