0 0.820625 0.431584 0.158750 0.102156
0 0.695000 0.633552 0.070000 0.103093
0 0.239375 0.344424 0.133750 0.115276
0 0.114375 0.683224 0.061250 0.050609
1 0.762500 0.313964 0.262500 0.185567
0 0.058750 0.532802 0.065000 0.055295
0 0.070000 0.759606 0.052500 0.057170
0 0.123125 0.589035 0.058750 0.049672
0 0.033750 0.447048 0.065000 0.058107
0 0.038125 0.384255 0.043750 0.026242
0 0.115000 0.784442 0.055000 0.069353
1 0.657500 0.432052 0.250000 0.193065
1 0.357500 0.127460 0.267500 0.209934
0 0.066875 0.656514 0.046250 0.030928
0 0.082500 0.887067 0.042500 0.036551
0 0.098125 0.470947 0.056250 0.040300
0 0.413750 0.830366 0.202500 0.110590
0 0.686250 0.785848 0.042500 0.023430
0 0.061250 0.865979 0.047500 0.052484
0 0.051875 0.918932 0.026250 0.032802
0 0.069375 0.928304 0.028750 0.029053
0 0.025000 0.957826 0.045000 0.039363
0 0.820625 0.431584 0.158750 0.102156
0 0.695000 0.633552 0.070000 0.103093
0 0.239375 0.344424 0.133750 0.115276
0 0.114375 0.683224 0.061250 0.050609
1 0.762500 0.313964 0.262500 0.185567
0 0.058750 0.532802 0.065000 0.055295
0 0.070000 0.759606 0.052500 0.057170
0 0.123125 0.589035 0.058750 0.049672
0 0.033750 0.447048 0.065000 0.058107
0 0.038125 0.384255 0.043750 0.026242
0 0.115000 0.784442 0.055000 0.069353
1 0.657500 0.432052 0.250000 0.193065
1 0.357500 0.127460 0.267500 0.209934
0 0.066875 0.656514 0.046250 0.030928
0 0.082500 0.887067 0.042500 0.036551
0 0.098125 0.470947 0.056250 0.040300
0 0.413750 0.830366 0.202500 0.110590
0 0.686250 0.785848 0.042500 0.023430
0 0.061250 0.865979 0.047500 0.052484
0 0.051875 0.918932 0.026250 0.032802
0 0.069375 0.928304 0.028750 0.029053
0 0.025000 0.957826 0.045000 0.039363
