1 0.469375 0.468135 0.226250 0.190253
1 0.700000 0.667760 0.400000 0.216495
0 0.872500 0.374414 0.145000 0.132146
1 0.229375 0.640112 0.431250 0.221181
0 0.023750 0.793814 0.047500 0.037488
0 0.415625 0.836926 0.056250 0.054358
1 0.244375 0.483130 0.331250 0.173383
0 0.020000 0.829428 0.040000 0.037488
0 0.191250 0.144799 0.047500 0.036551
0 0.030000 0.293346 0.035000 0.052484
0 0.315000 0.851921 0.050000 0.033739
0 0.228750 0.210403 0.042500 0.029053
1 0.116250 0.480787 0.232500 0.328022
0 0.055625 0.229147 0.046250 0.029053
0 0.063750 0.801781 0.042500 0.030928
0 0.500000 0.821931 0.047500 0.054358
0 0.920625 0.201031 0.158750 0.126523
0 0.957500 0.796157 0.047500 0.038425
0 0.700625 0.200562 0.056250 0.035614
0 0.471250 0.369260 0.042500 0.026242
0 0.586875 0.580600 0.048750 0.029053
0 0.592500 0.185098 0.032500 0.036551
0 0.103125 0.838332 0.031250 0.021556
0 0.046875 0.522962 0.026250 0.029991
0 0.211875 0.751640 0.028750 0.020619
0 0.237500 0.820056 0.030000 0.022493
0 0.375000 0.765230 0.027500 0.021556
0 0.365625 0.798032 0.023750 0.019681
0 0.331250 0.703374 0.040000 0.023430
0 0.283750 0.649016 0.027500 0.027179
0 0.312500 0.687910 0.022500 0.018744
0 0.283750 0.678069 0.035000 0.021556
0 0.258750 0.863168 0.035000 0.007498
0 0.165000 0.294752 0.035000 0.023430
0 0.259375 0.339269 0.031250 0.020619
0 0.438750 0.377226 0.025000 0.019681
0 0.059375 0.494845 0.021250 0.028116
0 0.011250 0.368322 0.007500 0.028116
0 0.329375 0.349110 0.023750 0.017807
0 0.011250 0.402999 0.012500 0.035614
0 0.220625 0.483130 0.016250 0.010309
0 0.021250 0.369260 0.017500 0.029991
0 0.679375 0.691659 0.031250 0.022493
0 0.777500 0.705717 0.032500 0.018744
0 0.830000 0.753983 0.017500 0.014058
0 0.608125 0.796157 0.023750 0.021556
0 0.646875 0.862231 0.038750 0.026242
0 0.868750 0.302249 0.040000 0.021556
0 0.606875 0.328022 0.016250 0.014995
0 0.567500 0.790066 0.025000 0.022493
0 0.715625 0.726804 0.023750 0.012184
0 0.528750 0.554358 0.047500 0.017807
0 0.722500 0.702905 0.012500 0.007498
0 0.541250 0.722587 0.017500 0.011246
1 0.774375 0.860825 0.063750 0.053421
0 0.776875 0.861762 0.013750 0.012184
0 0.011875 0.449391 0.018750 0.025305
0 0.491875 0.358482 0.016250 0.015933
0 0.669375 0.506092 0.008750 0.005623
0 0.901875 0.374414 0.013750 0.010309
0 0.895000 0.435333 0.012500 0.008435
0 0.947500 0.161200 0.015000 0.011246
