0 0.053060 0.277344 0.060547 0.044922
0 0.509766 0.270996 0.048177 0.030273
0 0.673828 0.268555 0.019531 0.019531
0 0.010091 0.303467 0.020182 0.038574
0 0.717122 0.268066 0.042318 0.031250
0 0.665365 0.275635 0.014323 0.020996
0 0.098633 0.049561 0.041016 0.037598
0 0.929036 0.287842 0.087240 0.067871
0 0.076172 0.339844 0.069010 0.065430
0 0.333984 0.337402 0.045573 0.030273
0 0.774089 0.320557 0.084635 0.072754
0 0.428711 0.343506 0.033203 0.027832
0 0.108073 0.370605 0.074219 0.059570
0 0.004883 0.386719 0.009766 0.041016
0 0.543294 0.377686 0.069661 0.110840
0 0.186198 0.403809 0.053385 0.034180
0 0.958659 0.378906 0.068359 0.072266
0 0.820312 0.403076 0.011719 0.009277
0 0.666992 0.422852 0.057943 0.042969
0 0.442057 0.446533 0.023438 0.018066
0 0.306966 0.472412 0.046224 0.030762
0 0.582357 0.463867 0.050130 0.040039
0 0.194987 0.484619 0.056641 0.036621
0 0.842122 0.453125 0.009766 0.007812
0 0.812174 0.457275 0.051432 0.089355
0 0.668294 0.463867 0.063151 0.041992
0 0.448242 0.480469 0.029297 0.023438
0 0.947917 0.458984 0.023438 0.019531
0 0.255859 0.524414 0.046875 0.032227
0 0.027669 0.574951 0.047526 0.062012
0 0.515951 0.582275 0.106120 0.095215
0 0.373372 0.597900 0.068359 0.060059
0 0.237305 0.621338 0.030599 0.017090
0 0.268555 0.650146 0.063151 0.051270
0 0.034180 0.666260 0.043620 0.055176
0 0.974284 0.620605 0.051432 0.040039
0 0.726237 0.638672 0.024089 0.020508
0 0.612305 0.692871 0.011068 0.015625
0 0.797526 0.696533 0.072917 0.058105
0 0.893555 0.728760 0.074870 0.051270
0 0.995117 0.757812 0.009766 0.025391
0 0.917318 0.769775 0.049479 0.042480
0 0.535807 0.819092 0.024740 0.024902
0 0.230794 0.890869 0.057943 0.046387
0 0.354167 0.911865 0.072917 0.057129
0 0.104492 0.115234 0.022786 0.018555
0 0.340495 0.109131 0.046875 0.025879
0 0.665690 0.095947 0.059245 0.044434
0 0.442708 0.114014 0.046875 0.060059
0 0.905924 0.098389 0.029297 0.024902
0 0.565755 0.122314 0.033854 0.025879
0 0.159505 0.158203 0.042969 0.029297
0 0.373698 0.150879 0.054688 0.047852
0 0.651042 0.149902 0.037760 0.024414
0 0.812174 0.150391 0.111328 0.083984
0 0.921224 0.146484 0.039062 0.027344
0 0.269206 0.199219 0.033203 0.036133
0 0.166341 0.228271 0.043620 0.026855
0 0.495117 0.211182 0.044922 0.030762
0 0.743815 0.207031 0.038411 0.026367
0 0.616211 0.214600 0.091797 0.073730
0 0.936198 0.201660 0.040365 0.027344
0 0.362305 0.245850 0.085286 0.057129
1 0.095052 0.318115 0.190104 0.348145
0 0.419922 0.129150 0.024740 0.033691
1 0.362305 0.128906 0.220703 0.184570
1 0.925130 0.449463 0.147135 0.065918
1 0.862305 0.437744 0.106120 0.097168
1 0.795247 0.560547 0.328776 0.113281
1 0.560872 0.747803 0.179036 0.350098
1 0.407227 0.756592 0.108724 0.148926
1 0.237956 0.608643 0.238932 0.065918
1 0.083659 0.805176 0.124349 0.150391
