0 0.344727 0.257324 0.056641 0.036133
0 0.661133 0.276855 0.056641 0.036133
0 0.227865 0.279541 0.039062 0.032715
0 0.894206 0.287354 0.018880 0.025879
0 0.746094 0.301514 0.066406 0.052246
0 0.993490 0.304199 0.011719 0.035156
0 0.145508 0.332275 0.035807 0.030762
0 0.024089 0.332520 0.011719 0.015625
0 0.012370 0.343506 0.024740 0.080566
0 0.060221 0.350830 0.039714 0.073730
0 0.574544 0.367920 0.047526 0.031738
0 0.870768 0.368408 0.188151 0.102051
0 0.472656 0.368896 0.126302 0.117676
0 0.992513 0.378174 0.014974 0.031738
0 0.155273 0.407471 0.026693 0.016113
0 0.590169 0.044189 0.085286 0.076660
0 0.584961 0.445801 0.070964 0.031250
0 0.238607 0.458740 0.068359 0.041504
0 0.311523 0.464111 0.035807 0.017090
0 0.774089 0.464355 0.019531 0.013672
0 0.127604 0.465820 0.072917 0.048828
0 0.753906 0.476318 0.023438 0.020996
0 0.401367 0.487305 0.020182 0.011719
0 0.669271 0.493408 0.092448 0.080566
0 0.743164 0.520264 0.046224 0.024902
0 0.490885 0.521973 0.071615 0.026367
0 0.413737 0.525879 0.020182 0.011719
0 0.115560 0.528564 0.035807 0.024902
0 0.833984 0.530518 0.027344 0.016113
0 0.062174 0.530762 0.044922 0.050781
0 0.246419 0.536621 0.048828 0.053711
0 0.341797 0.556641 0.067708 0.080078
0 0.499674 0.590576 0.048828 0.035645
0 0.168620 0.606689 0.032552 0.020020
0 0.376953 0.612549 0.018229 0.017090
0 0.596029 0.618408 0.065755 0.039551
0 0.792318 0.623291 0.046875 0.018066
0 0.222005 0.638184 0.052083 0.030273
0 0.090495 0.645264 0.048177 0.050293
0 0.554036 0.650146 0.052083 0.028809
0 0.706380 0.654541 0.118490 0.101074
0 0.319661 0.660889 0.031250 0.023926
0 0.269531 0.665283 0.035156 0.022949
0 0.140299 0.674561 0.060547 0.050293
0 0.615234 0.680908 0.096354 0.086426
0 0.460612 0.692627 0.076172 0.036621
0 0.714193 0.713623 0.098958 0.054199
0 0.833984 0.073730 0.088542 0.070312
0 0.308594 0.744873 0.023438 0.014160
0 0.207357 0.763428 0.048828 0.038574
0 0.539062 0.767334 0.075521 0.045410
0 0.434896 0.777588 0.026042 0.016113
0 0.391602 0.778320 0.021484 0.015625
0 0.611979 0.781982 0.026042 0.022949
0 0.362630 0.810791 0.184896 0.107910
0 0.515625 0.823730 0.070312 0.043945
0 0.226562 0.840576 0.048177 0.045410
0 0.282227 0.848389 0.050130 0.028809
0 0.366536 0.091553 0.053385 0.037598
0 0.336263 0.919922 0.055339 0.036133
0 0.208984 0.098145 0.022135 0.020508
0 0.774414 0.129395 0.068359 0.037109
0 0.153646 0.137451 0.024740 0.017090
0 0.052734 0.145752 0.105469 0.173340
0 0.940430 0.149414 0.043620 0.033203
0 0.538411 0.165527 0.200521 0.127930
0 0.313477 0.172852 0.055339 0.037109
0 0.832682 0.192139 0.067708 0.036621
0 0.127279 0.197754 0.074870 0.053711
0 0.973633 0.229004 0.044922 0.039062
0 0.685547 0.244385 0.069010 0.041504
0 0.151367 0.770264 0.009766 0.005371
0 0.127279 0.727783 0.009766 0.017090
0 0.124023 0.733154 0.009766 0.011230
0 0.102214 0.734131 0.023438 0.030762
0 0.091146 0.740967 0.006510 0.010254
0 0.090820 0.748779 0.011068 0.022949
0 0.098958 0.761719 0.006510 0.009766
0 0.122721 0.765869 0.035807 0.046387
0 0.120443 0.789795 0.019531 0.021973
0 0.135417 0.809326 0.016927 0.022949
0 0.149740 0.832520 0.024740 0.031250
0 0.160482 0.865479 0.018880 0.018066
0 0.124023 0.848389 0.007161 0.007324
0 0.146810 0.871826 0.054036 0.076660
0 0.126953 0.817383 0.016927 0.017578
0 0.078451 0.703613 0.033203 0.044922
0 0.060221 0.673584 0.017578 0.010254
0 0.041667 0.635010 0.011719 0.024902
0 0.062174 0.608154 0.035807 0.038574
0 0.040365 0.453125 0.013021 0.014648
0 0.017578 0.454102 0.031250 0.072266
0 0.028646 0.463379 0.020833 0.032227
0 0.016276 0.467285 0.011719 0.011719
0 0.028646 0.494629 0.010417 0.018555
0 0.030273 0.510254 0.007161 0.013672
0 0.025065 0.484131 0.007161 0.008301
0 0.051432 0.555420 0.066406 0.108887
0 0.033203 0.577881 0.007812 0.005371
0 0.038411 0.586914 0.010417 0.011719
0 0.018229 0.410645 0.014323 0.013672
0 0.021159 0.292236 0.008464 0.020020
0 0.024089 0.274414 0.005208 0.014648
0 0.026367 0.222412 0.011068 0.020996
0 0.262370 0.429443 0.019531 0.011230
0 0.259766 0.436523 0.019531 0.008789
1 0.208984 0.367676 0.282552 0.262695
1 0.038411 0.634521 0.018229 0.041504
1 0.070964 0.646240 0.048177 0.069824
1 0.036784 0.579834 0.013672 0.015137
1 0.120768 0.813232 0.021484 0.041504
1 0.602865 0.665283 0.197917 0.174316
1 0.707357 0.488281 0.240234 0.185547
0 0.969727 0.467041 0.020182 0.012207
0 0.966797 0.539551 0.042969 0.027344
0 0.987630 0.565430 0.024740 0.030273
0 0.931641 0.597412 0.031250 0.013184
0 0.912435 0.613525 0.030599 0.013184
0 0.826823 0.626953 0.106771 0.062500
0 0.851888 0.660400 0.024089 0.015137
0 0.917969 0.662842 0.014323 0.034668
0 0.823893 0.707275 0.031901 0.016113
0 0.835938 0.715332 0.028646 0.018555
0 0.762044 0.722900 0.044922 0.027832
0 0.797852 0.739990 0.011068 0.007324
0 0.691081 0.757080 0.021484 0.017090
0 0.697266 0.770508 0.022135 0.015625
0 0.685547 0.816406 0.035156 0.021484
0 0.619792 0.846191 0.032552 0.023438
0 0.625326 0.894775 0.024089 0.029785
1 0.899414 0.663330 0.027995 0.046387
1 0.939453 0.561279 0.121094 0.169434
1 0.783854 0.114258 0.180990 0.211914
0 0.873698 0.157715 0.016927 0.076172
