0 0.045898 0.743896 0.025391 0.044434
0 0.308919 0.692383 0.087891 0.049805
0 0.593424 0.664551 0.082682 0.049805
0 0.702474 0.654297 0.059896 0.039062
0 0.770508 0.647949 0.120443 0.093750
0 0.177409 0.698975 0.064453 0.045410
0 0.636393 0.616455 0.055339 0.031738
0 0.480469 0.626221 0.114583 0.079590
0 0.100586 0.657959 0.103516 0.126465
0 0.205078 0.644775 0.084635 0.054199
0 0.806315 0.560303 0.086589 0.059082
0 0.732747 0.474365 0.033203 0.026855
0 0.502604 0.495850 0.040365 0.032715
0 0.068359 0.527832 0.048177 0.046875
0 0.215169 0.484375 0.034505 0.024414
0 0.444987 0.463867 0.054036 0.039062
0 0.534831 0.361572 0.083984 0.063965
0 0.009766 0.371826 0.019531 0.028809
0 0.417318 0.331787 0.062500 0.033691
0 0.080729 0.326660 0.035156 0.022461
0 0.242513 0.307861 0.063151 0.041504
0 0.581380 0.272217 0.063802 0.041504
0 0.813477 0.243896 0.030599 0.021973
0 0.294271 0.270996 0.079427 0.055664
0 0.141276 0.282471 0.088542 0.044434
0 0.040690 0.291260 0.026693 0.018066
0 0.496419 0.239746 0.024089 0.014648
0 0.687826 0.216309 0.030599 0.018555
0 0.457031 0.243896 0.024740 0.020996
0 0.227865 0.693359 0.014323 0.017578
0 0.238281 0.697266 0.019531 0.022461
0 0.272135 0.622070 0.063802 0.072266
1 0.268880 0.674805 0.270833 0.254883
