0 0.784180 0.705811 0.060547 0.057129
0 0.582031 0.720215 0.028646 0.035156
0 0.370117 0.737305 0.034505 0.028320
0 0.237956 0.754150 0.030599 0.027832
0 0.494141 0.662842 0.078125 0.127441
0 0.211263 0.699219 0.018880 0.020508
0 0.141927 0.707275 0.080729 0.094238
0 0.820638 0.929688 0.054036 0.042969
0 0.327148 0.677979 0.069661 0.077637
0 0.239909 0.683350 0.057943 0.061035
0 0.763672 0.600830 0.063802 0.055176
0 0.894206 0.917236 0.057943 0.075684
0 0.665039 0.595947 0.044922 0.036621
0 0.558594 0.603760 0.022135 0.020996
0 0.388997 0.595703 0.046224 0.041992
0 0.552734 0.565918 0.024740 0.025391
0 0.076497 0.626465 0.026693 0.037109
0 0.703125 0.543701 0.057292 0.046387
0 0.212891 0.605225 0.054688 0.060059
0 0.950195 0.500977 0.099609 0.125000
0 0.457682 0.564941 0.046875 0.041992
0 0.568685 0.952637 0.020182 0.039062
0 0.388346 0.558838 0.061849 0.045410
0 0.615560 0.946045 0.069661 0.063965
0 0.158854 0.579346 0.045573 0.049316
0 0.292969 0.549561 0.054688 0.085449
0 0.034180 0.579346 0.029297 0.037598
0 0.097982 0.565918 0.059245 0.107422
0 0.729492 0.926025 0.030599 0.041504
0 0.050130 0.539551 0.013021 0.014648
0 0.936849 0.896973 0.059896 0.049805
0 0.134115 0.524658 0.041667 0.039551
0 0.594076 0.440430 0.068359 0.067383
0 0.691732 0.426758 0.041016 0.029297
0 0.488607 0.447510 0.097005 0.112793
0 0.139974 0.467529 0.050781 0.103027
0 0.931315 0.358887 0.108724 0.132812
0 0.677083 0.383789 0.069010 0.062500
0 0.002279 0.450928 0.004557 0.021973
0 0.343099 0.383545 0.018229 0.021973
0 0.179688 0.395996 0.058594 0.041016
0 0.134115 0.358643 0.044271 0.056152
0 0.290365 0.325928 0.054688 0.058105
0 0.235352 0.297607 0.051432 0.045410
0 0.167969 0.275146 0.028646 0.023926
0 0.218099 0.260010 0.035156 0.040527
0 0.444987 0.191895 0.035807 0.032227
0 0.677083 0.072266 0.067708 0.066406
0 0.569661 0.063232 0.083333 0.084473
0 0.492839 0.914795 0.033854 0.031738
0 0.417643 0.911621 0.046224 0.053711
0 0.860026 0.821533 0.087240 0.083496
0 0.642904 0.841797 0.087891 0.077148
0 0.425456 0.862549 0.034505 0.032715
0 0.541016 0.844727 0.042969 0.038086
0 0.963867 0.785400 0.072266 0.057129
0 0.263346 0.848633 0.024089 0.024414
0 0.849935 0.767334 0.083984 0.059082
0 0.442383 0.809814 0.090495 0.079590
0 0.317057 0.819580 0.079427 0.071777
0 0.529622 0.776611 0.046224 0.036621
0 0.251302 0.803467 0.029948 0.028809
0 0.356771 0.787354 0.033854 0.028809
0 0.659180 0.747314 0.044922 0.032715
0 0.184896 0.804688 0.079427 0.091797
1 0.841471 0.178467 0.216797 0.234863
1 0.546875 0.253418 0.114583 0.176758
1 0.438477 0.258545 0.212891 0.375488
1 0.305013 0.458008 0.225911 0.139648
1 0.716146 0.443359 0.230469 0.110352
1 0.884440 0.788574 0.231120 0.346680
1 0.638997 0.915283 0.194661 0.165527
1 0.100260 0.714111 0.105469 0.160645
1 0.095378 0.474121 0.070964 0.032227
0 0.070964 0.478516 0.007812 0.004883
1 0.086914 0.380615 0.089193 0.052246
1 0.098307 0.280273 0.083333 0.072266
0 0.294271 0.596680 0.007812 0.008789
0 0.269206 0.550537 0.005859 0.006348
0 0.213542 0.535889 0.014323 0.017090
1 0.232422 0.551025 0.085938 0.068848
1 0.269206 0.562988 0.070964 0.099609
0 0.405924 0.736572 0.014974 0.020020
0 0.400065 0.743408 0.014974 0.020020
