0 0.368056 0.522917 0.039815 0.029167
0 0.184722 0.524219 0.039815 0.020313
0 0.559259 0.525521 0.027778 0.025000
0 0.004167 0.526563 0.008333 0.019792
0 0.712963 0.553385 0.038889 0.033854
0 0.131481 0.553906 0.050000 0.028646
0 0.821296 0.556510 0.066667 0.041146
0 0.268519 0.577083 0.029630 0.020833
0 0.007407 0.579688 0.014815 0.017708
0 0.662500 0.581250 0.041667 0.021875
0 0.363426 0.581510 0.028704 0.022396
0 0.457407 0.581771 0.046296 0.022917
0 0.169907 0.060156 0.034259 0.021354
0 0.505093 0.610417 0.041667 0.022917
0 0.608333 0.611198 0.027778 0.017188
0 0.265278 0.635938 0.039815 0.015625
0 0.080556 0.635677 0.050000 0.021354
0 0.025926 0.660677 0.044444 0.025521
0 0.119907 0.662500 0.021296 0.014583
0 0.507870 0.672396 0.063889 0.032292
0 0.923611 0.673698 0.032407 0.020313
0 0.358333 0.695573 0.037037 0.027604
0 0.452315 0.696354 0.043519 0.021875
0 0.762037 0.703385 0.050000 0.018229
0 0.874074 0.705990 0.033333 0.021354
0 0.022222 0.716146 0.042593 0.027083
0 0.403704 0.724740 0.040741 0.023438
0 0.159722 0.749219 0.036111 0.020313
0 0.875000 0.769531 0.035185 0.025521
0 0.012037 0.774740 0.020370 0.018229
0 0.200000 0.780469 0.038889 0.020313
0 0.296759 0.781771 0.021296 0.017708
0 0.395370 0.784115 0.040741 0.024479
0 0.500000 0.790365 0.057407 0.025521
0 0.609259 0.791667 0.038889 0.017708
0 0.055556 0.807552 0.031481 0.020313
0 0.349074 0.817708 0.053704 0.027083
0 0.556019 0.818750 0.049074 0.026042
0 0.763889 0.825521 0.031481 0.017708
0 0.198148 0.837240 0.051852 0.020313
0 0.297685 0.845833 0.054630 0.019792
0 0.010185 0.085156 0.020370 0.019271
0 0.713426 0.861458 0.060185 0.027083
0 0.936111 0.864844 0.125926 0.040104
0 0.436111 0.097656 0.070370 0.033854
0 0.329630 0.098698 0.035185 0.020313
0 0.383333 0.011458 0.074074 0.022917
0 0.479630 0.137500 0.033333 0.015625
0 0.675000 0.139323 0.066667 0.025521
0 0.014815 0.145833 0.029630 0.033333
0 0.219907 0.154688 0.056481 0.040625
0 0.431019 0.165104 0.026852 0.023958
0 0.017130 0.016667 0.034259 0.030208
0 0.813426 0.175000 0.041667 0.019792
0 0.063889 0.183594 0.042593 0.023438
0 0.223611 0.217448 0.034259 0.018229
0 0.331481 0.221094 0.062963 0.033854
0 0.619907 0.228385 0.037963 0.020313
0 0.714815 0.228906 0.038889 0.018229
0 0.500926 0.023438 0.033333 0.019792
0 0.065278 0.242708 0.036111 0.017708
0 0.274537 0.251042 0.037963 0.020833
0 0.122685 0.274479 0.037963 0.017708
0 0.815278 0.278906 0.041667 0.017188
0 0.329167 0.280208 0.043519 0.021875
0 0.422685 0.280469 0.065741 0.024479
0 0.618056 0.284635 0.043519 0.021354
0 0.280093 0.310417 0.032407 0.016667
0 0.814352 0.332813 0.039815 0.017708
0 0.515741 0.332813 0.044444 0.027083
0 0.021296 0.333073 0.035185 0.021354
0 0.613889 0.336458 0.035185 0.020833
0 0.330556 0.338021 0.053704 0.023958
0 0.182870 0.361458 0.062037 0.019792
0 0.469907 0.364323 0.052778 0.029687
0 0.279167 0.365885 0.034259 0.016146
0 0.921759 0.384896 0.037963 0.019792
0 0.713889 0.386719 0.035185 0.021354
0 0.027778 0.388021 0.033333 0.019792
0 0.968056 0.413281 0.049074 0.023438
0 0.184259 0.415104 0.059259 0.027083
0 0.467130 0.415625 0.039815 0.020833
0 0.663889 0.416927 0.077778 0.026562
0 0.561111 0.416927 0.050000 0.030729
0 0.515741 0.441146 0.050000 0.028125
0 0.812500 0.442188 0.043519 0.028125
0 0.420833 0.445052 0.039815 0.016146
0 0.233796 0.445312 0.045370 0.023958
0 0.375000 0.467969 0.061111 0.032813
0 0.765741 0.469792 0.040741 0.015625
0 0.085185 0.472135 0.042593 0.023438
0 0.277778 0.472917 0.051852 0.031250
0 0.930556 0.492188 0.116667 0.045833
0 0.606481 0.496615 0.057407 0.031771
0 0.710185 0.497396 0.046296 0.021875
0 0.512037 0.498177 0.024074 0.021354
0 0.031944 0.497917 0.060185 0.019792
0 0.416204 0.498958 0.045370 0.019792
