0 0.638346 0.748535 0.059245 0.038086
0 0.323893 0.716797 0.059245 0.038086
0 0.756836 0.731445 0.041016 0.034180
0 0.091797 0.697266 0.020833 0.026367
0 0.240560 0.688965 0.069661 0.054688
0 0.842448 0.681641 0.037760 0.032227
0 0.963542 0.686279 0.013021 0.016113
0 0.976237 0.676025 0.030599 0.081543
0 0.929362 0.666504 0.044922 0.075195
0 0.416667 0.629150 0.049479 0.033691
0 0.121094 0.617188 0.195312 0.109375
0 0.518229 0.632568 0.134115 0.122559
0 0.004232 0.602539 0.008464 0.032227
0 0.838216 0.606201 0.027995 0.017090
0 0.378581 0.952148 0.090495 0.080078
0 0.412109 0.550781 0.072917 0.034180
0 0.758789 0.551758 0.070964 0.043945
0 0.685872 0.543457 0.037109 0.018555
0 0.224284 0.524902 0.020182 0.014648
0 0.869466 0.548828 0.076172 0.051758
0 0.244792 0.513916 0.024740 0.021973
0 0.598307 0.516602 0.020833 0.012695
0 0.330729 0.500488 0.097656 0.083984
0 0.259115 0.470459 0.048177 0.026855
0 0.510742 0.478516 0.073568 0.029297
0 0.588542 0.477539 0.020833 0.012695
0 0.886068 0.486816 0.037760 0.026367
0 0.168620 0.456787 0.028646 0.017090
0 0.940104 0.486572 0.048177 0.052246
0 0.756185 0.473633 0.052734 0.055664
0 0.662109 0.449951 0.072917 0.082520
0 0.506836 0.409912 0.051432 0.037598
0 0.838542 0.406738 0.033854 0.021484
0 0.630859 0.392578 0.019531 0.017578
0 0.413086 0.378418 0.068359 0.041992
0 0.216797 0.365967 0.048177 0.020020
0 0.787435 0.373047 0.054036 0.032227
0 0.918945 0.371338 0.051432 0.052246
0 0.456706 0.348389 0.054036 0.030762
0 0.305013 0.337891 0.125651 0.105469
0 0.691406 0.346924 0.032552 0.024902
0 0.741536 0.344238 0.036458 0.024414
0 0.871745 0.340332 0.063802 0.052734
0 0.397461 0.315186 0.102214 0.090332
0 0.553060 0.309326 0.078776 0.039551
0 0.301432 0.278564 0.102865 0.058105
0 0.137044 0.912842 0.093099 0.073730
0 0.708659 0.263428 0.024089 0.015137
0 0.810872 0.248779 0.051432 0.040527
0 0.479492 0.231689 0.078776 0.048340
0 0.584635 0.225830 0.027344 0.017090
0 0.627930 0.226562 0.022786 0.016602
0 0.408203 0.214600 0.027344 0.023926
0 0.659180 0.195312 0.192057 0.115234
0 0.506836 0.176270 0.073568 0.046875
0 0.797201 0.171143 0.051432 0.047363
0 0.742188 0.160889 0.052083 0.030762
0 0.604818 0.913330 0.055990 0.039551
0 0.693034 0.087402 0.057943 0.038086
0 0.763021 0.913086 0.023438 0.021484
0 0.200846 0.859619 0.070964 0.039551
0 0.820964 0.876221 0.026042 0.018066
0 0.921875 0.871826 0.117188 0.177246
0 0.036458 0.832764 0.045573 0.034668
0 0.438477 0.832520 0.208984 0.135742
0 0.663737 0.833984 0.057943 0.039062
0 0.146484 0.794922 0.070312 0.039062
0 0.851888 0.816406 0.078776 0.056641
0 0.015951 0.751953 0.031901 0.041016
0 0.296875 0.748535 0.071615 0.043945
0 0.867188 0.244141 0.010417 0.005859
0 0.888346 0.287598 0.011068 0.017578
0 0.891927 0.282227 0.010417 0.011719
0 0.913737 0.281982 0.025391 0.031738
0 0.925456 0.275635 0.007161 0.010254
0 0.926758 0.268066 0.012370 0.023438
0 0.918945 0.254395 0.007161 0.009766
0 0.895833 0.249512 0.039062 0.047852
0 0.899089 0.225830 0.020833 0.022949
0 0.886068 0.205566 0.018229 0.023438
0 0.873372 0.181641 0.026693 0.032227
0 0.864909 0.148926 0.020182 0.018555
0 0.900391 0.166992 0.007812 0.007812
0 0.879232 0.142822 0.059245 0.078613
0 0.894531 0.197998 0.018229 0.018066
0 0.935547 0.313232 0.036458 0.046387
0 0.951823 0.344238 0.018229 0.010742
0 0.967122 0.383301 0.013672 0.025391
0 0.944987 0.409668 0.038411 0.040039
0 0.955729 0.565186 0.014323 0.015137
0 0.978516 0.564941 0.036458 0.073242
0 0.968424 0.555176 0.022786 0.033203
0 0.980794 0.552002 0.012370 0.012207
0 0.970703 0.524170 0.011719 0.019043
0 0.970052 0.508545 0.007812 0.014160
0 0.973958 0.534668 0.007812 0.008789
0 0.951823 0.462402 0.074219 0.111328
0 0.971680 0.440918 0.008464 0.005859
0 0.967122 0.431396 0.011068 0.012207
0 0.974935 0.608154 0.014974 0.014160
0 0.963867 0.726562 0.009766 0.020508
0 0.959635 0.744141 0.006510 0.014648
0 0.954102 0.796387 0.012370 0.021484
0 0.732747 0.580322 0.020182 0.012207
0 0.735352 0.572754 0.020182 0.009766
1 0.781250 0.643555 0.300781 0.273438
1 0.970703 0.384277 0.020833 0.041992
1 0.938477 0.371338 0.052734 0.071777
1 0.968424 0.438965 0.014974 0.015625
1 0.900716 0.202393 0.024089 0.042480
1 0.408854 0.331055 0.209635 0.181641
1 0.292318 0.503662 0.252604 0.194824
0 0.029297 0.514893 0.020833 0.013184
0 0.036784 0.442139 0.044922 0.028809
0 0.017904 0.415527 0.026693 0.031250
0 0.075846 0.385986 0.031901 0.014160
0 0.096354 0.370850 0.031250 0.014160
0 0.182943 0.360352 0.110677 0.066406
0 0.160482 0.326416 0.025391 0.016113
0 0.094401 0.321289 0.016927 0.035156
0 0.191732 0.280762 0.033203 0.017578
0 0.179688 0.271973 0.029948 0.019531
0 0.254557 0.267334 0.046875 0.029785
0 0.220052 0.249023 0.011719 0.007812
0 0.327799 0.236084 0.022786 0.018066
0 0.322266 0.222168 0.023438 0.016602
0 0.337240 0.177002 0.036458 0.022949
0 0.404948 0.149658 0.033854 0.024902
0 0.402995 0.101318 0.026042 0.030762
1 0.113281 0.321533 0.031250 0.047363
1 0.065755 0.421875 0.131510 0.173828
1 0.190104 0.874023 0.195312 0.218750
0 0.102865 0.827393 0.022135 0.076660
