0 0.480556 0.423177 0.057407 0.026562
0 0.506944 0.321094 0.041667 0.025521
0 0.446296 0.528906 0.048148 0.019271
0 0.531019 0.220573 0.036111 0.007812
0 0.373611 0.609896 0.065741 0.027083
0 0.463426 0.286979 0.058333 0.032292
0 0.350463 0.670052 0.082407 0.043229
0 0.401389 0.359375 0.041667 0.019792
0 0.437037 0.213802 0.033333 0.010937
0 0.331944 0.577865 0.045370 0.026562
0 0.378241 0.411719 0.043519 0.019271
0 0.363426 0.463542 0.047222 0.029167
0 0.305556 0.485677 0.046296 0.026562
0 0.288426 0.542969 0.034259 0.018229
0 0.298148 0.348698 0.033333 0.024479
0 0.327315 0.245833 0.045370 0.031250
0 0.292593 0.211719 0.051852 0.028646
0 0.274537 0.263281 0.028704 0.014063
0 0.196296 0.477604 0.066667 0.040625
0 0.128704 0.708073 0.040741 0.021354
0 0.179167 0.390625 0.054630 0.025000
0 0.162500 0.442969 0.045370 0.027604
0 0.102315 0.613802 0.039815 0.030729
0 0.079630 0.675521 0.042593 0.021875
0 0.195833 0.201042 0.054630 0.028125
0 0.120833 0.411458 0.047222 0.026042
0 0.116204 0.272135 0.041667 0.023438
0 0.096759 0.186458 0.030556 0.013542
0 0.062500 0.290365 0.025000 0.023438
0 0.045833 0.344010 0.017593 0.013021
0 0.031019 0.398958 0.023148 0.023958
0 0.990741 0.448177 0.018519 0.038021
0 0.958333 0.609375 0.040741 0.023958
0 0.943056 0.661719 0.037963 0.024479
0 0.973148 0.413802 0.042593 0.024479
0 0.955556 0.326042 0.037037 0.023958
0 0.838889 0.709896 0.037037 0.026042
0 0.912500 0.439844 0.045370 0.027604
0 0.898148 0.491406 0.053704 0.040104
0 0.860185 0.599219 0.044444 0.027604
0 0.867130 0.407813 0.034259 0.020833
0 0.744444 0.701042 0.037037 0.025000
0 0.791204 0.534896 0.054630 0.029167
0 0.868519 0.260417 0.042593 0.022917
0 0.769907 0.589063 0.041667 0.022917
0 0.811574 0.431250 0.050926 0.033333
0 0.793519 0.345833 0.044444 0.037500
0 0.743056 0.504427 0.060185 0.033854
0 0.770370 0.398177 0.033333 0.021354
0 0.636111 0.752604 0.040741 0.023958
0 0.665741 0.636458 0.042593 0.022917
0 0.770833 0.255208 0.039815 0.021875
0 0.579167 0.773698 0.049074 0.030729
0 0.698611 0.337760 0.056481 0.036979
0 0.653704 0.495052 0.042593 0.025521
0 0.620370 0.604427 0.059259 0.047396
0 0.636574 0.547135 0.062037 0.032813
0 0.600926 0.518229 0.057407 0.032292
0 0.553241 0.682552 0.056481 0.028646
0 0.608796 0.464844 0.034259 0.024479
0 0.637500 0.360938 0.049074 0.029167
0 0.576389 0.435677 0.067593 0.039062
0 0.511574 0.652604 0.034259 0.025000
0 0.613889 0.273958 0.048148 0.027083
0 0.582407 0.380990 0.062963 0.033854
0 0.446759 0.740625 0.099074 0.071875
0 0.489815 0.559635 0.064815 0.036979
0 0.471759 0.617188 0.045370 0.029167
0 0.501389 0.507292 0.041667 0.016667
0 0.576852 0.240625 0.044444 0.036458
0 0.515278 0.453646 0.041667 0.028125
