0 0.395833 0.731201 0.031250 0.025879
0 0.930339 0.724121 0.016927 0.037109
0 0.591146 0.705078 0.052083 0.046875
0 0.210612 0.679932 0.060547 0.038574
0 0.211914 0.679688 0.061849 0.041016
0 0.808268 0.695312 0.055339 0.035156
0 0.723958 0.687988 0.098958 0.060547
0 0.354167 0.648682 0.029948 0.020020
0 0.614583 0.966797 0.128906 0.066406
0 0.013346 0.612061 0.026693 0.034668
0 0.928385 0.648438 0.018229 0.015625
0 0.219401 0.606934 0.139323 0.114258
0 0.807292 0.631104 0.046875 0.033691
0 0.629557 0.614502 0.063802 0.046387
0 0.429362 0.590332 0.052734 0.045898
0 0.905273 0.971436 0.108724 0.057129
0 0.290365 0.566650 0.033854 0.020996
0 0.866862 0.590088 0.055339 0.039551
0 0.958984 0.592773 0.071615 0.066406
0 0.761719 0.564453 0.067708 0.043945
0 0.886719 0.543945 0.070312 0.053711
0 0.394206 0.478271 0.085286 0.048340
0 0.841146 0.500732 0.031250 0.018066
0 0.582682 0.483398 0.088542 0.064453
0 0.682292 0.480713 0.026042 0.026855
0 0.307617 0.458984 0.031901 0.015625
0 0.160482 0.430664 0.163411 0.119141
0 0.255534 0.426025 0.029297 0.017090
0 0.973958 0.461914 0.052083 0.044922
0 0.029297 0.405762 0.045573 0.041992
0 0.568034 0.434570 0.020182 0.017578
0 0.641276 0.434570 0.063802 0.032227
0 0.330404 0.416992 0.044922 0.028320
0 0.561849 0.389160 0.033854 0.025391
0 0.638021 0.388672 0.049479 0.035156
0 0.723958 0.391113 0.028646 0.019531
0 0.829102 0.395996 0.067057 0.040039
0 0.347982 0.364746 0.026693 0.013672
0 0.093424 0.335205 0.057943 0.032715
0 0.154297 0.318115 0.070312 0.038574
0 0.586263 0.334473 0.029297 0.024414
0 0.316732 0.306152 0.070964 0.050781
0 0.968424 0.334717 0.063151 0.087402
0 0.247070 0.284668 0.024089 0.013672
0 0.720052 0.303223 0.039062 0.021484
0 0.841797 0.299805 0.066406 0.049805
0 0.184570 0.264160 0.024089 0.017578
0 0.555664 0.277344 0.091797 0.060547
0 0.383138 0.265137 0.022786 0.011719
0 0.126628 0.244141 0.113932 0.065430
0 0.470378 0.255615 0.083984 0.062012
0 0.705078 0.250000 0.078125 0.038086
0 0.259766 0.225830 0.026042 0.014160
0 0.317383 0.225830 0.016276 0.008301
0 0.972982 0.233154 0.026693 0.017090
0 0.634440 0.215332 0.038411 0.028320
0 0.412435 0.200684 0.057943 0.044922
0 0.274740 0.189453 0.082031 0.049805
0 0.058268 0.165283 0.026693 0.015137
0 0.767253 0.197754 0.039714 0.018555
0 0.371094 0.132324 0.023438 0.019531
0 0.721680 0.121338 0.108724 0.053223
0 0.041341 0.077393 0.007161 0.016113
0 0.204102 0.891846 0.057943 0.033691
0 0.818359 0.923340 0.113281 0.082031
0 0.353841 0.898682 0.193359 0.121582
0 0.936523 0.909912 0.055339 0.039551
0 0.716797 0.854736 0.042969 0.031738
0 0.033203 0.812744 0.066406 0.113770
0 0.254232 0.813477 0.094401 0.041016
0 0.412109 0.809570 0.080729 0.071289
0 0.141602 0.792725 0.063151 0.039551
0 0.728516 0.804443 0.029948 0.028809
0 0.823893 0.801514 0.061849 0.038574
0 0.502604 0.777100 0.105469 0.077637
0 0.638021 0.766602 0.098958 0.078125
1 0.583333 0.463623 0.231771 0.154785
1 0.900065 0.720459 0.093099 0.069824
1 0.917969 0.582764 0.162760 0.145020
1 0.961263 0.800537 0.027995 0.038574
0 0.734049 0.223877 0.038411 0.034668
1 0.964193 0.335205 0.071615 0.133301
