0 0.756836 0.146729 0.064453 0.048340
0 0.805013 0.487305 0.043620 0.038086
0 0.822266 0.609619 0.027344 0.016113
0 0.717773 0.114014 0.052734 0.024902
0 0.827148 0.642090 0.044922 0.034180
0 0.812500 0.603760 0.028646 0.012207
0 0.819336 0.801758 0.097005 0.070312
0 0.676432 0.169434 0.092448 0.056641
0 0.701823 0.361816 0.044271 0.036133
0 0.763021 0.688721 0.102865 0.068848
0 0.702148 0.433350 0.039714 0.026855
0 0.638021 0.196045 0.084635 0.060059
0 0.606771 0.115234 0.055990 0.020508
0 0.666341 0.521729 0.151693 0.061035
0 0.600260 0.257568 0.049479 0.042480
0 0.701497 0.832031 0.100911 0.056641
0 0.656901 0.730469 0.013021 0.009766
0 0.617188 0.618408 0.061198 0.046387
0 0.566406 0.452393 0.026042 0.019043
0 0.520182 0.353271 0.044271 0.036621
0 0.555013 0.558350 0.056641 0.040527
0 0.493815 0.270996 0.052734 0.044922
0 0.592122 0.751465 0.011068 0.007812
0 0.584310 0.729492 0.121745 0.045898
0 0.562826 0.622803 0.060547 0.050293
0 0.521810 0.459717 0.033203 0.023926
0 0.594076 0.831299 0.027995 0.019043
0 0.446940 0.319580 0.046224 0.037598
0 0.360026 0.153564 0.085938 0.040527
0 0.392578 0.518799 0.134115 0.086426
0 0.359701 0.414062 0.085286 0.055664
0 0.316732 0.314209 0.025391 0.023926
0 0.280599 0.340332 0.072917 0.050781
0 0.239258 0.166504 0.076172 0.037109
0 0.382161 0.870361 0.058594 0.051270
0 0.336263 0.681152 0.029297 0.019531
0 0.253581 0.600586 0.021484 0.009766
0 0.265299 0.739746 0.082682 0.058594
0 0.231120 0.813965 0.074219 0.059570
0 0.201823 0.902344 0.036458 0.028320
0 0.178385 0.835449 0.059896 0.040039
0 0.080078 0.554688 0.035156 0.020508
0 0.980143 0.426758 0.027995 0.033203
0 0.994466 0.516357 0.011068 0.025879
0 0.924805 0.215820 0.042318 0.034180
0 0.950846 0.375244 0.064453 0.044434
0 0.978516 0.582031 0.035156 0.030273
0 0.965820 0.702393 0.068359 0.089355
0 0.993164 0.783691 0.013672 0.031250
0 0.879883 0.301025 0.050130 0.027832
0 0.832031 0.226807 0.039062 0.034668
0 0.883464 0.471436 0.044271 0.035645
0 0.910807 0.656494 0.037760 0.030762
0 0.889648 0.562012 0.104818 0.074219
0 0.934570 0.799805 0.039714 0.032227
0 0.825846 0.375000 0.082682 0.068359
1 0.705078 0.169434 0.476562 0.195312
0 0.974935 0.408691 0.026693 0.018555
1 0.922201 0.371582 0.143880 0.165039
1 0.604492 0.812988 0.099609 0.114258
1 0.614583 0.765137 0.136719 0.086914
1 0.445638 0.726318 0.177734 0.252441
1 0.207031 0.563232 0.412760 0.155762
1 0.151693 0.452881 0.204427 0.093262
1 0.333008 0.313721 0.107422 0.182129
1 0.081055 0.215088 0.162109 0.104980
