0 0.399537 0.523698 0.037963 0.041146
0 0.645370 0.538021 0.083333 0.034375
0 0.327778 0.541406 0.037037 0.015104
0 0.669907 0.056250 0.063889 0.051042
0 0.779630 0.568750 0.053704 0.020833
0 0.517130 0.595833 0.060185 0.034375
0 0.926389 0.596094 0.049074 0.053646
0 0.413426 0.619792 0.036111 0.016667
0 0.244907 0.623958 0.119444 0.077083
0 0.550463 0.655208 0.037963 0.020833
0 0.436574 0.066146 0.073148 0.036458
0 0.457870 0.676562 0.039815 0.017708
0 0.770833 0.685156 0.149074 0.074479
0 0.594907 0.712760 0.036111 0.020313
0 0.928704 0.745052 0.033333 0.023438
0 0.563426 0.751563 0.037963 0.018750
0 0.022685 0.770312 0.045370 0.026042
0 0.675926 0.785156 0.140741 0.099479
0 0.771296 0.808073 0.035185 0.018229
0 0.901852 0.813542 0.027778 0.018750
0 0.031944 0.847656 0.063889 0.054688
0 0.200926 0.084115 0.042593 0.024479
0 0.646759 0.870833 0.039815 0.021875
0 0.533796 0.089063 0.056481 0.030208
0 0.010185 0.091146 0.020370 0.017708
0 0.425463 0.157812 0.093519 0.083333
0 0.590278 0.158333 0.034259 0.018750
0 0.061111 0.176563 0.061111 0.028125
0 0.520833 0.175781 0.076852 0.039062
0 0.636574 0.017188 0.041667 0.017708
0 0.875926 0.188802 0.248148 0.192188
0 0.287963 0.196615 0.031481 0.018229
0 0.412037 0.247917 0.048148 0.020833
0 0.578704 0.251302 0.079630 0.057813
0 0.204630 0.275260 0.048148 0.040104
0 0.441667 0.284375 0.046296 0.023958
0 0.013426 0.283854 0.026852 0.027083
0 0.703704 0.310677 0.031481 0.016146
0 0.898148 0.343750 0.092593 0.063542
0 0.016667 0.376823 0.033333 0.016146
0 0.432870 0.376823 0.049074 0.025521
0 0.152315 0.379948 0.052778 0.031771
0 0.526389 0.398177 0.086111 0.058854
0 0.765741 0.417187 0.092593 0.026042
0 0.714352 0.427083 0.076852 0.045833
0 0.631019 0.441146 0.049074 0.021875
0 0.328241 0.446354 0.078704 0.046875
0 0.033333 0.476823 0.066667 0.028646
0 0.502778 0.504427 0.055556 0.022396
0 0.913426 0.506250 0.112037 0.082292
0 0.156481 0.429948 0.020370 0.024479
1 0.256481 0.335156 0.272222 0.354687
