0 0.228190 0.246094 0.048828 0.039062
0 0.218099 0.365723 0.058594 0.041992
0 0.228841 0.437500 0.110026 0.070312
0 0.235352 0.612061 0.057943 0.052246
0 0.283854 0.295898 0.087240 0.063477
0 0.300456 0.175049 0.054036 0.037598
0 0.250000 0.728027 0.028646 0.026367
0 0.361654 0.123291 0.039714 0.019043
0 0.331055 0.625488 0.173828 0.104492
0 0.315755 0.793945 0.083333 0.057617
0 0.360026 0.484375 0.049479 0.034180
0 0.408203 0.192871 0.046875 0.046875
0 0.421224 0.250977 0.053385 0.047852
0 0.372721 0.682617 0.029297 0.023438
0 0.484049 0.299072 0.035807 0.030762
0 0.469076 0.433105 0.094401 0.085938
0 0.497721 0.352051 0.041016 0.027344
0 0.479167 0.772461 0.082031 0.074219
0 0.535156 0.374023 0.015625 0.019531
0 0.517904 0.701416 0.029297 0.025879
0 0.565755 0.599609 0.166667 0.114258
0 0.567383 0.664795 0.025391 0.024902
0 0.628581 0.184570 0.152995 0.112305
0 0.605143 0.414062 0.024089 0.018555
0 0.574544 0.722412 0.043620 0.041504
0 0.622721 0.339844 0.120443 0.092773
0 0.606120 0.515869 0.063802 0.038574
0 0.674479 0.288086 0.028646 0.023438
0 0.661784 0.463135 0.013672 0.014160
0 0.643880 0.741455 0.024740 0.023926
0 0.684245 0.396973 0.055990 0.047852
0 0.689453 0.559082 0.044271 0.043945
0 0.734049 0.341553 0.037109 0.030762
0 0.721029 0.469482 0.017578 0.014160
0 0.744466 0.299561 0.060547 0.045410
0 0.710938 0.603271 0.058594 0.053223
0 0.726237 0.731201 0.076172 0.055176
0 0.772461 0.480957 0.017578 0.014648
0 0.753581 0.672119 0.024089 0.021973
0 0.778320 0.629395 0.024089 0.021484
0 0.828451 0.283691 0.037109 0.034180
0 0.801432 0.592773 0.088542 0.084961
0 0.785156 0.782471 0.023438 0.021973
0 0.869792 0.248779 0.024740 0.019043
0 0.798828 0.857910 0.102865 0.082031
0 0.874023 0.336426 0.039714 0.041016
0 0.833333 0.689697 0.024740 0.024902
0 0.836914 0.732910 0.014974 0.013672
0 0.900391 0.551270 0.024740 0.019531
0 0.882161 0.703125 0.074219 0.065430
0 0.876953 0.812500 0.065104 0.055664
0 0.926107 0.453125 0.057943 0.037109
0 0.960286 0.260254 0.018229 0.013672
0 0.960612 0.784668 0.018880 0.020508
0 0.993815 0.535156 0.011068 0.029297
0 0.059245 0.148438 0.045573 0.047852
0 0.062174 0.286133 0.087891 0.093750
0 0.030924 0.763428 0.061849 0.075684
0 0.051107 0.635986 0.080078 0.078613
0 0.047852 0.822998 0.095703 0.052246
0 0.135417 0.189453 0.042969 0.039062
0 0.108398 0.475098 0.155599 0.083984
0 0.151367 0.126465 0.060547 0.046875
0 0.103190 0.558350 0.055339 0.048340
0 0.126953 0.753906 0.037760 0.028320
1 0.503255 0.862305 0.217448 0.041992
0 0.926758 0.410156 0.035807 0.024414
0 0.823893 0.183105 0.017578 0.019531
0 0.760091 0.190186 0.017578 0.019043
0 0.852539 0.161133 0.082682 0.033203
1 0.983073 0.356201 0.033854 0.100098
0 0.726562 0.383057 0.015625 0.012207
0 0.588216 0.242188 0.012370 0.012695
0 0.527018 0.315186 0.017578 0.015137
0 0.264648 0.114502 0.038411 0.015137
1 0.060872 0.105957 0.035807 0.024414
0 0.709635 0.700195 0.016927 0.012695
1 0.499349 0.316162 0.121094 0.181152
