0 0.743815 0.249023 0.017578 0.015625
0 0.095703 0.249512 0.044271 0.027344
0 0.614909 0.253662 0.031901 0.029785
0 0.408854 0.255859 0.020833 0.016602
0 0.837240 0.259521 0.033854 0.018066
0 0.240560 0.262451 0.033203 0.020996
0 0.040365 0.265137 0.035156 0.020508
0 0.717122 0.267578 0.016276 0.015625
0 0.527995 0.269531 0.022135 0.015625
0 0.375651 0.278320 0.023438 0.015625
0 0.205404 0.282471 0.035807 0.020996
0 0.899740 0.289795 0.022135 0.017090
0 0.270833 0.294189 0.029948 0.031738
0 0.376628 0.002930 0.022786 0.005859
0 0.605143 0.300781 0.018880 0.016602
0 0.299154 0.030273 0.034505 0.021484
0 0.094401 0.306152 0.028646 0.023438
0 0.662435 0.309326 0.031901 0.028809
0 0.521159 0.316162 0.016276 0.015137
0 0.800130 0.322754 0.018229 0.014648
0 0.847982 0.326416 0.021484 0.014160
0 0.626628 0.329346 0.018880 0.014160
0 0.435547 0.333008 0.036458 0.028320
0 0.195638 0.334717 0.043620 0.032715
0 0.545573 0.344482 0.018229 0.012207
0 0.041341 0.344971 0.035807 0.022949
0 0.649740 0.351807 0.019531 0.016113
0 0.695638 0.355713 0.037109 0.020020
0 0.157552 0.361816 0.046875 0.023438
0 0.796224 0.363281 0.024740 0.016602
0 0.093424 0.365234 0.042318 0.027344
0 0.903646 0.366211 0.022135 0.011719
0 0.622070 0.372070 0.018880 0.015625
0 0.307292 0.374512 0.029948 0.023438
0 0.364909 0.376709 0.025391 0.015137
0 0.433268 0.381592 0.038411 0.026855
0 0.484375 0.384766 0.020833 0.013672
0 0.264648 0.395020 0.043620 0.032227
0 0.642253 0.396484 0.018880 0.014648
0 0.740560 0.397949 0.024089 0.018555
0 0.798503 0.401855 0.018880 0.017578
0 0.906901 0.406982 0.022135 0.012207
0 0.564128 0.411865 0.033203 0.020020
0 0.156901 0.412842 0.020833 0.012207
0 0.612630 0.417236 0.018229 0.011230
0 0.713216 0.420410 0.033203 0.022461
0 0.038086 0.422852 0.054036 0.035156
0 0.426758 0.427734 0.039714 0.025391
0 0.479492 0.431152 0.016276 0.010742
0 0.117839 0.437256 0.045573 0.026855
0 0.191732 0.440918 0.031901 0.020508
0 0.854492 0.444336 0.020182 0.014648
0 0.326823 0.447510 0.041667 0.019043
0 0.964518 0.448486 0.021484 0.012207
0 0.557617 0.454346 0.029297 0.022949
0 0.715169 0.459717 0.026693 0.018066
0 0.769206 0.461670 0.030599 0.025879
0 0.828451 0.465088 0.043620 0.026855
0 0.226562 0.467285 0.020833 0.015625
0 0.989258 0.468994 0.021484 0.018066
0 0.291667 0.471191 0.023438 0.013672
0 0.415039 0.473145 0.029297 0.018555
0 0.356445 0.474365 0.035807 0.018066
0 0.582031 0.479248 0.029948 0.018066
0 0.745768 0.482178 0.031901 0.024902
0 0.689453 0.482666 0.024740 0.013184
0 0.909180 0.488037 0.025391 0.019043
0 0.116211 0.489990 0.026693 0.016113
0 0.498372 0.498047 0.017578 0.013672
0 0.663411 0.498779 0.033854 0.022949
0 0.037109 0.498779 0.028646 0.015137
0 0.603190 0.501221 0.029297 0.023926
0 0.886719 0.508057 0.020833 0.013184
0 0.353190 0.516846 0.024089 0.017090
0 0.468424 0.519287 0.035807 0.017090
0 0.691081 0.523926 0.024089 0.014648
0 0.092122 0.525146 0.029297 0.019043
0 0.745443 0.525146 0.020833 0.018066
0 0.801432 0.525391 0.031250 0.025391
0 0.970703 0.525879 0.058594 0.038086
0 0.858073 0.527832 0.027344 0.014648
0 0.036784 0.534180 0.027995 0.012695
0 0.315104 0.540039 0.026042 0.013672
0 0.254232 0.540283 0.021484 0.017090
0 0.549154 0.541016 0.016276 0.013672
0 0.436198 0.541748 0.031250 0.024902
0 0.662435 0.542969 0.027995 0.023438
0 0.774414 0.547363 0.018880 0.020508
0 0.217122 0.563965 0.030599 0.014648
0 0.517253 0.563965 0.031901 0.024414
0 0.861328 0.568848 0.022135 0.024414
0 0.918945 0.573486 0.034505 0.032715
0 0.603190 0.584717 0.024089 0.018066
0 0.431966 0.585205 0.025391 0.017090
0 0.716797 0.588867 0.026042 0.017578
0 0.660156 0.588867 0.019531 0.014648
0 0.111003 0.589600 0.030599 0.020996
0 0.834635 0.592041 0.023438 0.019043
0 0.340495 0.607422 0.024740 0.011719
0 0.746094 0.612549 0.027344 0.020020
0 0.805013 0.613281 0.014974 0.014648
0 0.367839 0.629395 0.020833 0.013672
0 0.604818 0.629883 0.026042 0.014648
0 0.490560 0.630615 0.031901 0.020996
0 0.109049 0.063477 0.052734 0.036133
0 0.174154 0.637207 0.044922 0.019531
0 0.106120 0.638428 0.027344 0.012207
0 0.517253 0.651367 0.011068 0.010742
0 0.455404 0.651611 0.034505 0.022949
0 0.138021 0.658936 0.031250 0.016113
0 0.978841 0.658691 0.018880 0.016602
0 0.751953 0.659668 0.036458 0.023438
0 0.560221 0.068115 0.037109 0.031738
0 0.033203 0.675537 0.028646 0.017090
0 0.300130 0.675293 0.020833 0.010742
0 0.720703 0.679443 0.024740 0.019043
0 0.662760 0.679199 0.023438 0.024414
0 0.255859 0.067871 0.033854 0.022461
0 0.171224 0.681641 0.023438 0.016602
0 0.891927 0.682617 0.029948 0.015625
0 0.953451 0.682861 0.024089 0.017090
0 0.355143 0.068604 0.029297 0.019043
0 0.456380 0.697266 0.024740 0.022461
0 0.394857 0.698242 0.021484 0.014648
0 0.692708 0.700928 0.024740 0.018066
0 0.299805 0.721680 0.014974 0.011719
0 0.545898 0.723389 0.021484 0.017090
0 0.955729 0.728760 0.020833 0.019043
0 0.451172 0.746826 0.019531 0.015137
0 0.201823 0.746582 0.015625 0.010742
0 0.633138 0.747314 0.016276 0.015137
0 0.691406 0.747559 0.023438 0.020508
0 0.575195 0.748291 0.025391 0.017090
0 0.814453 0.750732 0.023438 0.016113
0 0.751953 0.750732 0.037760 0.021973
0 0.231771 0.770264 0.024740 0.014160
0 0.358724 0.770752 0.016927 0.013184
0 0.480794 0.771729 0.022786 0.013184
0 0.787435 0.771973 0.029297 0.020508
0 0.664062 0.774170 0.033854 0.023926
0 0.901693 0.775146 0.016927 0.018066
0 0.097331 0.778809 0.016276 0.010742
0 0.575195 0.794678 0.031901 0.018066
0 0.979492 0.798096 0.041016 0.027832
0 0.633789 0.798340 0.033203 0.017578
0 0.874023 0.799805 0.035807 0.020508
0 0.041667 0.105225 0.027344 0.020020
0 0.142904 0.105713 0.047526 0.035645
0 0.637695 0.108887 0.017578 0.020508
0 0.288411 0.126709 0.042969 0.031738
0 0.519531 0.137207 0.032552 0.027344
0 0.711914 0.145508 0.037109 0.034180
0 0.766602 0.166016 0.016276 0.013672
0 0.385091 0.166504 0.042318 0.031250
0 0.208659 0.171387 0.033203 0.022461
0 0.597656 0.177979 0.018229 0.017090
0 0.450195 0.181152 0.024089 0.019531
0 0.509115 0.189941 0.023438 0.013672
0 0.097656 0.190918 0.050781 0.042969
0 0.166667 0.195801 0.026042 0.017578
0 0.245768 0.204346 0.037109 0.031738
0 0.674805 0.214844 0.021484 0.014648
0 0.726888 0.219727 0.034505 0.026367
0 0.444010 0.233643 0.024740 0.017090
0 0.502930 0.238281 0.029297 0.028320
0 0.351562 0.241699 0.048177 0.036133
0 0.138672 0.024414 0.027344 0.019531
