0 0.159375 0.035145 0.091250 0.068416
0 0.258125 0.024367 0.091250 0.048735
0 0.131250 0.157451 0.062500 0.039363
0 0.018750 0.241799 0.035000 0.065604
0 0.156250 0.219775 0.065000 0.034677
0 0.233750 0.178069 0.055000 0.044986
0 0.343750 0.167760 0.087500 0.073102
0 0.526875 0.090909 0.098750 0.058107
0 0.474375 0.194002 0.063750 0.050609
0 0.647500 0.121368 0.070000 0.040300
0 0.833125 0.056232 0.071250 0.043112
0 0.741250 0.131209 0.070000 0.058107
0 0.576250 0.217432 0.095000 0.059981
0 0.664375 0.221649 0.071250 0.045923
0 0.024375 0.350984 0.036250 0.036551
0 0.075000 0.410028 0.062500 0.036551
0 0.044375 0.473758 0.073750 0.030928
0 0.101250 0.554827 0.042500 0.018744
0 0.045625 0.609653 0.033750 0.021556
0 0.024375 0.676195 0.038750 0.015933
0 0.078125 0.641518 0.033750 0.021556
0 0.110000 0.669166 0.047500 0.024367
0 0.137500 0.628397 0.032500 0.015933
0 0.191875 0.625117 0.028750 0.018744
0 0.240625 0.652765 0.023750 0.015933
0 0.167500 0.751172 0.037500 0.021556
0 0.200625 0.787254 0.041250 0.026242
0 0.060625 0.870665 0.046250 0.026242
0 0.263125 0.730553 0.046250 0.027179
0 0.298750 0.767573 0.035000 0.026242
0 0.373125 0.687441 0.021250 0.015933
0 0.450000 0.713683 0.027500 0.017807
0 0.342500 0.569353 0.070000 0.055295
0 0.384375 0.597938 0.031250 0.020619
0 0.303125 0.531865 0.033750 0.023430
0 0.259375 0.505155 0.056250 0.039363
0 0.342500 0.501406 0.040000 0.037488
0 0.165625 0.470478 0.066250 0.037488
0 0.336250 0.422680 0.037500 0.018744
0 0.326250 0.437676 0.040000 0.014995
0 0.437500 0.455951 0.055000 0.027179
0 0.449375 0.350984 0.053750 0.040300
0 0.416875 0.314902 0.031250 0.031865
0 0.246250 0.350047 0.115000 0.060918
0 0.531875 0.296626 0.033750 0.023430
0 0.548750 0.290534 0.035000 0.024367
0 0.590000 0.422212 0.047500 0.040300
0 0.741875 0.417994 0.053750 0.041237
0 0.742500 0.343018 0.062500 0.058107
0 0.845000 0.335052 0.047500 0.057170
0 0.846875 0.250234 0.056250 0.054358
0 0.841250 0.508435 0.055000 0.027179
0 0.658750 0.570759 0.047500 0.029991
0 0.528750 0.618557 0.030000 0.028116
0 0.593125 0.696345 0.028750 0.024367
0 0.746250 0.816776 0.040000 0.023430
0 0.840000 0.846298 0.025000 0.026242
0 0.744375 0.736645 0.033750 0.026242
0 0.745000 0.661668 0.045000 0.024367
0 0.843750 0.679944 0.050000 0.023430
