1 0.333750 0.369550 0.177500 0.092124
1 0.130625 0.650141 0.188750 0.107595
0 0.363125 0.632560 0.083750 0.052743
0 0.596250 0.418425 0.072500 0.071730
1 0.743125 0.411392 0.131250 0.140647
0 0.825625 0.418776 0.056250 0.051336
0 0.817500 0.789381 0.102500 0.038678
0 0.903750 0.451477 0.035000 0.035162
0 0.700625 0.774262 0.033750 0.019691
0 0.640625 0.758790 0.033750 0.018284
0 0.593750 0.772504 0.037500 0.017581
0 0.740000 0.762307 0.035000 0.018284
0 0.528125 0.764768 0.038750 0.021800
0 0.484375 0.772855 0.038750 0.019691
0 0.538750 0.783404 0.040000 0.008439
0 0.429375 0.761252 0.036250 0.020394
0 0.395000 0.772152 0.037500 0.009845
1 0.179375 0.513713 0.161250 0.097750
0 0.803125 0.776371 0.023750 0.015471
0 0.835625 0.773558 0.028750 0.011252
0 0.861250 0.787623 0.017500 0.015471
0 0.880000 0.783052 0.025000 0.009142
0 0.904375 0.802743 0.038750 0.018987
0 0.891875 0.789381 0.026250 0.009142
