1 0.723750 0.600211 0.182500 0.094937
1 0.781875 0.298523 0.193750 0.110408
0 0.568125 0.351617 0.086250 0.053446
0 0.447500 0.593179 0.077500 0.072433
1 0.310625 0.622714 0.138750 0.141350
0 0.226875 0.628692 0.058750 0.052039
0 0.054375 0.271800 0.103750 0.040084
0 0.135625 0.609353 0.036250 0.035865
0 0.172500 0.267932 0.035000 0.019691
0 0.239375 0.272855 0.033750 0.018284
0 0.278125 0.253165 0.038750 0.018284
0 0.141250 0.285162 0.035000 0.018987
0 0.343750 0.249648 0.040000 0.022504
0 0.381250 0.235232 0.040000 0.020394
0 0.325000 0.233826 0.040000 0.009142
0 0.440000 0.238397 0.037500 0.021097
0 0.468750 0.221871 0.037500 0.010549
1 0.802500 0.437412 0.165000 0.099859
0 0.073750 0.281294 0.025000 0.015471
0 0.043125 0.289381 0.028750 0.011955
0 0.011875 0.279536 0.018750 0.016174
0 0.004375 0.286920 0.008750 0.009845
