1 0.290000 0.608650 0.145000 0.090717
1 0.810000 0.688115 0.172500 0.094937
0 0.750000 0.560830 0.085000 0.041491
0 0.344375 0.456048 0.121250 0.033052
1 0.314375 0.375527 0.238750 0.057665
0 0.316875 0.328059 0.086250 0.026020
0 0.971250 0.287975 0.057500 0.054149
0 0.365000 0.280591 0.060000 0.015471
0 0.959375 0.354430 0.031250 0.016878
0 0.939375 0.390295 0.028750 0.016878
0 0.968750 0.414909 0.027500 0.019691
0 0.933125 0.334388 0.028750 0.017581
0 0.963750 0.452180 0.035000 0.019691
0 0.983125 0.475387 0.031250 0.019691
0 0.995000 0.444093 0.010000 0.021800
0 0.968750 0.507736 0.032500 0.018284
0 0.993125 0.525668 0.013750 0.020394
1 0.562331 0.677760 0.157163 0.079852
0 0.951063 0.297177 0.024625 0.012075
0 0.941469 0.279476 0.017937 0.014648
0 0.963194 0.263650 0.026387 0.008312
0 0.952037 0.253365 0.014075 0.013059
0 0.984719 0.237743 0.029438 0.019789
0 0.962037 0.246224 0.014075 0.014248
