0 0.812500 0.667643 0.042969 0.070278
0 0.768066 0.467057 0.030273 0.046852
0 0.749023 0.349195 0.029297 0.033675
0 0.668457 0.355051 0.020508 0.027818
0 0.679688 0.366032 0.017578 0.020498
0 0.692871 0.375549 0.030273 0.036603
0 0.720703 0.420937 0.031250 0.042460
0 0.742676 0.445095 0.024414 0.029283
0 0.750000 0.557101 0.050781 0.062958
0 0.703125 0.490483 0.064453 0.090776
0 0.667969 0.438507 0.023438 0.027818
0 0.686035 0.464861 0.022461 0.021962
0 0.659668 0.420205 0.022461 0.023426
0 0.649414 0.402635 0.017578 0.020498
0 0.609863 0.423133 0.018555 0.023426
0 0.624512 0.459736 0.014648 0.020498
0 0.616211 0.440703 0.017578 0.020498
0 0.646973 0.507321 0.028320 0.042460
0 0.658203 0.543924 0.037109 0.042460
0 0.674316 0.571742 0.038086 0.045388
0 0.697266 0.610542 0.025391 0.035139
0 0.716797 0.666911 0.048828 0.062958
0 0.748047 0.727672 0.039062 0.055637
0 0.807617 0.869693 0.042969 0.070278
0 0.710449 0.864568 0.045898 0.083455
0 0.682129 0.782577 0.030273 0.060029
0 0.661621 0.716691 0.028320 0.045388
0 0.645508 0.669107 0.052734 0.058565
0 0.633789 0.617862 0.029297 0.040996
0 0.613281 0.769400 0.037109 0.054173
0 0.628418 0.838946 0.030273 0.067350
0 0.641602 0.918009 0.050781 0.076135
0 0.589844 0.665447 0.048828 0.057101
0 0.578613 0.620791 0.026367 0.032211
0 0.578125 0.581991 0.023438 0.033675
0 0.616211 0.577599 0.027344 0.039531
0 0.605469 0.516105 0.027344 0.042460
0 0.607910 0.540264 0.024414 0.038067
0 0.589355 0.474378 0.022461 0.029283
0 0.584473 0.453880 0.016602 0.026354
0 0.558594 0.483895 0.015625 0.027818
0 0.566406 0.525622 0.019531 0.029283
0 0.533691 0.540264 0.016602 0.026354
0 0.538086 0.595168 0.021484 0.030747
0 0.542480 0.624451 0.018555 0.027818
0 0.553223 0.704978 0.020508 0.030747
0 0.558594 0.754758 0.027344 0.039531
0 0.508301 0.546852 0.030273 0.027818
0 0.506836 0.598829 0.019531 0.029283
0 0.480469 0.579795 0.019531 0.023426
0 0.480469 0.606149 0.011719 0.020498
0 0.506348 0.664714 0.018555 0.038067
0 0.482422 0.629575 0.017578 0.029283
0 0.461426 0.587848 0.016602 0.021962
0 0.457031 0.631772 0.015625 0.024890
0 0.438965 0.612738 0.016602 0.024890
0 0.434570 0.663250 0.011719 0.017570
0 0.479980 0.660322 0.018555 0.032211
0 0.510742 0.703514 0.021484 0.033675
0 0.479492 0.696925 0.017578 0.029283
0 0.511719 0.751830 0.023438 0.039531
0 0.478516 0.736457 0.021484 0.040996
0 0.514160 0.797950 0.028320 0.043924
0 0.564941 0.816252 0.040039 0.062958
0 0.569824 0.898243 0.047852 0.068814
0 0.473145 0.976574 0.024414 0.046852
0 0.475098 0.910688 0.028320 0.058565
0 0.480957 0.845534 0.024414 0.039531
0 0.474609 0.793558 0.025391 0.046852
0 0.450684 0.693997 0.018555 0.032211
0 0.450195 0.734993 0.013672 0.026354
0 0.447754 0.775256 0.016602 0.030747
0 0.444336 0.824305 0.017578 0.026354
0 0.438965 0.882870 0.024414 0.043924
0 0.438477 0.942899 0.035156 0.079063
0 0.396484 0.972182 0.056641 0.055637
0 0.375977 0.955344 0.023438 0.048316
0 0.345703 0.980966 0.029297 0.038067
0 0.336914 0.907028 0.019531 0.030747
0 0.326660 0.964129 0.020508 0.042460
0 0.312500 0.938507 0.013672 0.026354
0 0.382812 0.896047 0.015625 0.029283
0 0.411133 0.912152 0.031250 0.058565
0 0.412598 0.860908 0.014648 0.026354
0 0.419922 0.763543 0.017578 0.030747
0 0.416992 0.810395 0.021484 0.036603
0 0.396973 0.797218 0.014648 0.027818
0 0.378418 0.787701 0.012695 0.017570
0 0.362793 0.778184 0.020508 0.030747
0 0.373047 0.715959 0.015625 0.020498
0 0.388184 0.719619 0.020508 0.030747
0 0.407227 0.726208 0.013672 0.023426
0 0.401367 0.759883 0.013672 0.023426
0 0.427246 0.728404 0.010742 0.016105
0 0.414551 0.665447 0.014648 0.024890
0 0.432617 0.695461 0.031250 0.046852
