1 0.784375 0.884255 0.206250 0.164011
1 0.412500 0.575445 0.125000 0.099344
1 0.678125 0.656045 0.138750 0.106842
0 0.888125 0.281162 0.206250 0.215558
1 0.551250 0.775539 0.175000 0.130272
1 0.288125 0.458763 0.216250 0.149016
0 0.852500 0.031396 0.070000 0.059044
0 0.213750 0.261481 0.032500 0.022493
0 0.163750 0.299906 0.032500 0.024367
0 0.145625 0.384724 0.033750 0.021556
0 0.190000 0.314433 0.032500 0.023430
0 0.165625 0.234302 0.031250 0.022493
0 0.210625 0.193065 0.031250 0.026242
0 0.973750 0.517807 0.052500 0.105904
0 0.189375 0.539831 0.031250 0.022493
0 0.145625 0.506560 0.031250 0.021556
0 0.155625 0.856139 0.023750 0.021556
0 0.157500 0.726336 0.025000 0.018744
0 0.160000 0.598407 0.025000 0.019681
0 0.160625 0.688379 0.026250 0.017807
0 0.157500 0.768978 0.025000 0.021556
0 0.156875 0.812559 0.028750 0.020619
0 0.157500 0.900187 0.022500 0.023430
0 0.186875 0.705717 0.023750 0.020619
0 0.159375 0.636832 0.023750 0.019681
0 0.991250 0.798032 0.017500 0.027179
0 0.166250 0.448922 0.035000 0.020619
0 0.981875 0.714152 0.036250 0.193065
0 0.868750 0.472352 0.047500 0.046860
0 0.907500 0.459700 0.077500 0.042174
0 0.981250 0.368322 0.022500 0.026242
