1 0.660625 0.915651 0.228750 0.168697
1 0.391875 0.558575 0.138750 0.108716
1 0.627500 0.681350 0.152500 0.118088
0 0.912500 0.350984 0.175000 0.229616
1 0.467500 0.777413 0.192500 0.143393
1 0.305625 0.424086 0.236250 0.165886
0 0.971875 0.103093 0.056250 0.063730
0 0.293125 0.219775 0.036250 0.025305
0 0.233125 0.247891 0.036250 0.027179
0 0.189375 0.328022 0.036250 0.024367
0 0.253125 0.267104 0.036250 0.026242
0 0.253750 0.185098 0.035000 0.025305
0 0.310000 0.152296 0.035000 0.029053
0 0.956875 0.597938 0.068750 0.108716
0 0.185000 0.485942 0.035000 0.025305
0 0.153125 0.446111 0.033750 0.024367
0 0.057500 0.788660 0.027500 0.023430
0 0.098750 0.663543 0.027500 0.020619
0 0.138750 0.538425 0.027500 0.021556
0 0.113125 0.626523 0.028750 0.019681
0 0.085625 0.705248 0.028750 0.023430
0 0.071875 0.746485 0.031250 0.023430
0 0.045625 0.831771 0.026250 0.025305
0 0.133125 0.647610 0.026250 0.022493
0 0.126875 0.575914 0.026250 0.021556
0 0.890625 0.874414 0.023750 0.028116
0 0.190000 0.394096 0.037500 0.023430
0 0.916875 0.792409 0.088750 0.194002
0 0.867500 0.535145 0.055000 0.050609
0 0.910000 0.529522 0.082500 0.048735
