1 0.318125 0.284911 0.436250 0.224930
1 0.820625 0.821462 0.233750 0.152765
1 0.775625 0.300375 0.376250 0.199625
0 0.057500 0.370197 0.067500 0.046860
1 0.303750 0.778819 0.300000 0.142455
0 0.414375 0.491565 0.048750 0.034677
0 0.120000 0.434396 0.055000 0.038425
0 0.506875 0.477038 0.051250 0.048735
0 0.115625 0.468135 0.048750 0.036551
0 0.147500 0.537020 0.047500 0.035614
0 0.363125 0.521087 0.051250 0.052484
1 0.200625 0.195876 0.223750 0.183693
0 0.056250 0.527179 0.037500 0.029053
0 0.026250 0.656514 0.045000 0.029053
0 0.164375 0.440019 0.043750 0.030928
0 0.273125 0.539831 0.041250 0.026242
1 0.767500 0.853327 0.155000 0.079663
1 0.797500 0.531865 0.135000 0.149016
0 0.136875 0.567479 0.041250 0.032802
0 0.583125 0.463918 0.046250 0.048735
0 0.089375 0.608716 0.161250 0.051546
0 0.130625 0.157451 0.033750 0.033739
0 0.992500 0.414246 0.015000 0.033739
1 0.570625 0.170572 0.171250 0.093721
1 0.400000 0.795689 0.162500 0.078725
0 0.586875 0.679944 0.046250 0.059044
0 0.191875 0.851453 0.056250 0.019681
0 0.665625 0.232896 0.046250 0.029053
0 0.788125 0.554358 0.038750 0.038425
1 0.368125 0.164480 0.243750 0.105904
0 0.399375 0.553421 0.033750 0.027179
0 0.348125 0.615276 0.036250 0.027179
0 0.056250 0.527179 0.037500 0.029053
0 0.395000 0.584349 0.022500 0.015933
0 0.308125 0.395970 0.026250 0.019681
0 0.206250 0.474695 0.030000 0.021556
0 0.337500 0.460169 0.025000 0.020619
0 0.465625 0.412840 0.023750 0.019681
0 0.381875 0.314902 0.033750 0.026242
0 0.457500 0.442362 0.022500 0.016870
0 0.383750 0.284442 0.027500 0.023430
0 0.146875 0.124649 0.026250 0.028116
0 0.411250 0.325679 0.022500 0.025305
0 0.687500 0.553421 0.035000 0.027179
0 0.853125 0.327554 0.028750 0.021556
0 0.759375 0.324742 0.031250 0.019681
0 0.553750 0.519213 0.032500 0.028116
0 0.722500 0.494377 0.037500 0.025305
0 0.534375 0.608716 0.028750 0.021556
0 0.683750 0.434864 0.022500 0.018744
0 0.648125 0.433927 0.026250 0.022493
0 0.951250 0.590440 0.017500 0.016870
0 0.791250 0.357545 0.022500 0.014058
0 0.993125 0.534677 0.011250 0.015933
0 0.894375 0.380506 0.016250 0.013121
0 0.621250 0.370197 0.015000 0.011246
0 0.595625 0.624180 0.013750 0.014995
0 0.842500 0.485942 0.012500 0.010309
0 0.983125 0.652296 0.008750 0.007498
0 0.803750 0.328491 0.012500 0.008435
0 0.746250 0.157919 0.015000 0.008435
0 0.611875 0.204780 0.051250 0.021556
0 0.425625 0.344892 0.038750 0.028116
0 0.310000 0.737582 0.017500 0.011246
1 0.479375 0.676664 0.281250 0.118088
0 0.516875 0.565136 0.041250 0.029991
0 0.782500 0.580131 0.017500 0.011246
