1 0.774375 0.349133 0.271250 0.314011
1 0.094375 0.762418 0.188750 0.165886
1 0.785625 0.691659 0.241250 0.269916
0 0.641875 0.159794 0.058750 0.047798
1 0.116250 0.372540 0.170000 0.216495
0 0.505625 0.435333 0.043750 0.034677
0 0.561250 0.211340 0.047500 0.038425
0 0.531875 0.503280 0.061250 0.035614
0 0.515625 0.210403 0.046250 0.034677
0 0.426250 0.238988 0.045000 0.033739
0 0.462500 0.398782 0.067500 0.034677
1 0.884375 0.254452 0.231250 0.156514
0 0.433125 0.169634 0.036250 0.026242
0 0.259375 0.156514 0.036250 0.031865
0 0.556875 0.244142 0.038750 0.030928
0 0.431250 0.333177 0.032500 0.029053
1 0.049375 0.723993 0.096250 0.111528
1 0.478125 0.724461 0.191250 0.091846
0 0.385625 0.232896 0.041250 0.029053
0 0.553750 0.559513 0.062500 0.031865
0 0.327500 0.200562 0.057500 0.118088
0 0.930000 0.199157 0.042500 0.023430
0 0.648125 0.874414 0.043750 0.031865
1 0.942887 0.530066 0.113275 0.122924
1 0.099375 0.445642 0.093750 0.117151
0 0.266863 0.576776 0.076225 0.030778
0 0.011250 0.293346 0.022500 0.041237
0 0.866875 0.604967 0.036250 0.032802
0 0.448125 0.718838 0.048750 0.026242
1 0.937500 0.377774 0.125000 0.176354
0 0.421875 0.427835 0.033750 0.023430
0 0.336875 0.394096 0.033750 0.025305
0 0.433125 0.169634 0.036250 0.026242
0 0.381250 0.426898 0.020000 0.015933
0 0.625000 0.348641 0.025000 0.018744
0 0.513125 0.277882 0.026250 0.021556
0 0.541875 0.375351 0.026250 0.017807
0 0.613750 0.467666 0.025000 0.016870
0 0.738750 0.398782 0.032500 0.023430
0 0.574375 0.464386 0.021250 0.015933
0 0.778750 0.397376 0.030000 0.018744
0 0.975625 0.209466 0.036250 0.017807
0 0.726250 0.420806 0.032500 0.014995
0 0.441875 0.643861 0.033750 0.024367
0 0.753750 0.751640 0.027500 0.020619
0 0.751875 0.681350 0.023750 0.022493
0 0.478750 0.541706 0.035000 0.022493
0 0.523125 0.665417 0.031250 0.026242
0 0.357500 0.533271 0.027500 0.020619
0 0.599375 0.633083 0.023750 0.015933
0 0.598125 0.605904 0.028750 0.017807
0 0.411875 0.843955 0.021250 0.012184
0 0.710000 0.708060 0.017500 0.015933
0 0.487500 0.873477 0.020000 0.011246
0 0.686875 0.786317 0.016250 0.011246
0 0.681875 0.581537 0.013750 0.010309
0 0.341875 0.580131 0.018750 0.009372
0 0.542500 0.754920 0.012500 0.008435
0 0.331250 0.873008 0.010000 0.006560
0 0.749825 0.714452 0.009650 0.008097
0 0.972325 0.660169 0.009650 0.010122
0 0.900231 0.563027 0.025463 0.037020
0 0.702444 0.433599 0.034888 0.027460
0 0.170725 0.373435 0.013950 0.012099
1 0.264325 0.496888 0.138650 0.204649
0 0.415000 0.517052 0.037500 0.029419
0 0.413406 0.716621 0.014312 0.012437
